Tiempo (min),I pulso (mA),I bias (mA),Vinst 1 (V),Rinst 1 (Ohm),Rrem 1 (Ohm),Vbias 1 (V),Vinst 2 (V),Rinst 2 (Ohm),Rrem 2 (Ohm),Vbias 2 (V),Ancho pulso (s),Periodo (s),Vcc (V),Vrange,NPLC,Ch2?,N bias
0.0269,1e-05,1e-05,0.2343,23430000.0,45370000.0,0.4537,nan,nan,nan,nan,0.07,1.0,20.0,10 V,0.02,False,1
0.0677,6e-05,1e-05,1.7422,29036666.666666664,148090000.0,1.4809,nan,nan,nan,nan,0.07,1.0,20.0,10 V,0.02,False,1
0.1083,0.00011,1e-05,2.8739,26126363.636363633,155460000.0,1.5546,nan,nan,nan,nan,0.07,1.0,20.0,10 V,0.02,False,1
0.1489,0.00016,1e-05,0.0297,185625.0,-110000.0,-0.0011,nan,nan,nan,nan,0.07,1.0,20.0,10 V,0.02,False,1
0.1893,0.00021,1e-05,0.0341,162380.95238095237,490000.0,0.0049,nan,nan,nan,nan,0.07,1.0,20.0,10 V,0.02,False,1
0.2300,0.00026000000000000003,1e-05,0.0517,198846.15384615381,990000.0000000001,0.0099,nan,nan,nan,nan,0.07,1.0,20.0,10 V,0.02,False,1
0.2706,0.0003,1e-05,0.0357,119000.00000000001,1039999.9999999999,0.0104,nan,nan,nan,nan,0.07,1.0,20.0,10 V,0.02,False,1
0.3110,0.00024999999999999995,1e-05,0.0418,167200.00000000003,110000.0,0.0011,nan,nan,nan,nan,0.07,1.0,20.0,10 V,0.02,False,1
0.3516,0.00019999999999999996,1e-05,0.0291,145500.00000000003,110000.0,0.0011,nan,nan,nan,nan,0.07,1.0,20.0,10 V,0.02,False,1
0.3924,0.00014999999999999996,1e-05,0.0165,110000.00000000003,1150000.0,0.0115,nan,nan,nan,nan,0.07,1.0,20.0,10 V,0.02,False,1
0.4332,9.999999999999996e-05,1e-05,0.0231,231000.00000000006,990000.0000000001,0.0099,nan,nan,nan,nan,0.07,1.0,20.0,10 V,0.02,False,1
0.4738,4.999999999999996e-05,1e-05,0.0077,154000.00000000012,-929999.9999999999,-0.0093,nan,nan,nan,nan,0.07,1.0,20.0,10 V,0.02,False,1
0.5145,-1e-05,1e-05,-0.0033,330000.0,-770000.0,-0.0077,nan,nan,nan,nan,0.07,1.0,20.0,10 V,0.02,False,1
0.5551,-6e-05,1e-05,-0.0148,246666.66666666666,-160000.0,-0.0016,nan,nan,nan,nan,0.07,1.0,20.0,10 V,0.02,False,1
0.5958,-0.00011,1e-05,-0.0165,150000.0,110000.0,0.0011,nan,nan,nan,nan,0.07,1.0,20.0,10 V,0.02,False,1
