Tiempo (min),I pulso (mA),I bias (mA),Vinst 1 (V),Rinst 1 (Ohm),Rrem 1 (Ohm),Vbias 1 (V),Vinst 2 (V),Rinst 2 (Ohm),Rrem 2 (Ohm),Vbias 2 (V),Ancho pulso (s),Periodo (s),Vcc (V),Vrange,NPLC,Ch2?,N bias
0.0296,1e-05,0.0001,0.0094202,942020.0,887794.9999999999,0.0887795,nan,nan,nan,nan,0.1,1.0,12.0,10 V,2.0,False,1
0.0727,0.00011,0.0001,0.0960715,873377.2727272727,886364.9999999999,0.0886365,nan,nan,nan,nan,0.1,1.0,12.0,10 V,2.0,False,1
0.1156,0.00021,0.0001,0.1660327,790631.9047619047,833462.9999999999,0.0833463,nan,nan,nan,nan,0.1,1.0,12.0,10 V,2.0,False,1
0.1588,0.00031,0.0001,0.2189739,706367.4193548387,841766.9999999999,0.0841767,nan,nan,nan,nan,0.1,1.0,12.0,10 V,2.0,False,1
0.2018,0.00041,0.0001,0.2820886,688020.9756097562,959779.9999999999,0.095978,nan,nan,nan,nan,0.1,1.0,12.0,10 V,2.0,False,1
0.2449,0.00051,0.0001,0.3203082,628055.2941176469,933989.0,0.0933989,nan,nan,nan,nan,0.1,1.0,12.0,10 V,2.0,False,1
0.2880,0.0006100000000000001,0.0001,0.361162,592068.8524590163,959615.0,0.0959615,nan,nan,nan,nan,0.1,1.0,12.0,10 V,2.0,False,1
0.3310,0.0007100000000000001,0.0001,0.4119143,580160.9859154929,1231606.9999999998,0.1231607,nan,nan,nan,nan,0.1,1.0,12.0,10 V,2.0,False,1
0.3741,0.0008100000000000002,0.0001,0.4400816,543310.6172839506,1332792.9999999998,0.1332793,nan,nan,nan,nan,0.1,1.0,12.0,10 V,2.0,False,1
0.4170,0.0009100000000000002,0.0001,0.4637612,509627.69230769214,1339171.9999999998,0.1339172,nan,nan,nan,nan,0.1,1.0,12.0,10 V,2.0,False,1
0.4596,0.001,0.0001,0.4919118,491911.80000000005,865743.0,0.0865743,nan,nan,nan,nan,0.1,1.0,12.0,10 V,2.0,False,1
0.5024,0.0009,0.0001,0.4425507,491723.00000000006,1278569.9999999998,0.127857,nan,nan,nan,nan,0.1,1.0,12.0,10 V,2.0,False,1
0.5454,0.0007999999999999999,0.0001,0.4438815,554851.875,1303701.9999999998,0.1303702,nan,nan,nan,nan,0.1,1.0,12.0,10 V,2.0,False,1
0.5884,0.0006999999999999999,0.0001,0.3877067,553866.7142857144,1442556.9999999998,0.1442557,nan,nan,nan,nan,0.1,1.0,12.0,10 V,2.0,False,1
0.6315,0.0005999999999999998,0.0001,0.4215877,702646.1666666669,1750513.9999999998,0.1750514,nan,nan,nan,nan,0.1,1.0,12.0,10 V,2.0,False,1
0.6746,0.0004999999999999998,0.0001,0.400234,800468.0000000003,1523451.0,0.1523451,nan,nan,nan,nan,0.1,1.0,12.0,10 V,2.0,False,1
0.7177,0.0003999999999999998,0.0001,0.3273307,818326.7500000003,1460484.9999999998,0.1460485,nan,nan,nan,nan,0.1,1.0,12.0,10 V,2.0,False,1
0.7607,0.0002999999999999998,0.0001,0.3084299,1028099.6666666672,1616607.9999999998,0.1616608,nan,nan,nan,nan,0.1,1.0,12.0,10 V,2.0,False,1
0.8038,0.00019999999999999982,0.0001,0.2347622,1173811.000000001,1518996.9999999998,0.1518997,nan,nan,nan,nan,0.1,1.0,12.0,10 V,2.0,False,1
0.8466,9.999999999999982e-05,0.0001,0.1562825,1562825.0000000026,1669016.0,0.1669016,nan,nan,nan,nan,0.1,1.0,12.0,10 V,2.0,False,1
0.8893,-1e-05,0.0001,-0.0187194,1871940.0,1292538.0,0.1292538,nan,nan,nan,nan,0.1,1.0,12.0,10 V,2.0,False,1
0.9323,-0.00011,0.0001,-0.1534891,1395355.4545454544,1476487.9999999998,0.1476488,nan,nan,nan,nan,0.1,1.0,12.0,10 V,2.0,False,1
0.9753,-0.00021,0.0001,-0.2887318,1374913.3333333333,1544457.9999999998,0.1544458,nan,nan,nan,nan,0.1,1.0,12.0,10 V,2.0,False,1
1.0184,-0.00031,0.0001,-0.2953364,952698.0645161291,1650427.9999999998,0.1650428,nan,nan,nan,nan,0.1,1.0,12.0,10 V,2.0,False,1
1.0616,-0.00041,0.0001,-0.3616021,881956.3414634146,1291769.0,0.1291769,nan,nan,nan,nan,0.1,1.0,12.0,10 V,2.0,False,1
1.1049,-0.00051,0.0001,-0.372639,730664.7058823528,1365953.0,0.1365953,nan,nan,nan,nan,0.1,1.0,12.0,10 V,2.0,False,1
1.1480,-0.0006100000000000001,0.0001,-0.4583557,751402.7868852457,1186953.0,0.1186953,nan,nan,nan,nan,0.1,1.0,12.0,10 V,2.0,False,1
1.1911,-0.0007100000000000001,0.0001,-0.520574,733202.8169014083,1409616.9999999998,0.1409617,nan,nan,nan,nan,0.1,1.0,12.0,10 V,2.0,False,1
1.2341,-0.0008100000000000002,0.0001,-0.6343641,783165.5555555554,2099826.9999999995,0.2099827,nan,nan,nan,nan,0.1,1.0,12.0,10 V,2.0,False,1
1.2773,-0.0009100000000000002,0.0001,-0.6588906,724055.6043956041,1743639.9999999998,0.174364,nan,nan,nan,nan,0.1,1.0,12.0,10 V,2.0,False,1
1.3203,-0.001,0.0001,-0.7640689,764068.9000000001,2780906.0,0.2780906,nan,nan,nan,nan,0.1,1.0,12.0,10 V,2.0,False,1
1.3634,-0.0009,0.0001,-0.7027855,780872.7777777778,2145031.0,0.2145031,nan,nan,nan,nan,0.1,1.0,12.0,10 V,2.0,False,1
1.4065,-0.0007999999999999999,0.0001,-0.7018726,877340.75,2546584.0,0.2546584,nan,nan,nan,nan,0.1,1.0,12.0,10 V,2.0,False,1
1.4496,-0.0006999999999999999,0.0001,-0.699057,998652.8571428574,2448643.0,0.2448643,nan,nan,nan,nan,0.1,1.0,12.0,10 V,2.0,False,1
1.4927,-0.0005999999999999998,0.0001,-0.7068109,1178018.166666667,3161398.0,0.3161398,nan,nan,nan,nan,0.1,1.0,12.0,10 V,2.0,False,1
1.5357,-0.0004999999999999998,0.0001,-0.6636475,1327295.0000000005,2662947.9999999995,0.2662948,nan,nan,nan,nan,0.1,1.0,12.0,10 V,2.0,False,1
1.5788,-0.0003999999999999998,0.0001,-0.6429649,1607412.2500000007,3309876.9999999995,0.3309877,nan,nan,nan,nan,0.1,1.0,12.0,10 V,2.0,False,1
1.6219,-0.0002999999999999998,0.0001,-0.5134195,1711398.3333333344,3076214.9999999995,0.3076215,nan,nan,nan,nan,0.1,1.0,12.0,10 V,2.0,False,1
1.6649,-0.00019999999999999982,0.0001,-0.4373322,2186661.000000002,3190874.0,0.3190874,nan,nan,nan,nan,0.1,1.0,12.0,10 V,2.0,False,1
1.7080,-9.999999999999982e-05,0.0001,-0.3382084,3382084.000000006,3110585.0,0.3110585,nan,nan,nan,nan,0.1,1.0,12.0,10 V,2.0,False,1
1.7510,1e-05,0.0001,0.1013618,10136180.0,3221394.0,0.3221394,nan,nan,nan,nan,0.1,1.0,12.0,10 V,2.0,False,1
1.7940,0.00011,0.0001,0.332753,3025027.272727273,3265167.9999999995,0.3265168,nan,nan,nan,nan,0.1,1.0,12.0,10 V,2.0,False,1
1.8370,0.00021,0.0001,0.4791261,2281552.8571428573,3735901.9999999995,0.3735902,nan,nan,nan,nan,0.1,1.0,12.0,10 V,2.0,False,1
1.8800,0.00031,0.0001,0.5235213,1688778.387096774,3147650.0,0.314765,nan,nan,nan,nan,0.1,1.0,12.0,10 V,2.0,False,1
1.9230,0.00041,0.0001,0.5871144,1431986.3414634147,3329618.9999999995,0.3329619,nan,nan,nan,nan,0.1,1.0,12.0,10 V,2.0,False,1
1.9661,0.00051,0.0001,0.6557176,1285720.7843137253,3306356.9999999995,0.3306357,nan,nan,nan,nan,0.1,1.0,12.0,10 V,2.0,False,1
2.0092,0.0006100000000000001,0.0001,0.6652312,1090542.950819672,3175915.9999999995,0.3175916,nan,nan,nan,nan,0.1,1.0,12.0,10 V,2.0,False,1
2.0522,0.0007100000000000001,0.0001,0.7105504,1000775.2112676054,3310206.9999999995,0.3310207,nan,nan,nan,nan,0.1,1.0,12.0,10 V,2.0,False,1
2.0952,0.0008100000000000002,0.0001,0.7513711,927618.6419753084,3341881.9999999995,0.3341882,nan,nan,nan,nan,0.1,1.0,12.0,10 V,2.0,False,1
2.1383,0.0009100000000000002,0.0001,0.8100974,890216.9230769228,3431574.9999999995,0.3431575,nan,nan,nan,nan,0.1,1.0,12.0,10 V,2.0,False,1
2.1813,0.001,0.0001,0.834085,834085.0,3403529.0,0.3403529,nan,nan,nan,nan,0.1,1.0,12.0,10 V,2.0,False,1
2.2244,0.0009,0.0001,0.7867312,874145.7777777778,3381586.9999999995,0.3381587,nan,nan,nan,nan,0.1,1.0,12.0,10 V,2.0,False,1
2.2675,0.0007999999999999999,0.0001,0.7449645,931205.6250000001,3611124.9999999995,0.3611125,nan,nan,nan,nan,0.1,1.0,12.0,10 V,2.0,False,1
2.3105,0.0006999999999999999,0.0001,0.7616822,1088117.4285714286,3786714.9999999995,0.3786715,nan,nan,nan,nan,0.1,1.0,12.0,10 V,2.0,False,1
2.3536,0.0005999999999999998,0.0001,0.7183978,1197329.666666667,3560807.0,0.3560807,nan,nan,nan,nan,0.1,1.0,12.0,10 V,2.0,False,1
2.3966,0.0004999999999999998,0.0001,0.6360523,1272104.6000000006,3406992.9999999995,0.3406993,nan,nan,nan,nan,0.1,1.0,12.0,10 V,2.0,False,1
2.4397,0.0003999999999999998,0.0001,0.6090618,1522654.5000000007,3327584.0,0.3327584,nan,nan,nan,nan,0.1,1.0,12.0,10 V,2.0,False,1
2.4828,0.0002999999999999998,0.0001,0.5431811,1810603.6666666677,3363824.0,0.3363824,nan,nan,nan,nan,0.1,1.0,12.0,10 V,2.0,False,1
2.5259,0.00019999999999999982,0.0001,0.4780647,2390323.500000002,3447687.9999999995,0.3447688,nan,nan,nan,nan,0.1,1.0,12.0,10 V,2.0,False,1
2.5690,9.999999999999982e-05,0.0001,0.3365859,3365859.000000006,3362835.0,0.3362835,nan,nan,nan,nan,0.1,1.0,12.0,10 V,2.0,False,1
2.6120,-1e-05,0.0001,-0.0735962,7359620.0,3388571.0,0.3388571,nan,nan,nan,nan,0.1,1.0,12.0,10 V,2.0,False,1
2.6550,-0.00011,0.0001,-0.3431027,3119115.454545454,3302178.0,0.3302178,nan,nan,nan,nan,0.1,1.0,12.0,10 V,2.0,False,1
4.7924,-0.00031,0.0001,-0.6278658,2025373.548387097,3403656.9999999995,0.3403657,nan,nan,nan,nan,0.1,1.0,12.0,10 V,0.2,False,1
4.8343,-0.00041,0.0001,-0.7061015,1722198.7804878051,3794468.9999999995,0.3794469,nan,nan,nan,nan,0.1,1.0,12.0,10 V,0.2,False,1
4.8762,-0.00051,0.0001,-0.7371905,1445471.5686274506,3562034.9999999995,0.3562035,nan,nan,nan,nan,0.1,1.0,12.0,10 V,0.2,False,1
4.9179,-0.0006100000000000001,0.0001,-0.7594073,1244929.9999999998,3476980.0,0.347698,nan,nan,nan,nan,0.1,1.0,12.0,10 V,0.2,False,1
4.9598,-0.0007100000000000001,0.0001,-0.7758317,1092720.7042253518,3471848.0,0.3471848,nan,nan,nan,nan,0.1,1.0,12.0,10 V,0.2,False,1
5.0017,-0.0008100000000000002,0.0001,-0.7874901,972209.9999999998,3188820.9999999995,0.3188821,nan,nan,nan,nan,0.1,1.0,12.0,10 V,0.2,False,1
5.0435,-0.0009100000000000002,0.0001,-0.8189456,899940.2197802196,3595030.0,0.359503,nan,nan,nan,nan,0.1,1.0,12.0,10 V,0.2,False,1
5.0853,-0.001,0.0001,-0.8304574,830457.4,2947587.9999999995,0.2947588,nan,nan,nan,nan,0.1,1.0,12.0,10 V,0.2,False,1
5.1272,-0.0009,0.0001,-0.8031812,892423.5555555556,3044374.0,0.3044374,nan,nan,nan,nan,0.1,1.0,12.0,10 V,0.2,False,1
5.1691,-0.0007999999999999999,0.0001,-0.7091811,886476.375,2294279.9999999995,0.229428,nan,nan,nan,nan,0.1,1.0,12.0,10 V,0.2,False,1
5.2109,-0.0006999999999999999,0.0001,-0.7560345,1080049.285714286,3024576.9999999995,0.3024577,nan,nan,nan,nan,0.1,1.0,12.0,10 V,0.2,False,1
5.2528,-0.0005999999999999998,0.0001,-0.7031686,1171947.666666667,2786276.9999999995,0.2786277,nan,nan,nan,nan,0.1,1.0,12.0,10 V,0.2,False,1
5.2945,-0.0004999999999999998,0.0001,-0.7032419,1406483.8000000005,2644764.0,0.2644764,nan,nan,nan,nan,0.1,1.0,12.0,10 V,0.2,False,1
5.3362,-0.0003999999999999998,0.0001,-0.6544821,1636205.2500000007,2976184.0,0.2976184,nan,nan,nan,nan,0.1,1.0,12.0,10 V,0.2,False,1
5.3778,-0.0002999999999999998,0.0001,-0.6178938,2059646.0000000014,2825871.9999999995,0.2825872,nan,nan,nan,nan,0.1,1.0,12.0,10 V,0.2,False,1
5.4195,-0.00019999999999999982,0.0001,-0.5859249,2929624.5000000023,2898460.9999999995,0.2898461,nan,nan,nan,nan,0.1,1.0,12.0,10 V,0.2,False,1
5.4610,-9.999999999999982e-05,0.0001,-0.4018106,4018106.0000000075,2644031.0,0.2644031,nan,nan,nan,nan,0.1,1.0,12.0,10 V,0.2,False,1
5.5026,1e-05,0.0001,0.0957599,9575990.0,2707821.9999999995,0.2707822,nan,nan,nan,nan,0.1,1.0,12.0,10 V,0.2,False,1
5.5441,0.00011,0.0001,0.2971784,2701621.8181818184,2847135.0,0.2847135,nan,nan,nan,nan,0.1,1.0,12.0,10 V,0.2,False,1
5.5857,0.00021,0.0001,0.3805467,1812127.142857143,3127229.0,0.3127229,nan,nan,nan,nan,0.1,1.0,12.0,10 V,0.2,False,1
5.6273,0.00031,0.0001,0.4410384,1422704.5161290322,2913125.9999999995,0.2913126,nan,nan,nan,nan,0.1,1.0,12.0,10 V,0.2,False,1
5.6689,0.00041,0.0001,0.5799123,1414420.2439024393,2595637.0,0.2595637,nan,nan,nan,nan,0.1,1.0,12.0,10 V,0.2,False,1
5.7106,0.00051,0.0001,0.6071151,1190421.7647058822,2611034.9999999995,0.2611035,nan,nan,nan,nan,0.1,1.0,12.0,10 V,0.2,False,1
5.7522,0.0006100000000000001,0.0001,0.6281588,1029768.5245901638,3092767.0,0.3092767,nan,nan,nan,nan,0.1,1.0,12.0,10 V,0.2,False,1
5.7947,0.0007100000000000001,0.0001,0.6817949,960274.5070422533,2978822.9999999995,0.2978823,nan,nan,nan,nan,0.1,1.0,12.0,10 V,1.0,False,1
5.8370,0.0008100000000000002,0.0001,0.7462349,921277.6543209875,3018417.9999999995,0.3018418,nan,nan,nan,nan,0.1,1.0,12.0,10 V,1.0,False,1
5.8794,0.0009100000000000002,0.0001,0.6512852,715698.0219780217,2742686.9999999995,0.2742687,nan,nan,nan,nan,0.1,1.0,12.0,10 V,1.0,False,1
5.9217,0.001,0.0001,0.7981476,798147.6,2665368.0,0.2665368,nan,nan,nan,nan,0.1,1.0,12.0,10 V,1.0,False,1
5.9641,0.0009,0.0001,0.74519,827988.888888889,3419532.0,0.3419532,nan,nan,nan,nan,0.1,1.0,12.0,10 V,1.0,False,1
6.0065,0.0007999999999999999,0.0001,0.823356,1029195.0,3705930.9999999995,0.3705931,nan,nan,nan,nan,0.1,1.0,12.0,10 V,1.0,False,1
6.0488,0.0006999999999999999,0.0001,0.7693976,1099139.4285714289,3330774.0,0.3330774,nan,nan,nan,nan,0.1,1.0,12.0,10 V,1.0,False,1
6.0912,0.0005999999999999998,0.0001,0.6774505,1129084.1666666667,3536004.9999999995,0.3536005,nan,nan,nan,nan,0.1,1.0,12.0,10 V,1.0,False,1
6.1335,0.0004999999999999998,0.0001,0.6204122,1240824.4000000006,3251255.0,0.3251255,nan,nan,nan,nan,0.1,1.0,12.0,10 V,1.0,False,1
6.1760,0.0003999999999999998,0.0001,0.5819396,1454849.0000000007,3231017.9999999995,0.3231018,nan,nan,nan,nan,0.1,1.0,12.0,10 V,1.0,False,1
6.2184,0.0002999999999999998,0.0001,0.5120335,1706778.3333333344,3309876.9999999995,0.3309877,nan,nan,nan,nan,0.1,1.0,12.0,10 V,1.0,False,1
6.2608,0.00019999999999999982,0.0001,0.4195035,2097517.5000000014,3515877.9999999995,0.3515878,nan,nan,nan,nan,0.1,1.0,12.0,10 V,1.0,False,1
6.3032,9.999999999999982e-05,0.0001,0.3513678,3513678.000000006,3582748.9999999995,0.3582749,nan,nan,nan,nan,0.1,1.0,12.0,10 V,1.0,False,1
6.3457,-1e-05,0.0001,-0.1573551,15735510.0,3224749.0,0.3224749,nan,nan,nan,nan,0.1,1.0,12.0,10 V,1.0,False,1
6.3881,-0.00011,0.0001,-0.4350005,3954550.0,3622782.9999999995,0.3622783,nan,nan,nan,nan,0.1,1.0,12.0,10 V,1.0,False,1
6.4306,-0.00021,0.0001,-0.5646173,2688653.8095238092,3271272.0,0.3271272,nan,nan,nan,nan,0.1,1.0,12.0,10 V,1.0,False,1
6.4728,-0.00031,0.0001,-0.6098209,1967164.1935483871,2917011.9999999995,0.2917012,nan,nan,nan,nan,0.1,1.0,12.0,10 V,1.0,False,1
6.5152,-0.00041,0.0001,-0.6614698,1613340.975609756,3365198.9999999995,0.3365199,nan,nan,nan,nan,0.1,1.0,12.0,10 V,1.0,False,1
6.5576,-0.00051,0.0001,-0.6299262,1235149.4117647056,2945278.0,0.2945278,nan,nan,nan,nan,0.1,1.0,12.0,10 V,1.0,False,1
6.6001,-0.0006100000000000001,0.0001,-0.7181228,1177250.4918032784,2877527.9999999995,0.2877528,nan,nan,nan,nan,0.1,1.0,12.0,10 V,1.0,False,1
6.6426,-0.0007100000000000001,0.0001,-0.7377111,1039029.7183098588,2867409.0,0.2867409,nan,nan,nan,nan,0.1,1.0,12.0,10 V,1.0,False,1
6.6848,-0.0008100000000000002,0.0001,-0.7336196,905703.209876543,2841782.9999999995,0.2841783,nan,nan,nan,nan,0.1,1.0,12.0,10 V,1.0,False,1
6.7271,-0.0009100000000000002,0.0001,-0.7796042,856707.9120879117,2877087.9999999995,0.2877088,nan,nan,nan,nan,0.1,1.0,12.0,10 V,1.0,False,1
6.7695,-0.001,0.0001,-0.7848724,784872.4,2733227.9999999995,0.2733228,nan,nan,nan,nan,0.1,1.0,12.0,10 V,1.0,False,1
6.8118,-0.0009,0.0001,-0.7659441,851049.0,2737186.9999999995,0.2737187,nan,nan,nan,nan,0.1,1.0,12.0,10 V,1.0,False,1
6.8540,-0.0007999999999999999,0.0001,-0.7364462,920557.7500000001,2797679.0,0.2797679,nan,nan,nan,nan,0.1,1.0,12.0,10 V,1.0,False,1
6.8963,-0.0006999999999999999,0.0001,-0.7209824,1029974.8571428574,2790420.0,0.279042,nan,nan,nan,nan,0.1,1.0,12.0,10 V,1.0,False,1
6.9387,-0.0005999999999999998,0.0001,-0.6684978,1114163.0000000002,2467064.9999999995,0.2467065,nan,nan,nan,nan,0.1,1.0,12.0,10 V,1.0,False,1
6.9810,-0.0004999999999999998,0.0001,-0.6212483,1242496.6000000006,3069891.0,0.3069891,nan,nan,nan,nan,0.1,1.0,12.0,10 V,1.0,False,1
7.0234,-0.0003999999999999998,0.0001,-0.5674549,1418637.2500000007,2917341.9999999995,0.2917342,nan,nan,nan,nan,0.1,1.0,12.0,10 V,1.0,False,1
7.0659,-0.0002999999999999998,0.0001,-0.509482,1698273.3333333342,2553292.9999999995,0.2553293,nan,nan,nan,nan,0.1,1.0,12.0,10 V,1.0,False,1
7.1083,-0.00019999999999999982,0.0001,-0.466896,2334480.000000002,2832984.0,0.2832984,nan,nan,nan,nan,0.1,1.0,20.0,10 V,1.0,False,1
7.1514,-9.999999999999982e-05,0.0001,-0.3515,3515000.000000006,2916792.0,0.2916792,nan,nan,nan,nan,0.1,1.0,20.0,10 V,1.0,False,1
7.1938,1e-05,0.0001,0.0672446,6724460.0,2958915.9999999995,0.2958916,nan,nan,nan,nan,0.1,1.0,20.0,10 V,1.0,False,1
7.2363,0.00011,0.0001,0.3163927,2876297.272727273,2937798.9999999995,0.2937799,nan,nan,nan,nan,0.1,1.0,20.0,10 V,1.0,False,1
7.2787,0.00021,0.0001,0.4265535,2031207.1428571427,2928999.9999999995,0.2929,nan,nan,nan,nan,0.1,1.0,20.0,10 V,1.0,False,1
7.3211,0.00031,0.0001,0.4518169,1457473.870967742,2936149.0,0.2936149,nan,nan,nan,nan,0.1,1.0,20.0,10 V,1.0,False,1
7.3635,0.00041,0.0001,0.5503191,1342241.7073170731,3150068.9999999995,0.3150069,nan,nan,nan,nan,0.1,1.0,20.0,10 V,1.0,False,1
7.4060,0.00051,0.0001,0.5801249,1137499.8039215684,2962326.0,0.2962326,nan,nan,nan,nan,0.1,1.0,20.0,10 V,1.0,False,1
7.4485,0.0006100000000000001,0.0001,0.6202583,1016816.8852459015,3045914.0,0.3045914,nan,nan,nan,nan,0.1,1.0,20.0,10 V,1.0,False,1
7.4908,0.0007100000000000001,0.0001,0.745025,1049330.9859154928,2936809.0,0.2936809,nan,nan,nan,nan,0.1,1.0,20.0,10 V,1.0,False,1
7.5331,0.0008100000000000002,0.0001,0.7866542,971178.0246913577,3738267.0,0.3738267,nan,nan,nan,nan,0.1,1.0,20.0,10 V,1.0,False,1
7.5756,0.0009100000000000002,0.0001,0.8253907,907022.747252747,3525776.9999999995,0.3525777,nan,nan,nan,nan,0.1,1.0,20.0,10 V,1.0,False,1
7.6180,0.001,0.0001,0.9256529,925652.9,4102095.9999999995,0.4102096,nan,nan,nan,nan,0.1,1.0,20.0,10 V,1.0,False,1
7.6604,0.0009,0.0001,0.8968809,996534.3333333334,3639391.0,0.3639391,nan,nan,nan,nan,0.1,1.0,20.0,10 V,1.0,False,1
7.7029,0.0007999999999999999,0.0001,0.8928775,1116096.875,4076028.9999999995,0.4076029,nan,nan,nan,nan,0.1,1.0,20.0,10 V,1.0,False,1
7.7453,0.0006999999999999999,0.0001,0.8609929,1229989.8571428573,3909733.0,0.3909733,nan,nan,nan,nan,0.1,1.0,20.0,10 V,1.0,False,1
7.7877,0.0005999999999999998,0.0001,0.7944851,1324141.8333333337,3521376.9999999995,0.3521377,nan,nan,nan,nan,0.1,1.0,20.0,10 V,1.0,False,1
7.8301,0.0004999999999999998,0.0001,0.7538788,1507757.6000000006,3872447.9999999995,0.3872448,nan,nan,nan,nan,0.1,1.0,20.0,10 V,1.0,False,1
7.8725,0.0003999999999999998,0.0001,0.7246009,1811502.2500000007,4331634.999999999,0.4331635,nan,nan,nan,nan,0.1,1.0,20.0,10 V,1.0,False,1
7.9148,0.0002999999999999998,0.0001,0.6173217,2057739.0000000012,4311947.999999999,0.4311948,nan,nan,nan,nan,0.1,1.0,20.0,10 V,1.0,False,1
7.9573,0.00019999999999999982,0.0001,0.5604157,2802078.5000000023,4241887.999999999,0.4241888,nan,nan,nan,nan,0.1,1.0,20.0,10 V,1.0,False,1
7.9998,9.999999999999982e-05,0.0001,0.4267294,4267294.000000007,4166876.9999999995,0.4166877,nan,nan,nan,nan,0.1,1.0,20.0,10 V,1.0,False,1
8.0423,-1e-05,0.0001,-0.1312778,13127780.0,4364081.0,0.4364081,nan,nan,nan,nan,0.1,1.0,20.0,10 V,1.0,False,1
8.0847,-0.00011,0.0001,-0.4349235,3953850.0,4102645.9999999995,0.4102646,nan,nan,nan,nan,0.1,1.0,20.0,10 V,1.0,False,1
8.1271,-0.00021,0.0001,-0.5519031,2628110.0,3884875.9999999995,0.3884876,nan,nan,nan,nan,0.1,1.0,20.0,10 V,1.0,False,1
8.1696,-0.00031,0.0001,-0.5955449,1921112.5806451614,3809536.9999999995,0.3809537,nan,nan,nan,nan,0.1,1.0,20.0,10 V,1.0,False,1
8.2122,-0.00041,0.0001,-0.6550687,1597728.5365853657,3280840.9999999995,0.3280841,nan,nan,nan,nan,0.1,1.0,20.0,10 V,1.0,False,1
8.2546,-0.00051,0.0001,-0.6963679,1365427.2549019607,3343421.9999999995,0.3343422,nan,nan,nan,nan,0.1,1.0,20.0,10 V,1.0,False,1
8.2971,-0.0006100000000000001,0.0001,-0.7189477,1178602.7868852457,3453516.9999999995,0.3453517,nan,nan,nan,nan,0.1,1.0,20.0,10 V,1.0,False,1
8.3396,-0.0007100000000000001,0.0001,-0.7571673,1066432.8169014081,4201634.0,0.4201634,nan,nan,nan,nan,0.1,1.0,20.0,10 V,1.0,False,1
8.3821,-0.0008100000000000002,0.0001,-0.7908226,976324.197530864,3466934.9999999995,0.3466935,nan,nan,nan,nan,0.1,1.0,20.0,10 V,1.0,False,1
8.4244,-0.0009100000000000002,0.0001,-0.7885239,866509.78021978,3581098.9999999995,0.3581099,nan,nan,nan,nan,0.1,1.0,20.0,10 V,1.0,False,1
8.4669,-0.001,0.0001,-0.8151842,815184.2000000001,3427339.9999999995,0.342734,nan,nan,nan,nan,0.1,1.0,20.0,10 V,1.0,False,1
8.5093,-0.0009,0.0001,-0.7824638,869404.2222222224,3157768.0,0.3157768,nan,nan,nan,nan,0.1,1.0,20.0,10 V,1.0,False,1
8.5517,-0.0007999999999999999,0.0001,-0.773566,966957.5,3649949.0,0.3649949,nan,nan,nan,nan,0.1,1.0,20.0,10 V,1.0,False,1
8.5942,-0.0006999999999999999,0.0001,-0.7578932,1082704.5714285716,3064500.9999999995,0.3064501,nan,nan,nan,nan,0.1,1.0,20.0,10 V,1.0,False,1
8.6365,-0.0005999999999999998,0.0001,-0.7201025,1200170.8333333335,3059881.9999999995,0.3059882,nan,nan,nan,nan,0.1,1.0,20.0,10 V,1.0,False,1
8.6789,-0.0004999999999999998,0.0001,-0.6758118,1351623.6000000006,3090457.9999999995,0.3090458,nan,nan,nan,nan,0.1,1.0,20.0,10 V,1.0,False,1
8.7214,-0.0003999999999999998,0.0001,-0.6444002,1611000.5000000007,4108694.9999999995,0.4108695,nan,nan,nan,nan,0.1,1.0,20.0,10 V,1.0,False,1
8.7639,-0.0002999999999999998,0.0001,-0.6621957,2207319.0000000014,3095186.9999999995,0.3095187,nan,nan,nan,nan,0.1,1.0,20.0,10 V,1.0,False,1
8.8063,-0.00019999999999999982,0.0001,-0.4919505,2459752.5000000023,3171735.9999999995,0.3171736,nan,nan,nan,nan,0.1,1.0,20.0,10 V,1.0,False,1
8.8488,-9.999999999999982e-05,0.0001,-0.3506751,3506751.0000000065,3377846.9999999995,0.3377847,nan,nan,nan,nan,0.1,1.0,20.0,10 V,1.0,False,1
8.8912,1e-05,0.0001,0.0808276,8082760.0,4441950.0,0.444195,nan,nan,nan,nan,0.1,1.0,20.0,10 V,1.0,False,1
8.9335,0.00011,0.0001,0.3293159,2993780.9090909087,3125322.9999999995,0.3125323,nan,nan,nan,nan,0.1,1.0,20.0,10 V,1.0,False,1
8.9547,0.00011,0.0001,0.3293159,2993780.9090909087,3472214.0,0.3472214,nan,nan,nan,nan,0.1,1.0,20.0,10 V,1.0,False,1
8.9759,0.00011,0.0001,0.3293159,2993780.9090909087,3701751.9999999995,0.3701752,nan,nan,nan,nan,0.1,1.0,20.0,10 V,1.0,False,1
8.9971,0.00011,0.0001,0.3293159,2993780.9090909087,3709121.0,0.3709121,nan,nan,nan,nan,0.1,1.0,20.0,10 V,1.0,False,1
9.0183,0.00011,0.0001,0.3293159,2993780.9090909087,3822404.9999999995,0.3822405,nan,nan,nan,nan,0.1,1.0,20.0,10 V,1.0,False,1
9.0396,0.00011,0.0001,0.3293159,2993780.9090909087,3715169.9999999995,0.371517,nan,nan,nan,nan,0.1,1.0,20.0,10 V,1.0,False,1
9.0609,0.00011,0.0001,0.3293159,2993780.9090909087,4581299.999999999,0.45813,nan,nan,nan,nan,0.1,1.0,20.0,10 V,1.0,False,1
9.0821,0.00011,0.0001,0.3293159,2993780.9090909087,3792928.9999999995,0.3792929,nan,nan,nan,nan,0.1,1.0,20.0,10 V,1.0,False,1
9.1033,0.00011,0.0001,0.3293159,2993780.9090909087,4376069.0,0.4376069,nan,nan,nan,nan,0.1,1.0,20.0,10 V,1.0,False,1
9.1245,0.00011,0.0001,0.3293159,2993780.9090909087,3932718.9999999995,0.3932719,nan,nan,nan,nan,0.1,1.0,20.0,10 V,1.0,False,1
9.1457,0.00011,0.0001,0.3293159,2993780.9090909087,4539726.0,0.4539726,nan,nan,nan,nan,0.1,1.0,20.0,10 V,1.0,False,1
9.1669,0.00011,0.0001,0.3293159,2993780.9090909087,4424681.999999999,0.4424682,nan,nan,nan,nan,0.1,1.0,20.0,10 V,1.0,False,1
9.1880,0.00011,0.0001,0.3293159,2993780.9090909087,4376179.0,0.4376179,nan,nan,nan,nan,0.1,1.0,20.0,10 V,1.0,False,1
9.2093,0.00011,0.0001,0.3293159,2993780.9090909087,4330426.0,0.4330426,nan,nan,nan,nan,0.1,1.0,20.0,10 V,1.0,False,1
9.2305,0.00011,0.0001,0.3293159,2993780.9090909087,4003550.0,0.400355,nan,nan,nan,nan,0.1,1.0,20.0,10 V,1.0,False,1
9.2517,0.00011,0.0001,0.3293159,2993780.9090909087,4758594.999999999,0.4758595,nan,nan,nan,nan,0.1,1.0,20.0,10 V,1.0,False,1
9.2728,0.00011,0.0001,0.3293159,2993780.9090909087,5051704.0,0.5051704,nan,nan,nan,nan,0.1,1.0,20.0,10 V,1.0,False,1
9.2940,0.00011,0.0001,0.3293159,2993780.9090909087,4749906.999999999,0.4749907,nan,nan,nan,nan,0.1,1.0,20.0,10 V,1.0,False,1
9.3152,0.00011,0.0001,0.3293159,2993780.9090909087,4439090.0,0.443909,nan,nan,nan,nan,0.1,1.0,20.0,10 V,1.0,False,1
9.3365,0.00011,0.0001,0.3293159,2993780.9090909087,4922802.0,0.4922802,nan,nan,nan,nan,0.1,1.0,20.0,10 V,1.0,False,1
9.3578,0.00011,0.0001,0.3293159,2993780.9090909087,4456798.0,0.4456798,nan,nan,nan,nan,0.1,1.0,20.0,10 V,1.0,False,1
9.3791,0.00011,0.0001,0.3293159,2993780.9090909087,4669728.0,0.4669728,nan,nan,nan,nan,0.1,1.0,20.0,10 V,1.0,False,1
9.4003,0.00011,0.0001,0.3293159,2993780.9090909087,4603297.0,0.4603297,nan,nan,nan,nan,0.1,1.0,20.0,10 V,1.0,False,1
9.4215,0.00011,0.0001,0.3293159,2993780.9090909087,4665328.999999999,0.4665329,nan,nan,nan,nan,0.1,1.0,20.0,10 V,1.0,False,1
9.4427,0.00011,0.0001,0.3293159,2993780.9090909087,4419403.0,0.4419403,nan,nan,nan,nan,0.1,1.0,20.0,10 V,1.0,False,1
9.4639,0.00011,0.0001,0.3293159,2993780.9090909087,4443820.0,0.444382,nan,nan,nan,nan,0.1,1.0,20.0,10 V,1.0,False,1
9.4852,0.00011,0.0001,0.3293159,2993780.9090909087,4519488.999999999,0.4519489,nan,nan,nan,nan,0.1,1.0,20.0,10 V,1.0,False,1
9.5064,0.00011,0.0001,0.3293159,2993780.9090909087,4493422.999999999,0.4493423,nan,nan,nan,nan,0.1,1.0,20.0,10 V,1.0,False,1
9.5275,0.00011,0.0001,0.3293159,2993780.9090909087,4426111.999999999,0.4426112,nan,nan,nan,nan,0.1,1.0,20.0,10 V,1.0,False,1
9.5487,0.00011,0.0001,0.3293159,2993780.9090909087,4676546.999999999,0.4676547,nan,nan,nan,nan,0.1,1.0,20.0,10 V,1.0,False,1
9.5700,0.00011,0.0001,0.3293159,2993780.9090909087,5977333.999999999,0.5977334,nan,nan,nan,nan,0.1,1.0,20.0,10 V,1.0,False,1
9.5912,0.00011,0.0001,0.3293159,2993780.9090909087,5806307.999999999,0.5806308,nan,nan,nan,nan,0.1,1.0,20.0,10 V,1.0,False,1
9.6125,0.00011,0.0001,0.3293159,2993780.9090909087,5305438.999999999,0.5305439,nan,nan,nan,nan,0.1,1.0,20.0,10 V,1.0,False,1
9.6337,0.00011,0.0001,0.3293159,2993780.9090909087,5486252.999999999,0.5486253,nan,nan,nan,nan,0.1,1.0,20.0,10 V,1.0,False,1
9.6550,0.00011,0.0001,0.3293159,2993780.9090909087,6568173.999999999,0.6568174,nan,nan,nan,nan,0.1,1.0,20.0,10 V,1.0,False,1
9.6762,0.00011,0.0001,0.3293159,2993780.9090909087,5380888.0,0.5380888,nan,nan,nan,nan,0.1,1.0,20.0,10 V,1.0,False,1
9.6975,0.00011,0.0001,0.3293159,2993780.9090909087,6161997.999999999,0.6161998,nan,nan,nan,nan,0.1,1.0,20.0,10 V,1.0,False,1
9.7186,0.00011,0.0001,0.3293159,2993780.9090909087,5746037.0,0.5746037,nan,nan,nan,nan,0.1,1.0,20.0,10 V,1.0,False,1
9.7399,0.00011,0.0001,0.3293159,2993780.9090909087,6107225.999999999,0.6107226,nan,nan,nan,nan,0.1,1.0,20.0,10 V,1.0,False,1
9.7611,0.00011,0.0001,0.3293159,2993780.9090909087,5477674.0,0.5477674,nan,nan,nan,nan,0.1,1.0,20.0,10 V,1.0,False,1
9.7823,0.00011,0.0001,0.3293159,2993780.9090909087,5504620.999999999,0.5504621,nan,nan,nan,nan,0.1,1.0,20.0,10 V,1.0,False,1
9.8035,0.00011,0.0001,0.3293159,2993780.9090909087,5468435.999999999,0.5468436,nan,nan,nan,nan,0.1,1.0,20.0,10 V,1.0,False,1
9.8248,0.00011,0.0001,0.3293159,2993780.9090909087,5589089.0,0.5589089,nan,nan,nan,nan,0.1,1.0,20.0,10 V,1.0,False,1
9.8461,0.00011,0.0001,0.3293159,2993780.9090909087,5796189.999999999,0.579619,nan,nan,nan,nan,0.1,1.0,20.0,10 V,1.0,False,1
9.8673,0.00011,0.0001,0.3293159,2993780.9090909087,5626484.0,0.5626484,nan,nan,nan,nan,0.1,1.0,20.0,10 V,1.0,False,1
9.8884,0.00011,0.0001,0.3293159,2993780.9090909087,5497581.999999999,0.5497582,nan,nan,nan,nan,0.1,1.0,20.0,10 V,1.0,False,1
9.9097,0.00011,0.0001,0.3293159,2993780.9090909087,5475695.0,0.5475695,nan,nan,nan,nan,0.1,1.0,20.0,10 V,1.0,False,1
9.9309,0.00011,0.0001,0.3293159,2993780.9090909087,5520568.0,0.5520568,nan,nan,nan,nan,0.1,1.0,20.0,10 V,1.0,False,1
9.9521,0.00011,0.0001,0.3293159,2993780.9090909087,5707651.999999999,0.5707652,nan,nan,nan,nan,0.1,1.0,20.0,10 V,1.0,False,1
9.9733,0.00011,0.0001,0.3293159,2993780.9090909087,5726130.0,0.572613,nan,nan,nan,nan,0.1,1.0,20.0,10 V,1.0,False,1
9.9946,0.00011,0.0001,0.3293159,2993780.9090909087,5924101.999999999,0.5924102,nan,nan,nan,nan,0.1,1.0,20.0,10 V,1.0,False,1
10.0158,0.00011,0.0001,0.3293159,2993780.9090909087,5743616.999999999,0.5743617,nan,nan,nan,nan,0.1,1.0,20.0,10 V,1.0,False,1
10.0370,0.00011,0.0001,0.3293159,2993780.9090909087,5958746.999999999,0.5958747,nan,nan,nan,nan,0.1,1.0,20.0,10 V,1.0,False,1
10.0582,0.00011,0.0001,0.3293159,2993780.9090909087,5785301.0,0.5785301,nan,nan,nan,nan,0.1,1.0,20.0,10 V,1.0,False,1
10.0795,0.00011,0.0001,0.3293159,2993780.9090909087,5775732.999999999,0.5775733,nan,nan,nan,nan,0.1,1.0,20.0,10 V,1.0,False,1
10.1008,0.00011,0.0001,0.3293159,2993780.9090909087,5843372.999999999,0.5843373,nan,nan,nan,nan,0.1,1.0,20.0,10 V,1.0,False,1
10.1219,0.00011,0.0001,0.3293159,2993780.9090909087,5610975.999999999,0.5610976,nan,nan,nan,nan,0.1,1.0,20.0,10 V,1.0,False,1
10.1431,0.00011,0.0001,0.3293159,2993780.9090909087,5597997.999999999,0.5597998,nan,nan,nan,nan,0.1,1.0,20.0,10 V,1.0,False,1
10.1643,0.00011,0.0001,0.3293159,2993780.9090909087,5549604.0,0.5549604,nan,nan,nan,nan,0.1,1.0,20.0,10 V,1.0,False,1
10.1856,0.00011,0.0001,0.3293159,2993780.9090909087,5629452.999999999,0.5629453,nan,nan,nan,nan,0.1,1.0,20.0,10 V,1.0,False,1
10.2068,0.00011,0.0001,0.3293159,2993780.9090909087,5685985.0,0.5685985,nan,nan,nan,nan,0.1,1.0,20.0,10 V,1.0,False,1
10.2281,0.00011,0.0001,0.3293159,2993780.9090909087,5629233.0,0.5629233,nan,nan,nan,nan,0.1,1.0,20.0,10 V,1.0,False,1
10.2494,0.00011,0.0001,0.3293159,2993780.9090909087,5734818.0,0.5734818,nan,nan,nan,nan,0.1,1.0,20.0,10 V,1.0,False,1
10.2705,0.00011,0.0001,0.3293159,2993780.9090909087,5727778.999999999,0.5727779,nan,nan,nan,nan,0.1,1.0,20.0,10 V,1.0,False,1
10.2917,0.00011,0.0001,0.3293159,2993780.9090909087,5813456.999999999,0.5813457,nan,nan,nan,nan,0.1,1.0,20.0,10 V,1.0,False,1
10.3129,0.00011,0.0001,0.3293159,2993780.9090909087,5829185.0,0.5829185,nan,nan,nan,nan,0.1,1.0,20.0,10 V,1.0,False,1
10.3342,0.00011,0.0001,0.3293159,2993780.9090909087,6032106.999999999,0.6032107,nan,nan,nan,nan,0.1,1.0,20.0,10 V,1.0,False,1
10.3554,0.00011,0.0001,0.3293159,2993780.9090909087,6060592.999999999,0.6060593,nan,nan,nan,nan,0.1,1.0,20.0,10 V,1.0,False,1
10.3766,0.00011,0.0001,0.3293159,2993780.9090909087,5755605.0,0.5755605,nan,nan,nan,nan,0.1,1.0,20.0,10 V,1.0,False,1
10.3978,0.00011,0.0001,0.3293159,2993780.9090909087,5086899.0,0.5086899,nan,nan,nan,nan,0.1,1.0,20.0,10 V,1.0,False,1
10.4190,0.00011,0.0001,0.3293159,2993780.9090909087,4893327.0,0.4893327,nan,nan,nan,nan,0.1,1.0,20.0,10 V,1.0,False,1
10.4403,0.00011,0.0001,0.3293159,2993780.9090909087,5737238.0,0.5737238,nan,nan,nan,nan,0.1,1.0,20.0,10 V,1.0,False,1
10.4615,0.00011,0.0001,0.3293159,2993780.9090909087,5608996.0,0.5608996,nan,nan,nan,nan,0.1,1.0,20.0,10 V,1.0,False,1
10.4827,0.00011,0.0001,0.3293159,2993780.9090909087,6120864.0,0.6120864,nan,nan,nan,nan,0.1,1.0,20.0,10 V,1.0,False,1
10.5040,0.00011,0.0001,0.3293159,2993780.9090909087,5728548.999999999,0.5728549,nan,nan,nan,nan,0.1,1.0,20.0,10 V,1.0,False,1
10.5252,0.00011,0.0001,0.3293159,2993780.9090909087,6048383.999999999,0.6048384,nan,nan,nan,nan,0.1,1.0,20.0,10 V,1.0,False,1
10.5464,0.00011,0.0001,0.3293159,2993780.9090909087,5521228.0,0.5521228,nan,nan,nan,nan,0.1,1.0,20.0,10 V,1.0,False,1
10.5676,0.00011,0.0001,0.3293159,2993780.9090909087,5640562.0,0.5640562,nan,nan,nan,nan,0.1,1.0,20.0,10 V,1.0,False,1
10.5888,0.00011,0.0001,0.3293159,2993780.9090909087,5915413.0,0.5915413,nan,nan,nan,nan,0.1,1.0,20.0,10 V,1.0,False,1
10.6101,0.00011,0.0001,0.3293159,2993780.9090909087,5388146.999999999,0.5388147,nan,nan,nan,nan,0.1,1.0,20.0,10 V,1.0,False,1
10.6313,0.00011,0.0001,0.3293159,2993780.9090909087,5778041.999999999,0.5778042,nan,nan,nan,nan,0.1,1.0,20.0,10 V,1.0,False,1
10.6525,0.00011,0.0001,0.3293159,2993780.9090909087,6163648.0,0.6163648,nan,nan,nan,nan,0.1,1.0,20.0,10 V,1.0,False,1
10.6737,0.00011,0.0001,0.3293159,2993780.9090909087,6037166.0,0.6037166,nan,nan,nan,nan,0.1,1.0,20.0,10 V,1.0,False,1
10.6949,0.00011,0.0001,0.3293159,2993780.9090909087,5639901.999999999,0.5639902,nan,nan,nan,nan,0.1,1.0,20.0,10 V,1.0,False,1
10.7161,0.00011,0.0001,0.3293159,2993780.9090909087,5888356.999999999,0.5888357,nan,nan,nan,nan,0.1,1.0,20.0,10 V,1.0,False,1
10.7373,0.00011,0.0001,0.3293159,2993780.9090909087,6170906.999999999,0.6170907,nan,nan,nan,nan,0.1,1.0,20.0,10 V,1.0,False,1
10.7586,0.00011,0.0001,0.3293159,2993780.9090909087,5599866.999999999,0.5599867,nan,nan,nan,nan,0.1,1.0,20.0,10 V,1.0,False,1
10.7798,0.00011,0.0001,0.3293159,2993780.9090909087,5344043.0,0.5344043,nan,nan,nan,nan,0.1,1.0,20.0,10 V,1.0,False,1
10.8010,0.00011,0.0001,0.3293159,2993780.9090909087,5788931.0,0.5788931,nan,nan,nan,nan,0.1,1.0,20.0,10 V,1.0,False,1
10.8223,0.00011,0.0001,0.3293159,2993780.9090909087,6097546.999999999,0.6097547,nan,nan,nan,nan,0.1,1.0,20.0,10 V,1.0,False,1
10.8436,0.00011,0.0001,0.3293159,2993780.9090909087,6125042.999999999,0.6125043,nan,nan,nan,nan,0.1,1.0,20.0,10 V,1.0,False,1
10.8649,0.00011,0.0001,0.3293159,2993780.9090909087,6020227.999999999,0.6020228,nan,nan,nan,nan,0.1,1.0,20.0,10 V,1.0,False,1
10.8861,0.00011,0.0001,0.3293159,2993780.9090909087,6141100.999999999,0.6141101,nan,nan,nan,nan,0.1,1.0,20.0,10 V,1.0,False,1
10.9074,0.00011,0.0001,0.3293159,2993780.9090909087,5855251.0,0.5855251,nan,nan,nan,nan,0.1,1.0,20.0,10 V,1.0,False,1
10.9284,0.00011,0.0001,0.3293159,2993780.9090909087,5931910.999999999,0.5931911,nan,nan,nan,nan,0.1,1.0,20.0,10 V,1.0,False,1
10.9497,0.00011,0.0001,0.3293159,2993780.9090909087,5865590.0,0.586559,nan,nan,nan,nan,0.1,1.0,20.0,10 V,1.0,False,1
10.9708,0.00011,0.0001,0.3293159,2993780.9090909087,6126363.0,0.6126363,nan,nan,nan,nan,0.1,1.0,20.0,10 V,1.0,False,1
10.9919,0.00011,0.0001,0.3293159,2993780.9090909087,5856791.0,0.5856791,nan,nan,nan,nan,0.1,1.0,20.0,10 V,1.0,False,1
11.0130,0.00011,0.0001,0.3293159,2993780.9090909087,5811697.0,0.5811697,nan,nan,nan,nan,0.1,1.0,20.0,10 V,1.0,False,1
11.0341,0.00011,0.0001,0.3293159,2993780.9090909087,6112284.999999999,0.6112285,nan,nan,nan,nan,0.1,1.0,20.0,10 V,1.0,False,1
11.0552,0.00011,0.0001,0.3293159,2993780.9090909087,5970514.999999999,0.5970515,nan,nan,nan,nan,0.1,1.0,20.0,10 V,1.0,False,1
11.0763,0.00011,0.0001,0.3293159,2993780.9090909087,5782002.0,0.5782002,nan,nan,nan,nan,0.1,1.0,20.0,10 V,1.0,False,1
11.0974,0.00011,0.0001,0.3293159,2993780.9090909087,5849642.0,0.5849642,nan,nan,nan,nan,0.1,1.0,20.0,10 V,1.0,False,1
11.1185,0.00011,0.0001,0.3293159,2993780.9090909087,5864049.999999999,0.586405,nan,nan,nan,nan,0.1,1.0,20.0,10 V,1.0,False,1
11.1396,0.00011,0.0001,0.3293159,2993780.9090909087,5843922.999999999,0.5843923,nan,nan,nan,nan,0.1,1.0,20.0,10 V,1.0,False,1
11.1608,0.00011,0.0001,0.3293159,2993780.9090909087,5865369.999999999,0.586537,nan,nan,nan,nan,0.1,1.0,20.0,10 V,1.0,False,1
11.1820,0.00011,0.0001,0.3293159,2993780.9090909087,6134941.999999999,0.6134942,nan,nan,nan,nan,0.1,1.0,20.0,10 V,1.0,False,1
11.2033,0.00011,0.0001,0.3293159,2993780.9090909087,6144950.999999999,0.6144951,nan,nan,nan,nan,0.1,1.0,20.0,10 V,1.0,False,1
11.2245,0.00011,0.0001,0.3293159,2993780.9090909087,5911672.999999999,0.5911673,nan,nan,nan,nan,0.1,1.0,20.0,10 V,1.0,False,1
11.2458,0.00011,0.0001,0.3293159,2993780.9090909087,6115255.0,0.6115255,nan,nan,nan,nan,0.1,1.0,20.0,10 V,1.0,False,1
11.2670,0.00011,0.0001,0.3293159,2993780.9090909087,6141980.999999999,0.6141981,nan,nan,nan,nan,0.1,1.0,20.0,10 V,1.0,False,1
11.2882,0.00011,0.0001,0.3293159,2993780.9090909087,5930590.999999999,0.5930591,nan,nan,nan,nan,0.1,1.0,20.0,10 V,1.0,False,1
11.3092,0.00011,0.0001,0.3293159,2993780.9090909087,6054983.0,0.6054983,nan,nan,nan,nan,0.1,1.0,20.0,10 V,1.0,False,1
11.3302,0.00011,0.0001,0.3293159,2993780.9090909087,5937850.0,0.593785,nan,nan,nan,nan,0.1,1.0,20.0,10 V,1.0,False,1
11.3512,0.00011,0.0001,0.3293159,2993780.9090909087,5956766.999999999,0.5956767,nan,nan,nan,nan,0.1,1.0,20.0,10 V,1.0,False,1
11.3724,0.00011,0.0001,0.3293159,2993780.9090909087,5866139.999999999,0.586614,nan,nan,nan,nan,0.1,1.0,20.0,10 V,1.0,False,1
11.3934,0.00011,0.0001,0.3293159,2993780.9090909087,6166287.999999999,0.6166288,nan,nan,nan,nan,0.1,1.0,20.0,10 V,1.0,False,1
11.4145,0.00011,0.0001,0.3293159,2993780.9090909087,6120094.0,0.6120094,nan,nan,nan,nan,0.1,1.0,20.0,10 V,1.0,False,1
11.4355,0.00011,0.0001,0.3293159,2993780.9090909087,5979643.999999999,0.5979644,nan,nan,nan,nan,0.1,1.0,20.0,10 V,1.0,False,1
11.4564,0.00011,0.0001,0.3293159,2993780.9090909087,5801469.0,0.5801469,nan,nan,nan,nan,0.1,1.0,20.0,10 V,1.0,False,1
11.4775,0.00011,0.0001,0.3293159,2993780.9090909087,5868010.0,0.586801,nan,nan,nan,nan,0.1,1.0,20.0,10 V,1.0,False,1
11.4986,0.00011,0.0001,0.3293159,2993780.9090909087,6028696.999999999,0.6028697,nan,nan,nan,nan,0.1,1.0,20.0,10 V,1.0,False,1
11.5408,0.00021,0.0001,0.7854773,3740368.0952380956,5583700.0,0.55837,nan,nan,nan,nan,0.1,1.0,20.0,10 V,1.0,False,1
11.5831,0.00031,0.0001,0.8756539,2824690.0,5910684.0,0.5910684,nan,nan,nan,nan,0.1,1.0,20.0,10 V,1.0,False,1
11.6255,0.00041,0.0001,0.9498606,2316733.1707317075,6065871.999999999,0.6065872,nan,nan,nan,nan,0.1,1.0,20.0,10 V,1.0,False,1
11.6679,0.00051,0.0001,1.0201297,2000254.31372549,6172777.0,0.6172777,nan,nan,nan,nan,0.1,1.0,20.0,10 V,1.0,False,1
11.7103,0.0006100000000000001,0.0001,1.1444344,1876121.9672131145,5658379.0,0.5658379,nan,nan,nan,nan,0.1,1.0,20.0,10 V,1.0,False,1
11.7527,0.0007100000000000001,0.0001,0.7733351,1089204.3661971828,3291510.0,0.329151,nan,nan,nan,nan,0.1,1.0,20.0,10 V,1.0,False,1
11.7951,0.0008100000000000002,0.0001,0.8099049,999882.5925925925,3612663.9999999995,0.3612664,nan,nan,nan,nan,0.1,1.0,20.0,10 V,1.0,False,1
11.8375,0.0009100000000000002,0.0001,0.8408108,923967.9120879117,3500590.0,0.350059,nan,nan,nan,nan,0.1,1.0,20.0,10 V,1.0,False,1
11.8799,0.001,0.0001,0.8619718,861971.8,3622782.9999999995,0.3622783,nan,nan,nan,nan,0.1,1.0,20.0,10 V,1.0,False,1
11.9224,0.0009,0.0001,0.8437804,937533.7777777778,3257633.9999999995,0.3257634,nan,nan,nan,nan,0.1,1.0,20.0,10 V,1.0,False,1
11.9648,0.0007999999999999999,0.0001,0.8070783,1008847.8750000001,3736836.9999999995,0.3736837,nan,nan,nan,nan,0.1,1.0,20.0,10 V,1.0,False,1
12.0071,0.0006999999999999999,0.0001,0.7763816,1109116.5714285716,3494870.9999999995,0.3494871,nan,nan,nan,nan,0.1,1.0,20.0,10 V,1.0,False,1
12.0495,0.0005999999999999998,0.0001,0.7245899,1207649.8333333337,4085817.9999999995,0.4085818,nan,nan,nan,nan,0.1,1.0,20.0,10 V,1.0,False,1
12.0920,0.0004999999999999998,0.0001,0.7112598,1422519.6000000006,4246176.999999999,0.4246177,nan,nan,nan,nan,0.1,1.0,20.0,10 V,1.0,False,1
12.1343,0.0003999999999999998,0.0001,0.6640544,1660136.000000001,4054141.9999999995,0.4054142,nan,nan,nan,nan,0.1,1.0,20.0,10 V,1.0,False,1
12.1767,0.0002999999999999998,0.0001,0.60067,2002233.3333333347,4046223.9999999995,0.4046224,nan,nan,nan,nan,0.1,1.0,20.0,10 V,1.0,False,1
12.2191,0.00019999999999999982,0.0001,0.5279702,2639851.000000002,4145650.0,0.414565,nan,nan,nan,nan,0.1,1.0,20.0,10 V,1.0,False,1
12.2616,9.999999999999982e-05,0.0001,0.414081,4140810.000000007,4217581.0,0.4217581,nan,nan,nan,nan,0.1,1.0,20.0,10 V,1.0,False,1
12.3040,-1e-05,0.0001,-0.1486113,14861130.0,4079879.0,0.4079879,nan,nan,nan,nan,0.1,1.0,20.0,10 V,1.0,False,1
12.3465,-0.00011,0.0001,-0.6544748,5949770.909090909,4137070.9999999995,0.4137071,nan,nan,nan,nan,0.1,1.0,20.0,10 V,1.0,False,1
12.3890,-0.00021,0.0001,-0.6660341,3171590.952380952,5975245.0,0.5975245,nan,nan,nan,nan,0.1,1.0,20.0,10 V,1.0,False,1
12.4315,-0.00031,0.0001,-0.7147353,2305597.7419354836,5628792.999999999,0.5628793,nan,nan,nan,nan,0.1,1.0,20.0,10 V,1.0,False,1
12.4740,-0.00041,0.0001,-0.7500513,1829393.4146341463,5562911.999999999,0.5562912,nan,nan,nan,nan,0.1,1.0,20.0,10 V,1.0,False,1
12.5165,-0.00051,0.0001,-0.7718063,1513345.6862745094,5565662.0,0.5565662,nan,nan,nan,nan,0.1,1.0,20.0,10 V,1.0,False,1
12.5589,-0.0006100000000000001,0.0001,-0.787908,1291652.4590163934,5623403.999999999,0.5623404,nan,nan,nan,nan,0.1,1.0,20.0,10 V,1.0,False,1
12.6014,-0.0007100000000000001,0.0001,-0.8123026,1144088.1690140842,5698963.0,0.5698963,nan,nan,nan,nan,0.1,1.0,20.0,10 V,1.0,False,1
12.6439,-0.0008100000000000002,0.0001,-0.8262376,1020046.4197530862,5849862.0,0.5849862,nan,nan,nan,nan,0.1,1.0,20.0,10 V,1.0,False,1
12.6864,-0.0009100000000000002,0.0001,-0.8420316,925309.4505494502,5485923.0,0.5485923,nan,nan,nan,nan,0.1,1.0,20.0,10 V,1.0,False,1
12.7289,-0.001,0.0001,-0.8548888,854888.8,5601736.999999999,0.5601737,nan,nan,nan,nan,0.1,1.0,20.0,10 V,1.0,False,1
12.7714,-0.0009,0.0001,-0.8240599,915622.1111111111,5120884.999999999,0.5120885,nan,nan,nan,nan,0.1,1.0,20.0,10 V,1.0,False,1
12.8138,-0.0007999999999999999,0.0001,-0.8051976,1006497.0,5168397.999999999,0.5168398,nan,nan,nan,nan,0.1,1.0,20.0,10 V,1.0,False,1
12.8563,-0.0006999999999999999,0.0001,-0.7813199,1116171.285714286,5234609.0,0.5234609,nan,nan,nan,nan,0.1,1.0,20.0,10 V,1.0,False,1
12.8988,-0.0005999999999999998,0.0001,-0.7790323,1298387.166666667,5473934.999999999,0.5473935,nan,nan,nan,nan,0.1,1.0,20.0,10 V,1.0,False,1
12.9413,-0.0004999999999999998,0.0001,-0.7576843,1515368.6000000006,5485482.999999999,0.5485483,nan,nan,nan,nan,0.1,1.0,20.0,10 V,1.0,False,1
12.9837,-0.0003999999999999998,0.0001,-0.7163851,1790962.7500000007,5382208.0,0.5382208,nan,nan,nan,nan,0.1,1.0,20.0,10 V,1.0,False,1
13.0260,-0.0002999999999999998,0.0001,-0.7052326,2350775.3333333344,5453478.0,0.5453478,nan,nan,nan,nan,0.1,1.0,20.0,10 V,1.0,False,1
13.0684,-0.00019999999999999982,0.0001,-0.6217323,3108661.500000003,5370878.999999999,0.5370879,nan,nan,nan,nan,0.1,1.0,20.0,10 V,1.0,False,1
13.1108,-9.999999999999982e-05,0.0001,-0.5515181,5515181.00000001,5415862.999999999,0.5415863,nan,nan,nan,nan,0.1,1.0,20.0,10 V,1.0,False,1
13.1532,1e-05,0.0001,0.250457,25045699.999999996,5652329.999999999,0.565233,nan,nan,nan,nan,0.1,1.0,20.0,10 V,1.0,False,1
13.1957,0.00011,0.0001,0.5657609,5143280.909090909,5585018.999999999,0.5585019,nan,nan,nan,nan,0.1,1.0,20.0,10 V,1.0,False,1
13.2381,0.00021,0.0001,0.7102699,3382237.619047619,5842713.0,0.5842713,nan,nan,nan,nan,0.1,1.0,20.0,10 V,1.0,False,1
13.2804,0.00031,0.0001,0.7932533,2558881.612903226,5985253.0,0.5985253,nan,nan,nan,nan,0.1,1.0,20.0,10 V,1.0,False,1
13.3227,0.00041,0.0001,0.8757089,2135875.3658536584,6035295.999999999,0.6035296,nan,nan,nan,nan,0.1,1.0,20.0,10 V,1.0,False,1
13.3652,0.00051,0.0001,0.9402918,1843709.4117647056,6182235.0,0.6182235,nan,nan,nan,nan,0.1,1.0,20.0,10 V,1.0,False,1
13.4076,0.0006100000000000001,0.0001,1.0012123,1641331.639344262,5946869.0,0.5946869,nan,nan,nan,nan,0.1,1.0,20.0,10 V,1.0,False,1
13.4500,0.0007100000000000001,0.0001,1.0477358,1475684.2253521124,5868560.0,0.586856,nan,nan,nan,nan,0.1,1.0,20.0,10 V,1.0,False,1
13.4924,0.0008100000000000002,0.0001,1.0863406,1341161.234567901,6075660.0,0.607566,nan,nan,nan,nan,0.1,1.0,20.0,10 V,1.0,False,1
13.5347,0.0009100000000000002,0.0001,1.0872974,1194832.3076923073,6147479.999999999,0.614748,nan,nan,nan,nan,0.1,1.0,20.0,10 V,1.0,False,1
13.5770,0.001,0.0001,1.0266298,1026629.8,6403526.999999999,0.6403527,nan,nan,nan,nan,0.1,1.0,20.0,10 V,1.0,False,1
13.5982,0.001,0.0001,1.0266298,1026629.8,6252625.999999999,0.6252626,nan,nan,nan,nan,0.1,1.0,20.0,10 V,1.0,False,1
13.6195,0.001,0.0001,1.0266298,1026629.8,6228209.0,0.6228209,nan,nan,nan,nan,0.1,1.0,20.0,10 V,1.0,False,1
13.6408,0.001,0.0001,1.0266298,1026629.8,6312790.0,0.631279,nan,nan,nan,nan,0.1,1.0,20.0,10 V,1.0,False,1
13.6622,0.001,0.0001,1.0266298,1026629.8,6233047.999999999,0.6233048,nan,nan,nan,nan,0.1,1.0,20.0,10 V,1.0,False,1
13.6834,0.001,0.0001,1.0266298,1026629.8,6184104.999999999,0.6184105,nan,nan,nan,nan,0.1,1.0,20.0,10 V,1.0,False,1
13.7046,0.001,0.0001,1.0266298,1026629.8,6272642.999999999,0.6272643,nan,nan,nan,nan,0.1,1.0,20.0,10 V,1.0,False,1
13.7259,0.001,0.0001,1.0266298,1026629.8,6207202.0,0.6207202,nan,nan,nan,nan,0.1,1.0,20.0,10 V,1.0,False,1
13.7472,0.001,0.0001,1.0266298,1026629.8,6037166.0,0.6037166,nan,nan,nan,nan,0.1,1.0,20.0,10 V,1.0,False,1
13.7683,0.001,0.0001,1.0266298,1026629.8,6426623.999999999,0.6426624,nan,nan,nan,nan,0.1,1.0,20.0,10 V,1.0,False,1
13.7896,0.001,0.0001,1.0266298,1026629.8,6218639.999999999,0.621864,nan,nan,nan,nan,0.1,1.0,20.0,10 V,1.0,False,1
13.8108,0.001,0.0001,1.0266298,1026629.8,6298051.999999999,0.6298052,nan,nan,nan,nan,0.1,1.0,20.0,10 V,1.0,False,1
13.8320,0.001,0.0001,1.0266298,1026629.8,6199613.0,0.6199613,nan,nan,nan,nan,0.1,1.0,20.0,10 V,1.0,False,1
13.8533,0.001,0.0001,1.0266298,1026629.8,6028147.0,0.6028147,nan,nan,nan,nan,0.1,1.0,20.0,10 V,1.0,False,1
13.8745,0.001,0.0001,1.0266298,1026629.8,6201923.0,0.6201923,nan,nan,nan,nan,0.1,1.0,20.0,10 V,1.0,False,1
13.8957,0.001,0.0001,1.0266298,1026629.8,6297941.999999999,0.6297942,nan,nan,nan,nan,0.1,1.0,20.0,10 V,1.0,False,1
13.9169,0.001,0.0001,1.0266298,1026629.8,4269053.999999999,0.4269054,nan,nan,nan,nan,0.1,1.0,20.0,10 V,1.0,False,1
13.9381,0.001,0.0001,1.0266298,1026629.8,4459108.0,0.4459108,nan,nan,nan,nan,0.1,1.0,20.0,10 V,1.0,False,1
13.9593,0.001,0.0001,1.0266298,1026629.8,4298969.999999999,0.429897,nan,nan,nan,nan,0.1,1.0,20.0,10 V,1.0,False,1
13.9805,0.001,0.0001,1.0266298,1026629.8,6071260.999999999,0.6071261,nan,nan,nan,nan,0.1,1.0,20.0,10 V,1.0,False,1
14.0018,0.001,0.0001,1.0266298,1026629.8,5839414.0,0.5839414,nan,nan,nan,nan,0.1,1.0,20.0,10 V,1.0,False,1
14.0230,0.001,0.0001,1.0266298,1026629.8,4195475.0,0.4195475,nan,nan,nan,nan,0.1,1.0,20.0,10 V,1.0,False,1
14.0442,0.001,0.0001,1.0266298,1026629.8,4229020.0,0.422902,nan,nan,nan,nan,0.1,1.0,20.0,10 V,1.0,False,1
14.0655,0.001,0.0001,1.0266298,1026629.8,6219740.0,0.621974,nan,nan,nan,nan,0.1,1.0,20.0,10 V,1.0,False,1
14.0867,0.001,0.0001,1.0266298,1026629.8,6074340.999999999,0.6074341,nan,nan,nan,nan,0.1,1.0,20.0,10 V,1.0,False,1
14.1080,0.001,0.0001,1.0266298,1026629.8,4073499.9999999995,0.40735,nan,nan,nan,nan,0.1,1.0,20.0,10 V,1.0,False,1
14.1292,0.001,0.0001,1.0266298,1026629.8,4012347.9999999995,0.4012348,nan,nan,nan,nan,0.1,1.0,20.0,10 V,1.0,False,1
14.1503,0.001,0.0001,1.0266298,1026629.8,3967364.9999999995,0.3967365,nan,nan,nan,nan,0.1,1.0,20.0,10 V,1.0,False,1
14.1717,0.001,0.0001,1.0266298,1026629.8,4013447.9999999995,0.4013448,nan,nan,nan,nan,0.1,1.0,20.0,10 V,1.0,False,1
14.1929,0.001,0.0001,1.0266298,1026629.8,4039294.9999999995,0.4039295,nan,nan,nan,nan,0.1,1.0,20.0,10 V,1.0,False,1
14.2142,0.001,0.0001,1.0266298,1026629.8,4431610.999999999,0.4431611,nan,nan,nan,nan,0.1,1.0,20.0,10 V,1.0,False,1
14.2354,0.001,0.0001,1.0266298,1026629.8,4040283.9999999995,0.4040284,nan,nan,nan,nan,0.1,1.0,20.0,10 V,1.0,False,1
14.2566,0.001,0.0001,1.0266298,1026629.8,4250687.0,0.4250687,nan,nan,nan,nan,0.1,1.0,20.0,10 V,1.0,False,1
14.2779,0.001,0.0001,1.0266298,1026629.8,4467246.0,0.4467246,nan,nan,nan,nan,0.1,1.0,20.0,10 V,1.0,False,1
14.2990,0.001,0.0001,1.0266298,1026629.8,4234409.0,0.4234409,nan,nan,nan,nan,0.1,1.0,20.0,10 V,1.0,False,1
14.3202,0.001,0.0001,1.0266298,1026629.8,4352751.999999999,0.4352752,nan,nan,nan,nan,0.1,1.0,20.0,10 V,1.0,False,1
14.3415,0.001,0.0001,1.0266298,1026629.8,4144659.9999999995,0.414466,nan,nan,nan,nan,0.1,1.0,20.0,10 V,1.0,False,1
14.3627,0.001,0.0001,1.0266298,1026629.8,4240128.0,0.4240128,nan,nan,nan,nan,0.1,1.0,20.0,10 V,1.0,False,1
14.3839,0.001,0.0001,1.0266298,1026629.8,4321187.0,0.4321187,nan,nan,nan,nan,0.1,1.0,20.0,10 V,1.0,False,1
14.4050,0.001,0.0001,1.0266298,1026629.8,4548745.0,0.4548745,nan,nan,nan,nan,0.1,1.0,20.0,10 V,1.0,False,1
14.4262,0.001,0.0001,1.0266298,1026629.8,4278733.0,0.4278733,nan,nan,nan,nan,0.1,1.0,20.0,10 V,1.0,False,1
14.4474,0.001,0.0001,1.0266298,1026629.8,4202184.0,0.4202184,nan,nan,nan,nan,0.1,1.0,20.0,10 V,1.0,False,1
14.4687,0.001,0.0001,1.0266298,1026629.8,4249697.0,0.4249697,nan,nan,nan,nan,0.1,1.0,20.0,10 V,1.0,False,1
14.4899,0.001,0.0001,1.0266298,1026629.8,4233528.999999999,0.4233529,nan,nan,nan,nan,0.1,1.0,20.0,10 V,1.0,False,1
14.5111,0.001,0.0001,1.0266298,1026629.8,4220991.0,0.4220991,nan,nan,nan,nan,0.1,1.0,20.0,10 V,1.0,False,1
14.5324,0.001,0.0001,1.0266298,1026629.8,4244087.999999999,0.4244088,nan,nan,nan,nan,0.1,1.0,20.0,10 V,1.0,False,1
14.5537,0.001,0.0001,1.0266298,1026629.8,4230450.0,0.423045,nan,nan,nan,nan,0.1,1.0,20.0,10 V,1.0,False,1
14.5749,0.001,0.0001,1.0266298,1026629.8,4114523.9999999995,0.4114524,nan,nan,nan,nan,0.1,1.0,20.0,10 V,1.0,False,1
14.5960,0.001,0.0001,1.0266298,1026629.8,4197563.999999999,0.4197564,nan,nan,nan,nan,0.1,1.0,20.0,10 V,1.0,False,1
14.6172,0.001,0.0001,1.0266298,1026629.8,4337685.0,0.4337685,nan,nan,nan,nan,0.1,1.0,20.0,10 V,1.0,False,1
14.6384,0.001,0.0001,1.0266298,1026629.8,4079879.0,0.4079879,nan,nan,nan,nan,0.1,1.0,20.0,10 V,1.0,False,1
14.6596,0.001,0.0001,1.0266298,1026629.8,4288851.0,0.4288851,nan,nan,nan,nan,0.1,1.0,20.0,10 V,1.0,False,1
14.6809,0.001,0.0001,1.0266298,1026629.8,4288302.0,0.4288302,nan,nan,nan,nan,0.1,1.0,20.0,10 V,1.0,False,1
14.7021,0.001,0.0001,1.0266298,1026629.8,4391467.0,0.4391467,nan,nan,nan,nan,0.1,1.0,20.0,10 V,1.0,False,1
14.7234,0.001,0.0001,1.0266298,1026629.8,4262564.999999999,0.4262565,nan,nan,nan,nan,0.1,1.0,20.0,10 V,1.0,False,1
14.7447,0.001,0.0001,1.0266298,1026629.8,4313928.0,0.4313928,nan,nan,nan,nan,0.1,1.0,20.0,10 V,1.0,False,1
14.7659,0.001,0.0001,1.0266298,1026629.8,4494633.0,0.4494633,nan,nan,nan,nan,0.1,1.0,20.0,10 V,1.0,False,1
14.7871,0.001,0.0001,1.0266298,1026629.8,4417752.999999999,0.4417753,nan,nan,nan,nan,0.1,1.0,20.0,10 V,1.0,False,1
14.8084,0.001,0.0001,1.0266298,1026629.8,4571732.0,0.4571732,nan,nan,nan,nan,0.1,1.0,20.0,10 V,1.0,False,1
14.8295,0.001,0.0001,1.0266298,1026629.8,4423252.999999999,0.4423253,nan,nan,nan,nan,0.1,1.0,20.0,10 V,1.0,False,1
14.8508,0.001,0.0001,1.0266298,1026629.8,4478245.0,0.4478245,nan,nan,nan,nan,0.1,1.0,20.0,10 V,1.0,False,1
14.8720,0.001,0.0001,1.0266298,1026629.8,4445358.999999999,0.4445359,nan,nan,nan,nan,0.1,1.0,20.0,10 V,1.0,False,1
14.8932,0.001,0.0001,1.0266298,1026629.8,4336475.0,0.4336475,nan,nan,nan,nan,0.1,1.0,20.0,10 V,1.0,False,1
14.9144,0.001,0.0001,1.0266298,1026629.8,4425781.999999999,0.4425782,nan,nan,nan,nan,0.1,1.0,20.0,10 V,1.0,False,1
14.9356,0.001,0.0001,1.0266298,1026629.8,4310408.0,0.4310408,nan,nan,nan,nan,0.1,1.0,20.0,10 V,1.0,False,1
14.9568,0.001,0.0001,1.0266298,1026629.8,4211532.0,0.4211532,nan,nan,nan,nan,0.1,1.0,20.0,10 V,1.0,False,1
14.9780,0.001,0.0001,1.0266298,1026629.8,4270593.999999999,0.4270594,nan,nan,nan,nan,0.1,1.0,20.0,10 V,1.0,False,1
14.9992,0.001,0.0001,1.0266298,1026629.8,4326905.999999999,0.4326906,nan,nan,nan,nan,0.1,1.0,20.0,10 V,1.0,False,1
15.0205,0.001,0.0001,1.0266298,1026629.8,4325366.0,0.4325366,nan,nan,nan,nan,0.1,1.0,20.0,10 V,1.0,False,1
15.0417,0.001,0.0001,1.0266298,1026629.8,4390037.0,0.4390037,nan,nan,nan,nan,0.1,1.0,20.0,10 V,1.0,False,1
15.0630,0.001,0.0001,1.0266298,1026629.8,4384538.0,0.4384538,nan,nan,nan,nan,0.1,1.0,20.0,10 V,1.0,False,1
15.0842,0.001,0.0001,1.0266298,1026629.8,4142129.9999999995,0.414213,nan,nan,nan,nan,0.1,1.0,20.0,10 V,1.0,False,1
15.1054,0.001,0.0001,1.0266298,1026629.8,4108694.9999999995,0.4108695,nan,nan,nan,nan,0.1,1.0,20.0,10 V,1.0,False,1
15.1478,0.0009,0.0001,0.8663162,962573.5555555556,4316238.0,0.4316238,nan,nan,nan,nan,0.1,1.0,20.0,10 V,1.0,False,1
15.1902,0.0007999999999999999,0.0001,0.773929,967411.25,4397846.0,0.4397846,nan,nan,nan,nan,0.1,1.0,20.0,10 V,1.0,False,1
15.2326,0.0006999999999999999,0.0001,0.8042627,1148946.7142857146,4330205.999999999,0.4330206,nan,nan,nan,nan,0.1,1.0,20.0,10 V,1.0,False,1
15.2751,0.0005999999999999998,0.0001,0.7610938,1268489.666666667,4342193.999999999,0.4342194,nan,nan,nan,nan,0.1,1.0,20.0,10 V,1.0,False,1
15.3175,0.0004999999999999998,0.0001,0.7200585,1440117.0000000007,4664118.999999999,0.4664119,nan,nan,nan,nan,0.1,1.0,20.0,10 V,1.0,False,1
15.3600,0.0003999999999999998,0.0001,0.6798042,1699510.5000000007,4342744.0,0.4342744,nan,nan,nan,nan,0.1,1.0,20.0,10 V,1.0,False,1
15.4025,0.0002999999999999998,0.0001,0.608171,2027236.666666668,4419843.0,0.4419843,nan,nan,nan,nan,0.1,1.0,20.0,10 V,1.0,False,1
15.4449,0.00019999999999999982,0.0001,0.5523318,2761659.0000000023,4338344.0,0.4338344,nan,nan,nan,nan,0.1,1.0,20.0,10 V,1.0,False,1
15.4874,9.999999999999982e-05,0.0001,0.4245518,4245518.000000007,4118373.0,0.4118373,nan,nan,nan,nan,0.1,1.0,20.0,10 V,1.0,False,1
15.5299,-1e-05,0.0001,-0.2290102,22901020.0,4272684.0,0.4272684,nan,nan,nan,nan,0.1,1.0,20.0,10 V,1.0,False,1
15.5723,-0.00011,0.0001,-0.667288,6066254.545454545,4288521.0,0.4288521,nan,nan,nan,nan,0.1,1.0,20.0,10 V,1.0,False,1
15.6148,-0.00021,0.0001,-0.7019551,3342643.3333333335,6660450.999999999,0.6660451,nan,nan,nan,nan,0.1,1.0,20.0,10 V,1.0,False,1
15.6573,-0.00031,0.0001,-0.7498863,2418988.064516129,6711814.0,0.6711814,nan,nan,nan,nan,0.1,1.0,20.0,10 V,1.0,False,1
15.6997,-0.00041,0.0001,-0.7696506,1877196.5853658535,6754377.999999999,0.6754378,nan,nan,nan,nan,0.1,1.0,20.0,10 V,1.0,False,1
15.7422,-0.00051,0.0001,-0.7917795,1552508.8235294113,6811129.999999999,0.681113,nan,nan,nan,nan,0.1,1.0,20.0,10 V,1.0,False,1
15.7848,-0.0006100000000000001,0.0001,-0.8169989,1339342.4590163932,6916934.999999999,0.6916935,nan,nan,nan,nan,0.1,1.0,20.0,10 V,1.0,False,1
15.8272,-0.0007100000000000001,0.0001,-0.823664,1160090.1408450701,6833016.999999999,0.6833017,nan,nan,nan,nan,0.1,1.0,20.0,10 V,1.0,False,1
15.8697,-0.0008100000000000002,0.0001,-0.8415257,1038920.6172839504,6691027.0,0.6691027,nan,nan,nan,nan,0.1,1.0,20.0,10 V,1.0,False,1
15.9122,-0.0009100000000000002,0.0001,-0.8527111,937045.1648351646,6978197.0,0.6978197,nan,nan,nan,nan,0.1,1.0,20.0,10 V,1.0,False,1
15.9543,-0.001,0.0001,-0.867636,867636.0,6856554.0,0.6856554,nan,nan,nan,nan,0.1,1.0,20.0,10 V,1.0,False,1
15.9965,-0.0009,0.0001,-0.8586503,954055.8888888889,6626906.0,0.6626906,nan,nan,nan,nan,0.1,1.0,20.0,10 V,1.0,False,1
16.0387,-0.0007999999999999999,0.0001,-0.8351026,1043878.2500000001,6681238.0,0.6681238,nan,nan,nan,nan,0.1,1.0,20.0,10 V,1.0,False,1
16.0809,-0.0006999999999999999,0.0001,-0.83089,1186985.7142857146,6679918.999999999,0.6679919,nan,nan,nan,nan,0.1,1.0,20.0,10 V,1.0,False,1
16.1230,-0.0005999999999999998,0.0001,-0.7919774,1319962.3333333337,6144070.999999999,0.6144071,nan,nan,nan,nan,0.1,1.0,20.0,10 V,1.0,False,1
16.1651,-0.0004999999999999998,0.0001,-0.7884029,1576805.8000000007,6431462.999999999,0.6431463,nan,nan,nan,nan,0.1,1.0,20.0,10 V,1.0,False,1
16.2072,-0.0003999999999999998,0.0001,-0.7627325,1906831.250000001,6512851.999999999,0.6512852,nan,nan,nan,nan,0.1,1.0,20.0,10 V,1.0,False,1
16.2493,-0.0002999999999999998,0.0001,-0.730969,2436563.333333335,6513071.999999999,0.6513072,nan,nan,nan,nan,0.1,1.0,20.0,10 V,1.0,False,1
16.2915,-0.00019999999999999982,0.0001,-0.7084552,3542276.000000003,6342815.999999999,0.6342816,nan,nan,nan,nan,0.1,1.0,20.0,10 V,1.0,False,1
16.3337,-9.999999999999982e-05,0.0001,-0.6128675,6128675.000000011,6785174.0,0.6785174,nan,nan,nan,nan,0.1,1.0,20.0,10 V,1.0,False,1
16.3759,1e-05,0.0001,0.2358841,23588410.0,6361953.0,0.6361953,nan,nan,nan,nan,0.1,1.0,20.0,10 V,1.0,False,1
16.4180,0.00011,0.0001,0.6682668,6075152.7272727275,6731721.0,0.6731721,nan,nan,nan,nan,0.1,1.0,20.0,10 V,1.0,False,1
16.4602,0.00021,0.0001,0.8072103,3843858.571428572,6702574.999999999,0.6702575,nan,nan,nan,nan,0.1,1.0,20.0,10 V,1.0,False,1
16.5024,0.00031,0.0001,0.9116628,2940847.741935484,6762407.0,0.6762407,nan,nan,nan,nan,0.1,1.0,20.0,10 V,1.0,False,1
16.5444,0.00041,0.0001,0.9889821,2412151.463414634,6928703.999999999,0.6928704,nan,nan,nan,nan,0.1,1.0,20.0,10 V,1.0,False,1
16.5867,0.00051,0.0001,1.0432814,2045649.803921568,6713354.0,0.6713354,nan,nan,nan,nan,0.1,1.0,20.0,10 V,1.0,False,1
16.6290,0.0006100000000000001,0.0001,1.1322261,1856108.3606557373,6650443.0,0.6650443,nan,nan,nan,nan,0.1,1.0,20.0,10 V,1.0,False,1
16.6714,0.0007100000000000001,0.0001,1.1837869,1667305.4929577461,6530559.999999999,0.653056,nan,nan,nan,nan,0.1,1.0,20.0,10 V,1.0,False,1
16.7138,0.0008100000000000002,0.0001,1.2557058,1550254.074074074,6703455.0,0.6703455,nan,nan,nan,nan,0.1,1.0,20.0,10 V,1.0,False,1
16.7562,0.0009100000000000002,0.0001,1.2658687,1391064.505494505,6924523.999999999,0.6924524,nan,nan,nan,nan,0.1,1.0,20.0,10 V,1.0,False,1
16.7986,0.001,0.0001,1.3596855,1359685.5000000002,6207422.0,0.6207422,nan,nan,nan,nan,0.1,1.0,20.0,10 V,1.0,False,1
16.8410,0.0009,0.0001,1.3595975,1510663.888888889,6818168.999999999,0.6818169,nan,nan,nan,nan,0.1,1.0,20.0,10 V,1.0,False,1
16.8833,0.0007999999999999999,0.0001,1.2439264,1554908.0000000002,6378671.0,0.6378671,nan,nan,nan,nan,0.1,1.0,20.0,10 V,1.0,False,1
16.9254,0.0006999999999999999,0.0001,1.2150995,1735856.4285714289,5970294.999999999,0.5970295,nan,nan,nan,nan,0.1,1.0,20.0,10 V,1.0,False,1
16.9674,0.0005999999999999998,0.0001,1.1414868,1902478.0000000005,6496463.999999999,0.6496464,nan,nan,nan,nan,0.1,1.0,20.0,10 V,1.0,False,1
17.0096,0.0004999999999999998,0.0001,1.0890572,2178114.4000000013,6271872.999999999,0.6271873,nan,nan,nan,nan,0.1,1.0,20.0,10 V,1.0,False,1
17.0520,0.0003999999999999998,0.0001,0.9745191,2436297.750000001,6090837.999999999,0.6090838,nan,nan,nan,nan,0.1,1.0,20.0,10 V,1.0,False,1
17.0944,0.0002999999999999998,0.0001,0.9232552,3077517.3333333354,6069830.999999999,0.6069831,nan,nan,nan,nan,0.1,1.0,20.0,10 V,1.0,False,1
17.1364,0.00019999999999999982,0.0001,0.7927033,3963516.5000000033,6012199.0,0.6012199,nan,nan,nan,nan,0.1,1.0,20.0,10 V,1.0,False,1
17.1783,9.999999999999982e-05,0.0001,0.6003841,6003841.00000001,6298382.0,0.6298382,nan,nan,nan,nan,0.1,1.0,20.0,10 V,1.0,False,1
17.2204,-1e-05,0.0001,-0.2137444,21374440.0,5929050.999999999,0.5929051,nan,nan,nan,nan,0.1,1.0,20.0,10 V,1.0,False,1
17.2625,-0.00011,0.0001,-0.6504053,5912775.454545454,5675316.999999999,0.5675317,nan,nan,nan,nan,0.1,1.0,20.0,10 V,1.0,False,1
17.3047,-0.00021,0.0001,-0.7184968,3421413.3333333335,5628902.999999999,0.5628903,nan,nan,nan,nan,0.1,1.0,20.0,10 V,1.0,False,1
17.3470,-0.00031,0.0001,-0.7352254,2371694.8387096776,5557743.0,0.5557743,nan,nan,nan,nan,0.1,1.0,20.0,10 V,1.0,False,1
17.3894,-0.00041,0.0001,-0.773852,1887443.9024390243,5895835.999999999,0.5895836,nan,nan,nan,nan,0.1,1.0,20.0,10 V,1.0,False,1
17.4316,-0.00051,0.0001,-0.8013591,1571292.3529411762,5737678.0,0.5737678,nan,nan,nan,nan,0.1,1.0,20.0,10 V,1.0,False,1
17.4739,-0.0006100000000000001,0.0001,-0.8054175,1320356.557377049,5874829.0,0.5874829,nan,nan,nan,nan,0.1,1.0,20.0,10 V,1.0,False,1
17.5163,-0.0007100000000000001,0.0001,-0.8333758,1173768.7323943658,5535525.999999999,0.5535526,nan,nan,nan,nan,0.1,1.0,20.0,10 V,1.0,False,1
17.5586,-0.0008100000000000002,0.0001,-0.8562196,1057061.234567901,5501760.999999999,0.5501761,nan,nan,nan,nan,0.1,1.0,20.0,10 V,1.0,False,1
17.6009,-0.0009100000000000002,0.0001,-0.8617518,946979.9999999997,5232628.999999999,0.5232629,nan,nan,nan,nan,0.1,1.0,20.0,10 V,1.0,False,1
17.6430,-0.001,0.0001,-0.8838587,883858.7000000001,5383637.999999999,0.5383638,nan,nan,nan,nan,0.1,1.0,20.0,10 V,1.0,False,1
17.6851,-0.0009,0.0001,-0.8731132,970125.7777777779,5501650.999999999,0.5501651,nan,nan,nan,nan,0.1,1.0,20.0,10 V,1.0,False,1
17.7272,-0.0007999999999999999,0.0001,-0.8577154,1072144.25,5361531.0,0.5361531,nan,nan,nan,nan,0.1,1.0,20.0,10 V,1.0,False,1
17.7697,-0.0006999999999999999,0.0001,-0.8421526,1203075.1428571432,5727999.0,0.5727999,nan,nan,nan,nan,0.1,1.0,20.0,10 V,1.0,False,1
17.8119,-0.0005999999999999998,0.0001,-0.8214313,1369052.166666667,5374619.0,0.5374619,nan,nan,nan,nan,0.1,1.0,20.0,10 V,1.0,False,1
17.8331,-0.0005999999999999998,0.0001,-0.8214313,1369052.166666667,5398155.999999999,0.5398156,nan,nan,nan,nan,0.1,1.0,20.0,10 V,1.0,False,1
17.8544,-0.0005999999999999998,0.0001,-0.8214313,1369052.166666667,5484822.999999999,0.5484823,nan,nan,nan,nan,0.1,1.0,20.0,10 V,1.0,False,1
17.8755,-0.0005999999999999998,0.0001,-0.8214313,1369052.166666667,5566761.999999999,0.5566762,nan,nan,nan,nan,0.1,1.0,20.0,10 V,1.0,False,1
17.8968,-0.0005999999999999998,0.0001,-0.8214313,1369052.166666667,5534097.0,0.5534097,nan,nan,nan,nan,0.1,1.0,20.0,10 V,1.0,False,1
17.9180,-0.0005999999999999998,0.0001,-0.8214313,1369052.166666667,5673006.999999999,0.5673007,nan,nan,nan,nan,0.1,1.0,20.0,10 V,1.0,False,1
17.9392,-0.0005999999999999998,0.0001,-0.8214313,1369052.166666667,5811037.999999999,0.5811038,nan,nan,nan,nan,0.1,1.0,20.0,10 V,1.0,False,1
17.9604,-0.0005999999999999998,0.0001,-0.8214313,1369052.166666667,5561152.999999999,0.5561153,nan,nan,nan,nan,0.1,1.0,20.0,10 V,1.0,False,1
17.9816,-0.0005999999999999998,0.0001,-0.8214313,1369052.166666667,5600637.0,0.5600637,nan,nan,nan,nan,0.1,1.0,20.0,10 V,1.0,False,1
18.0029,-0.0005999999999999998,0.0001,-0.8214313,1369052.166666667,5720190.0,0.572019,nan,nan,nan,nan,0.1,1.0,20.0,10 V,1.0,False,1
18.0241,-0.0005999999999999998,0.0001,-0.8214313,1369052.166666667,5704242.999999999,0.5704243,nan,nan,nan,nan,0.1,1.0,20.0,10 V,1.0,False,1
18.0453,-0.0005999999999999998,0.0001,-0.8214313,1369052.166666667,5578199.999999999,0.55782,nan,nan,nan,nan,0.1,1.0,20.0,10 V,1.0,False,1
18.0665,-0.0005999999999999998,0.0001,-0.8214313,1369052.166666667,5675757.0,0.5675757,nan,nan,nan,nan,0.1,1.0,20.0,10 V,1.0,False,1
18.0877,-0.0005999999999999998,0.0001,-0.8214313,1369052.166666667,5676746.0,0.5676746,nan,nan,nan,nan,0.1,1.0,20.0,10 V,1.0,False,1
18.1089,-0.0005999999999999998,0.0001,-0.8214313,1369052.166666667,5701382.999999999,0.5701383,nan,nan,nan,nan,0.1,1.0,20.0,10 V,1.0,False,1
18.1301,-0.0005999999999999998,0.0001,-0.8214313,1369052.166666667,5805207.999999999,0.5805208,nan,nan,nan,nan,0.1,1.0,20.0,10 V,1.0,False,1
18.1514,-0.0005999999999999998,0.0001,-0.8214313,1369052.166666667,5801688.999999999,0.5801689,nan,nan,nan,nan,0.1,1.0,20.0,10 V,1.0,False,1
18.1727,-0.0005999999999999998,0.0001,-0.8214313,1369052.166666667,5787830.999999999,0.5787831,nan,nan,nan,nan,0.1,1.0,20.0,10 V,1.0,False,1
18.1940,-0.0005999999999999998,0.0001,-0.8214313,1369052.166666667,5777712.0,0.5777712,nan,nan,nan,nan,0.1,1.0,20.0,10 V,1.0,False,1
18.2152,-0.0005999999999999998,0.0001,-0.8214313,1369052.166666667,5792119.999999999,0.579212,nan,nan,nan,nan,0.1,1.0,20.0,10 V,1.0,False,1
18.2365,-0.0005999999999999998,0.0001,-0.8214313,1369052.166666667,5817636.999999999,0.5817637,nan,nan,nan,nan,0.1,1.0,20.0,10 V,1.0,False,1
18.2578,-0.0005999999999999998,0.0001,-0.8214313,1369052.166666667,5923112.0,0.5923112,nan,nan,nan,nan,0.1,1.0,20.0,10 V,1.0,False,1
18.2790,-0.0005999999999999998,0.0001,-0.8214313,1369052.166666667,5873618.999999999,0.5873619,nan,nan,nan,nan,0.1,1.0,20.0,10 V,1.0,False,1
18.3002,-0.0005999999999999998,0.0001,-0.8214313,1369052.166666667,5790140.999999999,0.5790141,nan,nan,nan,nan,0.1,1.0,20.0,10 V,1.0,False,1
18.3214,-0.0005999999999999998,0.0001,-0.8214313,1369052.166666667,5957757.0,0.5957757,nan,nan,nan,nan,0.1,1.0,20.0,10 V,1.0,False,1
18.3426,-0.0005999999999999998,0.0001,-0.8214313,1369052.166666667,6088198.999999999,0.6088199,nan,nan,nan,nan,0.1,1.0,20.0,10 V,1.0,False,1
18.3639,-0.0005999999999999998,0.0001,-0.8214313,1369052.166666667,6068620.999999999,0.6068621,nan,nan,nan,nan,0.1,1.0,20.0,10 V,1.0,False,1
18.3850,-0.0005999999999999998,0.0001,-0.8214313,1369052.166666667,6066531.999999999,0.6066532,nan,nan,nan,nan,0.1,1.0,20.0,10 V,1.0,False,1
18.4063,-0.0005999999999999998,0.0001,-0.8214313,1369052.166666667,6017259.0,0.6017259,nan,nan,nan,nan,0.1,1.0,20.0,10 V,1.0,False,1
18.4275,-0.0005999999999999998,0.0001,-0.8214313,1369052.166666667,6053114.0,0.6053114,nan,nan,nan,nan,0.1,1.0,20.0,10 V,1.0,False,1
18.4487,-0.0005999999999999998,0.0001,-0.8214313,1369052.166666667,5973264.999999999,0.5973265,nan,nan,nan,nan,0.1,1.0,20.0,10 V,1.0,False,1
18.4700,-0.0005999999999999998,0.0001,-0.8214313,1369052.166666667,6168597.0,0.6168597,nan,nan,nan,nan,0.1,1.0,20.0,10 V,1.0,False,1
18.4912,-0.0005999999999999998,0.0001,-0.8214313,1369052.166666667,6102826.999999999,0.6102827,nan,nan,nan,nan,0.1,1.0,20.0,10 V,1.0,False,1
18.5124,-0.0005999999999999998,0.0001,-0.8214313,1369052.166666667,6025837.0,0.6025837,nan,nan,nan,nan,0.1,1.0,20.0,10 V,1.0,False,1
18.5336,-0.0005999999999999998,0.0001,-0.8214313,1369052.166666667,6034745.999999999,0.6034746,nan,nan,nan,nan,0.1,1.0,20.0,10 V,1.0,False,1
18.5549,-0.0005999999999999998,0.0001,-0.8214313,1369052.166666667,6037055.999999999,0.6037056,nan,nan,nan,nan,0.1,1.0,20.0,10 V,1.0,False,1
18.5761,-0.0005999999999999998,0.0001,-0.8214313,1369052.166666667,5950387.999999999,0.5950388,nan,nan,nan,nan,0.1,1.0,20.0,10 V,1.0,False,1
18.5973,-0.0005999999999999998,0.0001,-0.8214313,1369052.166666667,5992401.999999999,0.5992402,nan,nan,nan,nan,0.1,1.0,20.0,10 V,1.0,False,1
18.6185,-0.0005999999999999998,0.0001,-0.8214313,1369052.166666667,6057953.0,0.6057953,nan,nan,nan,nan,0.1,1.0,20.0,10 V,1.0,False,1
18.6396,-0.0005999999999999998,0.0001,-0.8214313,1369052.166666667,6007689.999999999,0.600769,nan,nan,nan,nan,0.1,1.0,20.0,10 V,1.0,False,1
18.6609,-0.0005999999999999998,0.0001,-0.8214313,1369052.166666667,6080719.999999999,0.608072,nan,nan,nan,nan,0.1,1.0,20.0,10 V,1.0,False,1
18.6821,-0.0005999999999999998,0.0001,-0.8214313,1369052.166666667,6065321.999999999,0.6065322,nan,nan,nan,nan,0.1,1.0,20.0,10 V,1.0,False,1
18.7034,-0.0005999999999999998,0.0001,-0.8214313,1369052.166666667,6141541.0,0.6141541,nan,nan,nan,nan,0.1,1.0,20.0,10 V,1.0,False,1
18.7246,-0.0005999999999999998,0.0001,-0.8214313,1369052.166666667,6061801.999999999,0.6061802,nan,nan,nan,nan,0.1,1.0,20.0,10 V,1.0,False,1
18.7458,-0.0005999999999999998,0.0001,-0.8214313,1369052.166666667,5962595.999999999,0.5962596,nan,nan,nan,nan,0.1,1.0,20.0,10 V,1.0,False,1
18.7671,-0.0005999999999999998,0.0001,-0.8214313,1369052.166666667,6028476.999999999,0.6028477,nan,nan,nan,nan,0.1,1.0,20.0,10 V,1.0,False,1
18.7883,-0.0005999999999999998,0.0001,-0.8214313,1369052.166666667,5962376.0,0.5962376,nan,nan,nan,nan,0.1,1.0,20.0,10 V,1.0,False,1
18.8096,-0.0005999999999999998,0.0001,-0.8214313,1369052.166666667,5885276.999999999,0.5885277,nan,nan,nan,nan,0.1,1.0,20.0,10 V,1.0,False,1
18.8308,-0.0005999999999999998,0.0001,-0.8214313,1369052.166666667,6017149.0,0.6017149,nan,nan,nan,nan,0.1,1.0,20.0,10 V,1.0,False,1
18.8520,-0.0005999999999999998,0.0001,-0.8214313,1369052.166666667,6007689.999999999,0.600769,nan,nan,nan,nan,0.1,1.0,20.0,10 V,1.0,False,1
18.8732,-0.0005999999999999998,0.0001,-0.8214313,1369052.166666667,6144401.0,0.6144401,nan,nan,nan,nan,0.1,1.0,20.0,10 V,1.0,False,1
18.8944,-0.0005999999999999998,0.0001,-0.8214313,1369052.166666667,6068841.0,0.6068841,nan,nan,nan,nan,0.1,1.0,20.0,10 V,1.0,False,1
18.9156,-0.0005999999999999998,0.0001,-0.8214313,1369052.166666667,6173106.999999999,0.6173107,nan,nan,nan,nan,0.1,1.0,20.0,10 V,1.0,False,1
18.9368,-0.0005999999999999998,0.0001,-0.8214313,1369052.166666667,5896605.999999999,0.5896606,nan,nan,nan,nan,0.1,1.0,20.0,10 V,1.0,False,1
18.9580,-0.0005999999999999998,0.0001,-0.8214313,1369052.166666667,6206101.999999999,0.6206102,nan,nan,nan,nan,0.1,1.0,20.0,10 V,1.0,False,1
18.9792,-0.0005999999999999998,0.0001,-0.8214313,1369052.166666667,6054762.999999999,0.6054763,nan,nan,nan,nan,0.1,1.0,20.0,10 V,1.0,False,1
19.0005,-0.0005999999999999998,0.0001,-0.8214313,1369052.166666667,6163427.999999999,0.6163428,nan,nan,nan,nan,0.1,1.0,20.0,10 V,1.0,False,1
19.0216,-0.0005999999999999998,0.0001,-0.8214313,1369052.166666667,6031556.999999999,0.6031557,nan,nan,nan,nan,0.1,1.0,20.0,10 V,1.0,False,1
19.0428,-0.0005999999999999998,0.0001,-0.8214313,1369052.166666667,6086658.999999999,0.6086659,nan,nan,nan,nan,0.1,1.0,20.0,10 V,1.0,False,1
19.0641,-0.0005999999999999998,0.0001,-0.8214313,1369052.166666667,5975025.0,0.5975025,nan,nan,nan,nan,0.1,1.0,20.0,10 V,1.0,False,1
19.0853,-0.0005999999999999998,0.0001,-0.8214313,1369052.166666667,6015278.999999999,0.6015279,nan,nan,nan,nan,0.1,1.0,20.0,10 V,1.0,False,1
19.1066,-0.0005999999999999998,0.0001,-0.8214313,1369052.166666667,6030237.0,0.6030237,nan,nan,nan,nan,0.1,1.0,20.0,10 V,1.0,False,1
19.1278,-0.0005999999999999998,0.0001,-0.8214313,1369052.166666667,6097217.0,0.6097217,nan,nan,nan,nan,0.1,1.0,20.0,10 V,1.0,False,1
19.1490,-0.0005999999999999998,0.0001,-0.8214313,1369052.166666667,6161448.0,0.6161448,nan,nan,nan,nan,0.1,1.0,20.0,10 V,1.0,False,1
19.1701,-0.0005999999999999998,0.0001,-0.8214313,1369052.166666667,6142750.999999999,0.6142751,nan,nan,nan,nan,0.1,1.0,20.0,10 V,1.0,False,1
19.1913,-0.0005999999999999998,0.0001,-0.8214313,1369052.166666667,6117675.0,0.6117675,nan,nan,nan,nan,0.1,1.0,20.0,10 V,1.0,False,1
19.2125,-0.0005999999999999998,0.0001,-0.8214313,1369052.166666667,6043214.999999999,0.6043215,nan,nan,nan,nan,0.1,1.0,20.0,10 V,1.0,False,1
19.2338,-0.0005999999999999998,0.0001,-0.8214313,1369052.166666667,6098097.0,0.6098097,nan,nan,nan,nan,0.1,1.0,20.0,10 V,1.0,False,1
19.2550,-0.0005999999999999998,0.0001,-0.8214313,1369052.166666667,6049594.0,0.6049594,nan,nan,nan,nan,0.1,1.0,20.0,10 V,1.0,False,1
19.2762,-0.0005999999999999998,0.0001,-0.8214313,1369052.166666667,6062682.0,0.6062682,nan,nan,nan,nan,0.1,1.0,20.0,10 V,1.0,False,1
19.2974,-0.0005999999999999998,0.0001,-0.8214313,1369052.166666667,6021438.0,0.6021438,nan,nan,nan,nan,0.1,1.0,20.0,10 V,1.0,False,1
19.3187,-0.0005999999999999998,0.0001,-0.8214313,1369052.166666667,6138021.999999999,0.6138022,nan,nan,nan,nan,0.1,1.0,20.0,10 V,1.0,False,1
19.3398,-0.0005999999999999998,0.0001,-0.8214313,1369052.166666667,6016709.0,0.6016709,nan,nan,nan,nan,0.1,1.0,20.0,10 V,1.0,False,1
19.3611,-0.0005999999999999998,0.0001,-0.8214313,1369052.166666667,6003401.0,0.6003401,nan,nan,nan,nan,0.1,1.0,20.0,10 V,1.0,False,1
19.3823,-0.0005999999999999998,0.0001,-0.8214313,1369052.166666667,6021328.0,0.6021328,nan,nan,nan,nan,0.1,1.0,20.0,10 V,1.0,False,1
19.4035,-0.0005999999999999998,0.0001,-0.8214313,1369052.166666667,5953357.999999999,0.5953358,nan,nan,nan,nan,0.1,1.0,20.0,10 V,1.0,False,1
19.4246,-0.0005999999999999998,0.0001,-0.8214313,1369052.166666667,5924871.999999999,0.5924872,nan,nan,nan,nan,0.1,1.0,20.0,10 V,1.0,False,1
19.4457,-0.0005999999999999998,0.0001,-0.8214313,1369052.166666667,5981954.0,0.5981954,nan,nan,nan,nan,0.1,1.0,20.0,10 V,1.0,False,1
19.4667,-0.0005999999999999998,0.0001,-0.8214313,1369052.166666667,6063231.999999999,0.6063232,nan,nan,nan,nan,0.1,1.0,20.0,10 V,1.0,False,1
19.4879,-0.0005999999999999998,0.0001,-0.8214313,1369052.166666667,5897925.0,0.5897925,nan,nan,nan,nan,0.1,1.0,20.0,10 V,1.0,False,1
19.6937,-0.0005999999999999998,1e-05,-0.8214313,1369052.166666667,21933140.0,0.2193314,nan,nan,nan,nan,0.1,1.0,20.0,10 V,1.0,False,1
19.7149,-0.0005999999999999998,1e-05,-0.8214313,1369052.166666667,21961730.0,0.2196173,nan,nan,nan,nan,0.1,1.0,20.0,10 V,1.0,False,1
19.7359,-0.0005999999999999998,1e-05,-0.8214313,1369052.166666667,21754960.0,0.2175496,nan,nan,nan,nan,0.1,1.0,20.0,10 V,1.0,False,1
19.7570,-0.0005999999999999998,1e-05,-0.8214313,1369052.166666667,22514960.0,0.2251496,nan,nan,nan,nan,0.1,1.0,20.0,10 V,1.0,False,1
19.7781,-0.0005999999999999998,1e-05,-0.8214313,1369052.166666667,21736270.0,0.2173627,nan,nan,nan,nan,0.1,1.0,20.0,10 V,1.0,False,1
19.7991,-0.0005999999999999998,1e-05,-0.8214313,1369052.166666667,21606480.0,0.2160648,nan,nan,nan,nan,0.1,1.0,20.0,10 V,1.0,False,1
19.8202,-0.0005999999999999998,1e-05,-0.8214313,1369052.166666667,22119010.0,0.2211901,nan,nan,nan,nan,0.1,1.0,20.0,10 V,1.0,False,1
19.8412,-0.0005999999999999998,1e-05,-0.8214313,1369052.166666667,22440170.0,0.2244017,nan,nan,nan,nan,0.1,1.0,20.0,10 V,1.0,False,1
19.8621,-0.0005999999999999998,1e-05,-0.8214313,1369052.166666667,22325780.0,0.2232578,nan,nan,nan,nan,0.1,1.0,20.0,10 V,1.0,False,1
19.8833,-0.0005999999999999998,1e-05,-0.8214313,1369052.166666667,22323580.0,0.2232358,nan,nan,nan,nan,0.1,1.0,20.0,10 V,1.0,False,1
19.9044,-0.0005999999999999998,1e-05,-0.8214313,1369052.166666667,22494060.0,0.2249406,nan,nan,nan,nan,0.1,1.0,20.0,10 V,1.0,False,1
19.9254,-0.0005999999999999998,1e-05,-0.8214313,1369052.166666667,22732730.0,0.2273273,nan,nan,nan,nan,0.1,1.0,20.0,10 V,1.0,False,1
19.9464,-0.0005999999999999998,1e-05,-0.8214313,1369052.166666667,23013190.0,0.2301319,nan,nan,nan,nan,0.1,1.0,20.0,10 V,1.0,False,1
19.9674,-0.0005999999999999998,1e-05,-0.8214313,1369052.166666667,23211160.0,0.2321116,nan,nan,nan,nan,0.1,1.0,20.0,10 V,1.0,False,1
19.9884,-0.0005999999999999998,1e-05,-0.8214313,1369052.166666667,23039580.0,0.2303958,nan,nan,nan,nan,0.1,1.0,20.0,10 V,1.0,False,1
20.0094,-0.0005999999999999998,1e-05,-0.8214313,1369052.166666667,22490760.0,0.2249076,nan,nan,nan,nan,0.1,1.0,20.0,10 V,1.0,False,1
20.0304,-0.0005999999999999998,1e-05,-0.8214313,1369052.166666667,22791020.0,0.2279102,nan,nan,nan,nan,0.1,1.0,20.0,10 V,1.0,False,1
20.0515,-0.0005999999999999998,1e-05,-0.8214313,1369052.166666667,22547950.0,0.2254795,nan,nan,nan,nan,0.1,1.0,20.0,10 V,1.0,False,1
20.0725,-0.0005999999999999998,1e-05,-0.8214313,1369052.166666667,23004390.0,0.2300439,nan,nan,nan,nan,0.1,1.0,20.0,10 V,1.0,False,1
20.0937,-0.0005999999999999998,1e-05,-0.8214313,1369052.166666667,23148470.0,0.2314847,nan,nan,nan,nan,0.1,1.0,20.0,10 V,1.0,False,1
20.1149,-0.0005999999999999998,1e-05,-0.8214313,1369052.166666667,23510320.0,0.2351032,nan,nan,nan,nan,0.1,1.0,20.0,10 V,1.0,False,1
20.1362,-0.0005999999999999998,1e-05,-0.8214313,1369052.166666667,23802880.0,0.2380288,nan,nan,nan,nan,0.1,1.0,20.0,10 V,1.0,False,1
20.1574,-0.0005999999999999998,1e-05,-0.8214313,1369052.166666667,23172660.0,0.2317266,nan,nan,nan,nan,0.1,1.0,20.0,10 V,1.0,False,1
20.1785,-0.0005999999999999998,1e-05,-0.8214313,1369052.166666667,21846250.0,0.2184625,nan,nan,nan,nan,0.1,1.0,20.0,10 V,1.0,False,1
20.1997,-0.0005999999999999998,1e-05,-0.8214313,1369052.166666667,22688730.0,0.2268873,nan,nan,nan,nan,0.1,1.0,20.0,10 V,1.0,False,1
20.2209,-0.0005999999999999998,1e-05,-0.8214313,1369052.166666667,22991190.0,0.2299119,nan,nan,nan,nan,0.1,1.0,20.0,10 V,1.0,False,1
20.2422,-0.0005999999999999998,1e-05,-0.8214313,1369052.166666667,23490520.0,0.2349052,nan,nan,nan,nan,0.1,1.0,20.0,10 V,1.0,False,1
20.2633,-0.0005999999999999998,1e-05,-0.8214313,1369052.166666667,23985450.0,0.2398545,nan,nan,nan,nan,0.1,1.0,20.0,10 V,1.0,False,1
20.2845,-0.0005999999999999998,1e-05,-0.8214313,1369052.166666667,24025040.0,0.2402504,nan,nan,nan,nan,0.1,1.0,20.0,10 V,1.0,False,1
20.3058,-0.0005999999999999998,1e-05,-0.8214313,1369052.166666667,23503720.0,0.2350372,nan,nan,nan,nan,0.1,1.0,20.0,10 V,1.0,False,1
20.3270,-0.0005999999999999998,1e-05,-0.8214313,1369052.166666667,22815210.0,0.2281521,nan,nan,nan,nan,0.1,1.0,20.0,10 V,1.0,False,1
20.3482,-0.0005999999999999998,1e-05,-0.8214313,1369052.166666667,21763760.0,0.2176376,nan,nan,nan,nan,0.1,1.0,20.0,10 V,1.0,False,1
20.3694,-0.0005999999999999998,1e-05,-0.8214313,1369052.166666667,22040920.0,0.2204092,nan,nan,nan,nan,0.1,1.0,20.0,10 V,1.0,False,1
20.3907,-0.0005999999999999998,1e-05,-0.8214313,1369052.166666667,22343380.0,0.2234338,nan,nan,nan,nan,0.1,1.0,20.0,10 V,1.0,False,1
20.4119,-0.0005999999999999998,1e-05,-0.8214313,1369052.166666667,22188300.0,0.221883,nan,nan,nan,nan,0.1,1.0,20.0,10 V,1.0,False,1
20.4332,-0.0005999999999999998,1e-05,-0.8214313,1369052.166666667,23200160.0,0.2320016,nan,nan,nan,nan,0.1,1.0,20.0,10 V,1.0,False,1
20.4544,-0.0005999999999999998,1e-05,-0.8214313,1369052.166666667,22970290.0,0.2297029,nan,nan,nan,nan,0.1,1.0,20.0,10 V,1.0,False,1
20.4756,-0.0005999999999999998,1e-05,-0.8214313,1369052.166666667,22437970.0,0.2243797,nan,nan,nan,nan,0.1,1.0,20.0,10 V,1.0,False,1
20.4968,-0.0005999999999999998,1e-05,-0.8214313,1369052.166666667,22841610.0,0.2284161,nan,nan,nan,nan,0.1,1.0,20.0,10 V,1.0,False,1
20.5180,-0.0005999999999999998,1e-05,-0.8214313,1369052.166666667,22320280.0,0.2232028,nan,nan,nan,nan,0.1,1.0,20.0,10 V,1.0,False,1
20.5393,-0.0005999999999999998,1e-05,-0.8214313,1369052.166666667,21311730.0,0.2131173,nan,nan,nan,nan,0.1,1.0,20.0,10 V,1.0,False,1
20.5605,-0.0005999999999999998,1e-05,-0.8214313,1369052.166666667,22513860.0,0.2251386,nan,nan,nan,nan,0.1,1.0,20.0,10 V,1.0,False,1
20.5818,-0.0005999999999999998,1e-05,-0.8214313,1369052.166666667,23206760.0,0.2320676,nan,nan,nan,nan,0.1,1.0,20.0,10 V,1.0,False,1
20.6030,-0.0005999999999999998,1e-05,-0.8214313,1369052.166666667,24042640.0,0.2404264,nan,nan,nan,nan,0.1,1.0,20.0,10 V,1.0,False,1
20.6242,-0.0005999999999999998,1e-05,-0.8214313,1369052.166666667,24536470.0,0.2453647,nan,nan,nan,nan,0.1,1.0,20.0,10 V,1.0,False,1
20.6455,-0.0005999999999999998,1e-05,-0.8214313,1369052.166666667,23731390.0,0.2373139,nan,nan,nan,nan,0.1,1.0,20.0,10 V,1.0,False,1
20.6667,-0.0005999999999999998,1e-05,-0.8214313,1369052.166666667,23245250.0,0.2324525,nan,nan,nan,nan,0.1,1.0,20.0,10 V,1.0,False,1
20.6880,-0.0005999999999999998,1e-05,-0.8214313,1369052.166666667,22819610.0,0.2281961,nan,nan,nan,nan,0.1,1.0,20.0,10 V,1.0,False,1
20.7093,-0.0005999999999999998,1e-05,-0.8214313,1369052.166666667,23571910.0,0.2357191,nan,nan,nan,nan,0.1,1.0,20.0,10 V,1.0,False,1
20.7304,-0.0005999999999999998,1e-05,-0.8214313,1369052.166666667,22750320.0,0.2275032,nan,nan,nan,nan,0.1,1.0,20.0,10 V,1.0,False,1
20.7516,-0.0005999999999999998,1e-05,-0.8214313,1369052.166666667,23120970.0,0.2312097,nan,nan,nan,nan,0.1,1.0,20.0,10 V,1.0,False,1
20.7729,-0.0005999999999999998,1e-05,-0.8214313,1369052.166666667,23238660.0,0.2323866,nan,nan,nan,nan,0.1,1.0,20.0,10 V,1.0,False,1
20.7941,-0.0005999999999999998,1e-05,-0.8214313,1369052.166666667,24085540.0,0.2408554,nan,nan,nan,nan,0.1,1.0,20.0,10 V,1.0,False,1
20.8153,-0.0005999999999999998,1e-05,-0.8214313,1369052.166666667,23653300.0,0.236533,nan,nan,nan,nan,0.1,1.0,20.0,10 V,1.0,False,1
20.8365,-0.0005999999999999998,1e-05,-0.8214313,1369052.166666667,24448490.0,0.2444849,nan,nan,nan,nan,0.1,1.0,20.0,10 V,1.0,False,1
20.8578,-0.0005999999999999998,1e-05,-0.8214313,1369052.166666667,23145170.0,0.2314517,nan,nan,nan,nan,0.1,1.0,20.0,10 V,1.0,False,1
20.8789,-0.0005999999999999998,1e-05,-0.8214313,1369052.166666667,23692890.0,0.2369289,nan,nan,nan,nan,0.1,1.0,20.0,10 V,1.0,False,1
20.9001,-0.0005999999999999998,1e-05,-0.8214313,1369052.166666667,24827930.0,0.2482793,nan,nan,nan,nan,0.1,1.0,20.0,10 V,1.0,False,1
20.9213,-0.0005999999999999998,1e-05,-0.8214313,1369052.166666667,23964550.0,0.2396455,nan,nan,nan,nan,0.1,1.0,20.0,10 V,1.0,False,1
20.9426,-0.0005999999999999998,1e-05,-0.8214313,1369052.166666667,23182560.0,0.2318256,nan,nan,nan,nan,0.1,1.0,20.0,10 V,1.0,False,1
20.9639,-0.0005999999999999998,1e-05,-0.8214313,1369052.166666667,23709390.0,0.2370939,nan,nan,nan,nan,0.1,1.0,20.0,10 V,1.0,False,1
20.9851,-0.0005999999999999998,1e-05,-0.8214313,1369052.166666667,22966990.0,0.2296699,nan,nan,nan,nan,0.1,1.0,20.0,10 V,1.0,False,1
21.0062,-0.0005999999999999998,1e-05,-0.8214313,1369052.166666667,23112170.0,0.2311217,nan,nan,nan,nan,0.1,1.0,20.0,10 V,1.0,False,1
21.0275,-0.0005999999999999998,1e-05,-0.8214313,1369052.166666667,23137470.0,0.2313747,nan,nan,nan,nan,0.1,1.0,20.0,10 V,1.0,False,1
21.0487,-0.0005999999999999998,1e-05,-0.8214313,1369052.166666667,21912240.0,0.2191224,nan,nan,nan,nan,0.1,1.0,20.0,10 V,1.0,False,1
21.0700,-0.0005999999999999998,1e-05,-0.8214313,1369052.166666667,23038480.0,0.2303848,nan,nan,nan,nan,0.1,1.0,20.0,10 V,1.0,False,1
21.0912,-0.0005999999999999998,1e-05,-0.8214313,1369052.166666667,24297810.0,0.2429781,nan,nan,nan,nan,0.1,1.0,20.0,10 V,1.0,False,1
21.1124,-0.0005999999999999998,1e-05,-0.8214313,1369052.166666667,22457760.0,0.2245776,nan,nan,nan,nan,0.1,1.0,20.0,10 V,1.0,False,1
21.1336,-0.0005999999999999998,1e-05,-0.8214313,1369052.166666667,23735790.0,0.2373579,nan,nan,nan,nan,0.1,1.0,20.0,10 V,1.0,False,1
21.1549,-0.0005999999999999998,1e-05,-0.8214313,1369052.166666667,23105570.0,0.2310557,nan,nan,nan,nan,0.1,1.0,20.0,10 V,1.0,False,1
21.1761,-0.0005999999999999998,1e-05,-0.8214313,1369052.166666667,22949400.0,0.229494,nan,nan,nan,nan,0.1,1.0,20.0,10 V,1.0,False,1
21.1973,-0.0005999999999999998,1e-05,-0.8214313,1369052.166666667,22346680.0,0.2234668,nan,nan,nan,nan,0.1,1.0,20.0,10 V,1.0,False,1
21.2185,-0.0005999999999999998,1e-05,-0.8214313,1369052.166666667,21901240.0,0.2190124,nan,nan,nan,nan,0.1,1.0,20.0,10 V,1.0,False,1
21.2398,-0.0005999999999999998,1e-05,-0.8214313,1369052.166666667,22579850.0,0.2257985,nan,nan,nan,nan,0.1,1.0,20.0,10 V,1.0,False,1
21.2610,-0.0005999999999999998,1e-05,-0.8214313,1369052.166666667,22682130.0,0.2268213,nan,nan,nan,nan,0.1,1.0,20.0,10 V,1.0,False,1
21.2822,-0.0005999999999999998,1e-05,-0.8214313,1369052.166666667,21718670.0,0.2171867,nan,nan,nan,nan,0.1,1.0,20.0,10 V,1.0,False,1
21.3035,-0.0005999999999999998,1e-05,-0.8214313,1369052.166666667,22431370.0,0.2243137,nan,nan,nan,nan,0.1,1.0,20.0,10 V,1.0,False,1
21.3247,-0.0005999999999999998,1e-05,-0.8214313,1369052.166666667,24055840.0,0.2405584,nan,nan,nan,nan,0.1,1.0,20.0,10 V,1.0,False,1
21.3460,-0.0005999999999999998,1e-05,-0.8214313,1369052.166666667,24259310.0,0.2425931,nan,nan,nan,nan,0.1,1.0,20.0,10 V,1.0,False,1
21.3672,-0.0005999999999999998,1e-05,-0.8214313,1369052.166666667,25284370.0,0.2528437,nan,nan,nan,nan,0.1,1.0,20.0,10 V,1.0,False,1
21.3884,-0.0005999999999999998,1e-05,-0.8214313,1369052.166666667,24180120.0,0.2418012,nan,nan,nan,nan,0.1,1.0,20.0,10 V,1.0,False,1
21.4097,-0.0005999999999999998,1e-05,-0.8214313,1369052.166666667,24598060.0,0.2459806,nan,nan,nan,nan,0.1,1.0,20.0,10 V,1.0,False,1
21.4307,-0.0005999999999999998,1e-05,-0.8214313,1369052.166666667,22884500.0,0.228845,nan,nan,nan,nan,0.1,1.0,20.0,10 V,1.0,False,1
21.4519,-0.0005999999999999998,1e-05,-0.8214313,1369052.166666667,23223260.0,0.2322326,nan,nan,nan,nan,0.1,1.0,20.0,10 V,1.0,False,1
21.4944,-0.0003999999999999998,1e-05,-0.8069243,2017310.750000001,21260030.0,0.2126003,nan,nan,nan,nan,0.1,1.0,20.0,10 V,1.0,False,1
21.5369,-0.0002999999999999998,1e-05,-0.7517341,2505780.3333333344,18683080.0,0.1868308,nan,nan,nan,nan,0.1,1.0,20.0,10 V,1.0,False,1
21.5794,-0.00019999999999999982,1e-05,-0.7271415,3635707.5000000033,19529960.0,0.1952996,nan,nan,nan,nan,0.1,1.0,20.0,10 V,1.0,False,1
21.6217,-9.999999999999982e-05,1e-05,-0.6486236,6486236.000000011,20395530.0,0.2039553,nan,nan,nan,nan,0.1,1.0,20.0,10 V,1.0,False,1
21.6642,1e-05,1e-05,0.2124903,21249030.0,20679290.0,0.2067929,nan,nan,nan,nan,0.1,1.0,20.0,10 V,1.0,False,1
21.7066,0.00011,1e-05,0.5780352,5254865.454545454,21119250.0,0.2111925,nan,nan,nan,nan,0.1,1.0,20.0,10 V,1.0,False,1
21.7491,0.00021,1e-05,0.7281864,3467554.285714286,21409610.0,0.2140961,nan,nan,nan,nan,0.1,1.0,20.0,10 V,1.0,False,1
21.7916,0.00031,1e-05,0.8722004,2813549.6774193547,20362540.0,0.2036254,nan,nan,nan,nan,0.1,1.0,20.0,10 V,1.0,False,1
21.8339,0.00041,1e-05,0.9555468,2330601.951219512,22652440.0,0.2265244,nan,nan,nan,nan,0.1,1.0,20.0,10 V,1.0,False,1
21.8763,0.00051,1e-05,1.0219224,2003769.4117647056,23111070.0,0.2311107,nan,nan,nan,nan,0.1,1.0,20.0,10 V,1.0,False,1
21.9187,0.0006100000000000001,1e-05,1.0716246,1756761.6393442622,22939500.0,0.229395,nan,nan,nan,nan,0.1,1.0,20.0,10 V,1.0,False,1
21.9611,0.0007100000000000001,1e-05,1.0198217,1436368.5915492955,21107150.0,0.2110715,nan,nan,nan,nan,0.1,1.0,20.0,10 V,1.0,False,1
22.0035,0.0008100000000000002,1e-05,1.0478018,1293582.4691358022,21268830.0,0.2126883,nan,nan,nan,nan,0.1,1.0,20.0,10 V,1.0,False,1
22.0460,0.0009100000000000002,1e-05,1.083635,1190807.6923076918,21077460.0,0.2107746,nan,nan,nan,nan,0.1,1.0,20.0,10 V,1.0,False,1
22.0883,0.001,1e-05,1.1957092,1195709.2000000002,21012570.0,0.2101257,nan,nan,nan,nan,0.1,1.0,20.0,10 V,1.0,False,1
22.1307,0.0009,1e-05,1.0534222,1170469.1111111112,19787320.0,0.1978732,nan,nan,nan,nan,0.1,1.0,20.0,10 V,1.0,False,1
22.1730,0.0007999999999999999,1e-05,1.1054999,1381874.8750000002,18659980.0,0.1865998,nan,nan,nan,nan,0.1,1.0,20.0,10 V,1.0,False,1
22.2154,0.0006999999999999999,1e-05,1.0627049,1518149.8571428573,20814580.0,0.2081458,nan,nan,nan,nan,0.1,1.0,20.0,10 V,1.0,False,1
22.2578,0.0005999999999999998,1e-05,1.0148504,1691417.3333333337,20971870.0,0.2097187,nan,nan,nan,nan,0.1,1.0,20.0,10 V,1.0,False,1
22.3002,0.0004999999999999998,1e-05,0.9288314,1857662.8000000007,20903660.0,0.2090366,nan,nan,nan,nan,0.1,1.0,20.0,10 V,1.0,False,1
22.3426,0.0003999999999999998,1e-05,0.8638745,2159686.250000001,20555010.0,0.2055501,nan,nan,nan,nan,0.1,1.0,20.0,10 V,1.0,False,1
22.3850,0.0002999999999999998,1e-05,0.7811989,2603996.333333335,19992990.0,0.1999299,nan,nan,nan,nan,0.1,1.0,20.0,10 V,1.0,False,1
22.4274,0.00019999999999999982,1e-05,0.6727762,3363881.0000000033,19390280.0,0.1939028,nan,nan,nan,nan,0.1,1.0,20.0,10 V,1.0,False,1
22.4697,9.999999999999982e-05,1e-05,0.5677406,5677406.00000001,21761560.0,0.2176156,nan,nan,nan,nan,0.1,1.0,20.0,10 V,1.0,False,1
22.5122,-1e-05,1e-05,-0.2145363,21453630.0,21454710.0,0.2145471,nan,nan,nan,nan,0.1,1.0,20.0,10 V,1.0,False,1
22.5546,-0.00011,1e-05,-0.5656621,5142382.727272727,20075480.0,0.2007548,nan,nan,nan,nan,0.1,1.0,20.0,10 V,1.0,False,1
22.5971,-0.00021,1e-05,-0.6757678,3217941.904761905,20926760.0,0.2092676,nan,nan,nan,nan,0.1,1.0,20.0,10 V,1.0,False,1
22.6395,-0.00031,1e-05,-0.7587951,2447726.129032258,19933600.0,0.199336,nan,nan,nan,nan,0.1,1.0,20.0,10 V,1.0,False,1
22.6820,-0.00041,1e-05,-0.7800551,1902573.4146341465,18476300.0,0.184763,nan,nan,nan,nan,0.1,1.0,20.0,10 V,1.0,False,1
22.7245,-0.00051,1e-05,-0.7906466,1550287.4509803918,20507720.0,0.2050772,nan,nan,nan,nan,0.1,1.0,20.0,10 V,1.0,False,1
22.7670,-0.0006100000000000001,1e-05,-0.8194296,1343327.2131147538,20419730.0,0.2041973,nan,nan,nan,nan,0.1,1.0,20.0,10 V,1.0,False,1
22.8094,-0.0007100000000000001,1e-05,-0.8367193,1178477.8873239434,19348480.0,0.1934848,nan,nan,nan,nan,0.1,1.0,20.0,10 V,1.0,False,1
22.8519,-0.0008100000000000002,1e-05,-0.8383141,1034955.6790123454,17687720.0,0.1768772,nan,nan,nan,nan,0.1,1.0,20.0,10 V,1.0,False,1
22.8943,-0.0009100000000000002,1e-05,-0.8769737,963707.3626373623,14728030.0,0.1472803,nan,nan,nan,nan,0.1,1.0,20.0,10 V,1.0,False,1
22.9368,-0.001,1e-05,-0.8849366,884936.6,15955459.999999998,0.1595546,nan,nan,nan,nan,0.1,1.0,20.0,10 V,1.0,False,1
22.9792,-0.0009,1e-05,-0.8774906,974989.5555555556,15100880.0,0.1510088,nan,nan,nan,nan,0.1,1.0,20.0,10 V,1.0,False,1
23.0218,-0.0007999999999999999,1e-05,-0.8435824,1054478.0,15925760.0,0.1592576,nan,nan,nan,nan,0.1,1.0,20.0,10 V,1.0,False,1
23.0643,-0.0006999999999999999,1e-05,-0.8251158,1178736.8571428573,15768480.000000002,0.1576848,nan,nan,nan,nan,0.1,1.0,20.0,10 V,1.0,False,1
23.1068,-0.0005999999999999998,1e-05,-0.8031299,1338549.8333333335,15172369.999999998,0.1517237,nan,nan,nan,nan,0.1,1.0,20.0,10 V,1.0,False,1
23.1493,-0.0004999999999999998,1e-05,-0.8010622,1602124.4000000006,16753950.0,0.1675395,nan,nan,nan,nan,0.1,1.0,20.0,10 V,1.0,False,1
23.1919,-0.0003999999999999998,1e-05,-0.7542527,1885631.750000001,13288330.0,0.1328833,nan,nan,nan,nan,0.1,1.0,20.0,10 V,1.0,False,1
23.2344,-0.0002999999999999998,1e-05,-0.7171879,2390626.333333335,16188630.0,0.1618863,nan,nan,nan,nan,0.1,1.0,20.0,10 V,1.0,False,1
23.2768,-0.00019999999999999982,1e-05,-0.6757898,3378949.000000003,14100019.999999998,0.1410002,nan,nan,nan,nan,0.1,1.0,20.0,10 V,1.0,False,1
23.3193,-9.999999999999982e-05,1e-05,-0.5436982,5436982.00000001,15571610.0,0.1557161,nan,nan,nan,nan,0.1,1.0,20.0,10 V,1.0,False,1
23.3617,1e-05,1e-05,0.1620072,16200719.999999998,15151470.0,0.1515147,nan,nan,nan,nan,0.1,1.0,20.0,10 V,1.0,False,1
23.4040,0.00011,1e-05,0.536329,4875718.181818181,16403100.0,0.164031,nan,nan,nan,nan,0.1,1.0,20.0,10 V,1.0,False,1
23.4464,0.00021,1e-05,0.6494595,3092664.2857142854,16515279.999999998,0.1651528,nan,nan,nan,nan,0.1,1.0,20.0,10 V,1.0,False,1
23.4886,0.00031,1e-05,0.6899448,2225628.3870967743,20258050.0,0.2025805,nan,nan,nan,nan,0.1,1.0,20.0,10 V,1.0,False,1
23.5309,0.00041,1e-05,0.8779965,2141454.8780487804,17917580.0,0.1791758,nan,nan,nan,nan,0.1,1.0,20.0,10 V,1.0,False,1
23.5731,0.00051,1e-05,1.0328989,2025291.9607843133,21118150.0,0.2111815,nan,nan,nan,nan,0.1,1.0,20.0,10 V,1.0,False,1
23.6153,0.0006100000000000001,1e-05,1.0963272,1797257.7049180325,21782460.0,0.2178246,nan,nan,nan,nan,0.1,1.0,20.0,10 V,1.0,False,1
23.6577,0.0007100000000000001,1e-05,1.0705358,1507796.9014084504,21275430.0,0.2127543,nan,nan,nan,nan,0.1,1.0,20.0,10 V,1.0,False,1
23.7002,0.0008100000000000002,1e-05,1.1325891,1398258.1481481476,25120490.0,0.2512049,nan,nan,nan,nan,0.1,1.0,20.0,10 V,1.0,False,1
23.7426,0.0009100000000000002,1e-05,1.1782217,1294749.1208791204,25658320.0,0.2565832,nan,nan,nan,nan,0.1,1.0,20.0,10 V,1.0,False,1
23.7850,0.001,1e-05,1.2717088,1271708.8,24172420.0,0.2417242,nan,nan,nan,nan,0.1,1.0,20.0,10 V,1.0,False,1
23.8273,0.0009,1e-05,1.3112043,1456893.6666666667,21042260.0,0.2104226,nan,nan,nan,nan,0.1,1.0,20.0,10 V,1.0,False,1
23.8698,0.0007999999999999999,1e-05,1.3099285,1637410.6250000002,27116710.0,0.2711671,nan,nan,nan,nan,0.1,1.0,20.0,10 V,1.0,False,1
23.9122,0.0006999999999999999,1e-05,1.3697933,1956847.5714285718,32188099.999999996,0.321881,nan,nan,nan,nan,0.1,1.0,20.0,10 V,1.0,False,1
23.9545,0.0005999999999999998,1e-05,1.2517683,2086280.5000000005,27900900.0,0.279009,nan,nan,nan,nan,0.1,1.0,20.0,10 V,1.0,False,1
23.9970,0.0004999999999999998,1e-05,1.2720498,2544099.600000001,33531010.0,0.3353101,nan,nan,nan,nan,0.1,1.0,20.0,10 V,1.0,False,1
24.0392,0.0003999999999999998,1e-05,1.1848207,2962051.7500000014,23606000.0,0.23606,nan,nan,nan,nan,0.1,1.0,20.0,10 V,1.0,False,1
24.0812,0.0002999999999999998,1e-05,1.0127497,3375832.3333333354,29186620.0,0.2918662,nan,nan,nan,nan,0.1,1.0,20.0,10 V,1.0,False,1
24.1233,0.00019999999999999982,1e-05,0.9206266,4603133.000000004,21031270.0,0.2103127,nan,nan,nan,nan,0.1,1.0,20.0,10 V,1.0,False,1
