Tiempo (min),I pulso (mA),I bias (mA),Vinst 1 (V),Rinst 1 (Ohm),Rrem 1 (Ohm),Vbias 1 (V),Vinst 2 (V),Rinst 2 (Ohm),Rrem 2 (Ohm),Vbias 2 (V),Ancho pulso (s),Periodo (s),Vcc (V),Vrange,NPLC,Ch2?,N bias
0.0297,1e-05,0.0001,0.2578535,25785350.0,35189168.99999999,3.5189169,nan,nan,nan,nan,0.1,1.0,12.0,10 V,2.0,False,1
0.0728,0.00101,0.0001,0.5023163,497342.8712871287,1499968.9999999998,0.1499969,nan,nan,nan,nan,0.1,1.0,12.0,10 V,2.0,False,1
0.1158,0.00201,0.0001,0.7837506,389925.671641791,1507007.9999999998,0.1507008,nan,nan,nan,nan,0.1,1.0,12.0,10 V,2.0,False,1
0.1588,0.00301,0.0001,1.0945179,363627.2093023256,636590.9999999999,0.0636591,nan,nan,nan,nan,0.1,1.0,12.0,10 V,2.0,False,1
0.2019,0.00401,0.0001,1.6031093,399777.88029925193,1333342.9999999998,0.1333343,nan,nan,nan,nan,0.1,1.0,12.0,10 V,2.0,False,1
0.2450,0.00501,0.0001,2.4792696,494864.1916167665,4725984.999999999,0.4725985,nan,nan,nan,nan,0.1,1.0,12.0,10 V,2.0,False,1
0.2880,0.00601,0.0001,2.5128919,418118.45257903496,5406954.0,0.5406954,nan,nan,nan,nan,0.1,1.0,12.0,10 V,2.0,False,1
0.3311,0.00701,0.0001,2.6275181,374824.2653352354,6819819.0,0.6819819,nan,nan,nan,nan,0.1,1.0,12.0,10 V,2.0,False,1
0.3741,0.00801,0.0001,2.8171042,351698.4019975032,3784514.9999999995,0.3784515,nan,nan,nan,nan,0.1,1.0,12.0,10 V,2.0,False,1
0.4172,0.00901,0.0001,2.9133959,323351.37624861265,1883319.9999999998,0.188332,nan,nan,nan,nan,0.1,1.0,12.0,10 V,2.0,False,1
0.4602,0.01,0.0001,3.0849997,308499.97,2302253.9999999995,0.2302254,nan,nan,nan,nan,0.1,1.0,12.0,10 V,2.0,False,1
0.5033,0.009000000000000001,0.0001,2.9068023,322978.03333333327,2926800.9999999995,0.2926801,nan,nan,nan,nan,0.1,1.0,12.0,10 V,2.0,False,1
0.5463,0.008,0.0001,2.7313988,341424.85000000003,2999061.0,0.2999061,nan,nan,nan,nan,0.1,1.0,12.0,10 V,2.0,False,1
0.5894,0.007,0.0001,2.4344344,347776.3428571429,2602511.0,0.2602511,nan,nan,nan,nan,0.1,1.0,12.0,10 V,2.0,False,1
0.6326,0.006,0.0001,2.2133707,368895.11666666664,2363240.0,0.236324,nan,nan,nan,nan,0.1,1.0,12.0,10 V,2.0,False,1
0.6757,0.005,0.0001,2.0296575,405931.49999999994,2185670.0,0.218567,nan,nan,nan,nan,0.1,1.0,12.0,10 V,2.0,False,1
0.7189,0.004,0.0001,1.8163312,454082.80000000005,2211625.9999999995,0.2211626,nan,nan,nan,nan,0.1,1.0,12.0,10 V,2.0,False,1
0.7619,0.003,0.0001,1.5329719,510990.6333333333,2222790.0,0.222279,nan,nan,nan,nan,0.1,1.0,12.0,10 V,2.0,False,1
0.8051,0.002,0.0001,1.2405499,620274.9500000001,2199913.0,0.2199913,nan,nan,nan,nan,0.1,1.0,12.0,10 V,2.0,False,1
0.8481,0.001,0.0001,3.5010004,3501000.4000000004,44594351.99999999,4.4594352,nan,nan,nan,nan,0.1,1.0,12.0,10 V,2.0,False,1
0.8912,1e-05,0.0001,4.7024906,470249060.0,59134010.99999999,5.9134011,nan,nan,nan,nan,0.1,1.0,12.0,10 V,2.0,False,1
0.9344,-0.00099,0.0001,-2.7813183,2809412.4242424243,5237302.999999999,0.5237303,nan,nan,nan,nan,0.1,1.0,12.0,10 V,2.0,False,1
0.9775,-0.00199,0.0001,-2.5781439,1295549.6984924623,12432335.0,1.2432335,nan,nan,nan,nan,0.1,1.0,12.0,10 V,2.0,False,1
1.0206,-0.00299,0.0001,-2.8237064,944383.4113712374,14752300.0,1.47523,nan,nan,nan,nan,0.1,1.0,12.0,10 V,2.0,False,1
1.0638,-0.0039900000000000005,0.0001,-3.1559309,790960.1253132831,11048785.0,1.1048785,nan,nan,nan,nan,0.1,1.0,12.0,10 V,2.0,False,1
1.1069,-0.0049900000000000005,0.0001,-3.0837976,617995.511022044,14090796.999999998,1.4090797,nan,nan,nan,nan,0.1,1.0,12.0,10 V,2.0,False,1
1.1499,-0.0059900000000000005,0.0001,-3.0496309,509120.35058430716,4884913.0,0.4884913,nan,nan,nan,nan,0.1,1.0,12.0,10 V,2.0,False,1
1.1930,-0.0069900000000000006,0.0001,-2.9870993,427338.9556509299,2482682.9999999995,0.2482683,nan,nan,nan,nan,0.1,1.0,12.0,10 V,2.0,False,1
1.2362,-0.00799,0.0001,-3.2915915,411963.89236545673,2778541.9999999995,0.2778542,nan,nan,nan,nan,0.1,1.0,12.0,10 V,2.0,False,1
1.2793,-0.008990000000000001,0.0001,-3.3673872,374570.3225806451,4236609.0,0.4236609,nan,nan,nan,nan,0.1,1.0,12.0,10 V,2.0,False,1
1.3224,-0.009990000000000002,0.0001,-3.5847826,358837.097097097,3873602.9999999995,0.3873603,nan,nan,nan,nan,0.1,1.0,12.0,10 V,2.0,False,1
1.3655,-0.01,0.0001,-4.0407726,404077.26,9928479.999999998,0.992848,nan,nan,nan,nan,0.1,1.0,12.0,10 V,2.0,False,1
1.4086,-0.009000000000000001,0.0001,-4.6567405,517415.61111111095,2826385.0,0.2826385,nan,nan,nan,nan,0.1,1.0,12.0,10 V,2.0,False,1
1.4517,-0.008,0.0001,-3.6570149,457126.86250000005,1442171.9999999998,0.1442172,nan,nan,nan,nan,0.1,1.0,12.0,10 V,2.0,False,1
1.4949,-0.007,0.0001,-3.6366238,519517.68571428576,2728609.0,0.2728609,nan,nan,nan,nan,0.1,1.0,12.0,10 V,2.0,False,1
1.5380,-0.006,0.0001,-3.4293415,571556.9166666666,2801912.9999999995,0.2801913,nan,nan,nan,nan,0.1,1.0,12.0,10 V,2.0,False,1
1.5811,-0.005,0.0001,-3.0015788,600315.7599999999,3465340.0,0.346534,nan,nan,nan,nan,0.1,1.0,12.0,10 V,2.0,False,1
1.6242,-0.004,0.0001,-2.6636898,665922.4500000001,1581852.9999999998,0.1581853,nan,nan,nan,nan,0.1,1.0,12.0,10 V,2.0,False,1
1.6673,-0.003,0.0001,-2.0517633,683921.1000000001,2123749.0,0.2123749,nan,nan,nan,nan,0.1,1.0,12.0,10 V,2.0,False,1
1.7105,-0.002,0.0001,-1.5747437,787371.85,2037023.9999999998,0.2037024,nan,nan,nan,nan,0.1,1.0,12.0,10 V,2.0,False,1
1.7535,-0.001,0.0001,-1.2404452,1240445.2,3215454.9999999995,0.3215455,nan,nan,nan,nan,0.1,1.0,12.0,10 V,2.0,False,1
1.7966,1e-05,0.0001,0.0445052,4450520.0,5390072.0,0.5390072,nan,nan,nan,nan,0.1,1.0,12.0,10 V,2.0,False,1
1.8396,0.00101,0.0001,1.5016648,1486796.8316831682,4677042.0,0.4677042,nan,nan,nan,nan,0.1,1.0,12.0,10 V,2.0,False,1
1.8826,0.00201,0.0001,2.9007147,1443141.6417910445,28660584.999999996,2.8660585,nan,nan,nan,nan,0.1,1.0,12.0,10 V,2.0,False,1
1.9257,0.00301,0.0001,0.7749188,257448.10631229237,363884.0,0.0363884,nan,nan,nan,nan,0.1,1.0,12.0,10 V,2.0,False,1
1.9687,0.00401,0.0001,1.0619185,264817.58104738157,32724027.999999996,3.2724028,nan,nan,nan,nan,0.1,1.0,12.0,10 V,2.0,False,1
2.0114,0.00501,0.0001,0.9004444,179729.42115768464,186203.99999999997,0.0186204,nan,nan,nan,nan,0.1,1.0,12.0,10 V,2.0,False,1
2.0541,0.00601,0.0001,1.0731644,178563.12811980033,186698.99999999997,0.0186699,nan,nan,nan,nan,0.1,1.0,12.0,10 V,2.0,False,1
2.0971,0.00701,0.0001,1.2430026,177318.48787446506,188183.99999999997,0.0188184,nan,nan,nan,nan,0.1,1.0,12.0,10 V,2.0,False,1
2.1397,0.00801,0.0001,1.414359,176574.1573033708,188129.0,0.0188129,nan,nan,nan,nan,0.1,1.0,12.0,10 V,2.0,False,1
2.1825,0.00901,0.0001,1.5772739,175058.14650388458,188349.0,0.0188349,nan,nan,nan,nan,0.1,1.0,12.0,10 V,2.0,False,1
2.2254,0.01,0.0001,1.7395232,173952.31999999998,188404.0,0.0188404,nan,nan,nan,nan,0.1,1.0,12.0,10 V,2.0,False,1
2.2682,0.009000000000000001,0.0001,1.5748432,174982.57777777774,188404.0,0.0188404,nan,nan,nan,nan,0.1,1.0,12.0,10 V,2.0,False,1
2.3111,0.008,0.0001,1.4107075,176338.4375,189173.0,0.0189173,nan,nan,nan,nan,0.1,1.0,12.0,10 V,2.0,False,1
2.3541,0.007,0.0001,1.2485513,178364.4714285714,188514.0,0.0188514,nan,nan,nan,nan,0.1,1.0,12.0,10 V,2.0,False,1
2.3967,0.006,0.0001,1.0773163,179552.71666666665,188239.0,0.0188239,nan,nan,nan,nan,0.1,1.0,12.0,10 V,2.0,False,1
2.4394,0.005,0.0001,0.9035955,180719.09999999998,187689.0,0.0187689,nan,nan,nan,nan,0.1,1.0,12.0,10 V,2.0,False,1
2.4824,0.004,0.0001,0.7294622,182365.55,187194.0,0.0187194,nan,nan,nan,nan,0.1,1.0,12.0,10 V,2.0,False,1
2.5252,0.003,0.0001,0.5514134,183804.46666666667,187138.99999999997,0.0187139,nan,nan,nan,nan,0.1,1.0,12.0,10 V,2.0,False,1
2.5680,0.002,0.0001,0.3702412,185120.6,186919.0,0.0186919,nan,nan,nan,nan,0.1,1.0,12.0,10 V,2.0,False,1
2.6108,0.001,0.0001,0.1860279,186027.9,186588.99999999997,0.0186589,nan,nan,nan,nan,0.1,1.0,12.0,10 V,2.0,False,1
2.6536,1e-05,0.0001,0.0018807,188070.0,186038.99999999997,0.0186039,nan,nan,nan,nan,0.1,1.0,12.0,10 V,2.0,False,1
2.6964,-0.00099,0.0001,-0.1837954,185651.91919191918,185653.99999999997,0.0185654,nan,nan,nan,nan,0.1,1.0,12.0,10 V,2.0,False,1
2.7393,-0.00199,0.0001,-0.3670298,184437.0854271357,185268.99999999997,0.0185269,nan,nan,nan,nan,0.1,1.0,12.0,10 V,2.0,False,1
2.7823,-0.00299,0.0001,-0.5469813,182936.88963210702,184499.0,0.0184499,nan,nan,nan,nan,0.1,1.0,12.0,10 V,2.0,False,1
2.8251,-0.0039900000000000005,0.0001,-0.7237705,181396.11528822052,183839.0,0.0183839,nan,nan,nan,nan,0.1,1.0,12.0,10 V,2.0,False,1
2.8681,-0.0049900000000000005,0.0001,-0.8981897,179997.93587174345,183508.99999999997,0.0183509,nan,nan,nan,nan,0.1,1.0,12.0,10 V,2.0,False,1
2.9109,-0.0059900000000000005,0.0001,-1.0703376,178687.4123539232,182628.99999999997,0.0182629,nan,nan,nan,nan,0.1,1.0,12.0,10 V,2.0,False,1
2.9539,-0.0069900000000000006,0.0001,-1.2394114,177312.07439198854,182078.99999999997,0.0182079,nan,nan,nan,nan,0.1,1.0,12.0,10 V,2.0,False,1
2.9969,-0.00799,0.0001,-1.4066047,176045.64455569457,5913983.0,0.5913983,nan,nan,nan,nan,0.1,1.0,12.0,10 V,2.0,False,1
3.0400,-0.008990000000000001,0.0001,-2.7268375,303318.9655172413,1791262.9999999998,0.1791263,nan,nan,nan,nan,0.1,1.0,12.0,10 V,2.0,False,1
3.0832,-0.009990000000000002,0.0001,-1.7796009,178138.22822822817,5743892.0,0.5743892,nan,nan,nan,nan,0.1,1.0,12.0,10 V,2.0,False,1
3.1262,-0.01,0.0001,-2.6455753,264557.52999999997,1826237.9999999998,0.1826238,nan,nan,nan,nan,0.1,1.0,12.0,10 V,2.0,False,1
3.1693,-0.009000000000000001,0.0001,-2.8881021,320900.2333333332,11519794.0,1.1519794,nan,nan,nan,nan,0.1,1.0,12.0,10 V,2.0,False,1
3.2124,-0.008,0.0001,-3.0402768,380034.60000000003,1679739.0,0.1679739,nan,nan,nan,nan,0.1,1.0,12.0,10 V,2.0,False,1
3.2554,-0.007,0.0001,-1.4282606,204037.22857142857,175480.0,0.017548,nan,nan,nan,nan,0.1,1.0,12.0,10 V,2.0,False,1
3.2986,-0.006,0.0001,-1.0363907,172731.78333333335,175370.0,0.017537,nan,nan,nan,nan,0.1,1.0,12.0,10 V,2.0,False,1
3.3416,-0.005,0.0001,-0.8693738,173874.75999999998,175424.99999999997,0.0175425,nan,nan,nan,nan,0.1,1.0,12.0,10 V,2.0,False,1
3.3848,-0.004,0.0001,-0.7010477,175261.92500000002,175919.99999999997,0.017592,nan,nan,nan,nan,0.1,1.0,12.0,10 V,2.0,False,1
3.4279,-0.003,0.0001,-0.5300051,176668.36666666667,176634.99999999997,0.0176635,nan,nan,nan,nan,0.1,1.0,12.0,10 V,2.0,False,1
3.4710,-0.002,0.0001,-0.3560754,178037.7,176909.99999999997,0.017691,nan,nan,nan,nan,0.1,1.0,12.0,10 V,2.0,False,1
3.5140,-0.001,0.0001,-0.17933,179330.0,177460.0,0.017746,nan,nan,nan,nan,0.1,1.0,12.0,10 V,2.0,False,1
3.5570,1e-05,0.0001,0.0016223,162230.0,178285.0,0.0178285,nan,nan,nan,nan,0.1,1.0,12.0,10 V,2.0,False,1
3.6000,0.00101,0.0001,0.1810401,179247.62376237623,178670.0,0.017867,nan,nan,nan,nan,0.1,1.0,12.0,10 V,2.0,False,1
3.6430,0.00201,0.0001,0.3586653,178440.44776119402,179164.99999999997,0.0179165,nan,nan,nan,nan,0.1,1.0,12.0,10 V,2.0,False,1
3.6860,0.00301,0.0001,0.5330405,177089.86710963456,179549.99999999997,0.017955,nan,nan,nan,nan,0.1,1.0,12.0,10 V,2.0,False,1
3.7291,0.00401,0.0001,0.7040338,175569.52618453867,179934.99999999997,0.0179935,nan,nan,nan,nan,0.1,1.0,12.0,10 V,2.0,False,1
3.7721,0.00501,0.0001,0.8718814,174028.22355289423,180100.0,0.01801,nan,nan,nan,nan,0.1,1.0,12.0,10 V,2.0,False,1
3.8152,0.00601,0.0001,1.0376337,172651.1980033278,180540.0,0.018054,nan,nan,nan,nan,0.1,1.0,12.0,10 V,2.0,False,1
3.8583,0.00701,0.0001,1.2002461,171219.12981455063,181144.99999999997,0.0181145,nan,nan,nan,nan,0.1,1.0,12.0,10 V,2.0,False,1
3.9014,0.00801,0.0001,1.3603674,169833.6329588015,181419.99999999997,0.018142,nan,nan,nan,nan,0.1,1.0,12.0,10 V,2.0,False,1
3.9443,0.00901,0.0001,1.5178271,168460.27746947837,181528.99999999997,0.0181529,nan,nan,nan,nan,0.1,1.0,12.0,10 V,2.0,False,1
