Tiempo (min),I pulso (mA),I bias (mA),Vinst 1 (V),Rinst 1 (Ohm),Rrem 1 (Ohm),Vbias 1 (V),Vinst 2 (V),Rinst 2 (Ohm),Rrem 2 (Ohm),Vbias 2 (V),Ancho pulso (s),Periodo (s),Vcc (V),Vrange,NPLC,Ch2?,N bias
0.0284,1e-05,1e-05,0.1893934,18939340.0,18128750.0,0.1812875,nan,nan,nan,nan,0.1,1.0,20.0,10 V,1.0,False,1
0.0709,1e-05,1e-05,0.1769871,17698710.0,20262450.0,0.2026245,nan,nan,nan,nan,0.1,1.0,20.0,10 V,1.0,False,1
0.1134,1e-05,1e-05,0.1719058,17190580.0,17890090.0,0.1789009,nan,nan,nan,nan,0.1,1.0,20.0,10 V,1.0,False,1
0.1558,1e-05,1e-05,0.1730387,17303870.0,18116650.0,0.1811665,nan,nan,nan,nan,0.1,1.0,20.0,10 V,1.0,False,1
0.1983,1e-05,1e-05,0.1699481,16994810.0,18096860.0,0.1809686,nan,nan,nan,nan,0.1,1.0,20.0,10 V,1.0,False,1
0.2407,1e-05,1e-05,0.1749304,17493040.0,18015470.0,0.1801547,nan,nan,nan,nan,0.1,1.0,20.0,10 V,1.0,False,1
0.2831,1e-05,1e-05,0.1889315,18893150.0,19378180.0,0.1937818,nan,nan,nan,nan,0.1,1.0,20.0,10 V,1.0,False,1
0.3255,1e-05,1e-05,0.1982691,19826910.0,18057260.0,0.1805726,nan,nan,nan,nan,0.1,1.0,20.0,10 V,1.0,False,1
0.3679,1e-05,1e-05,0.1902843,19028430.0,17320370.0,0.1732037,nan,nan,nan,nan,0.1,1.0,20.0,10 V,1.0,False,1
0.4103,1e-05,1e-05,0.1693212,16932120.0,18348720.0,0.1834872,nan,nan,nan,nan,0.1,1.0,20.0,10 V,1.0,False,1
0.4526,1e-05,1e-05,0.1768991,17689910.0,19727930.0,0.1972793,nan,nan,nan,nan,0.1,1.0,20.0,10 V,1.0,False,1
0.4948,1e-05,1e-05,0.177724,17772400.0,17263170.0,0.1726317,nan,nan,nan,nan,0.1,1.0,20.0,10 V,1.0,False,1
0.5369,1e-05,1e-05,0.1757333,17573330.0,16913420.0,0.1691342,nan,nan,nan,nan,0.1,1.0,20.0,10 V,1.0,False,1
0.5791,1e-05,1e-05,0.1769321,17693210.0,17289570.0,0.1728957,nan,nan,nan,nan,0.1,1.0,20.0,10 V,1.0,False,1
0.6215,1e-05,1e-05,0.1720928,17209280.0,17691010.0,0.1769101,nan,nan,nan,nan,0.1,1.0,20.0,10 V,1.0,False,1
0.6638,1e-05,1e-05,0.177768,17776800.0,17589830.0,0.1758983,nan,nan,nan,nan,0.1,1.0,20.0,10 V,1.0,False,1
0.7062,1e-05,1e-05,0.1702011,17020110.0,17150990.0,0.1715099,nan,nan,nan,nan,0.1,1.0,20.0,10 V,1.0,False,1
0.7485,1e-05,1e-05,0.1598185,15981850.0,15782779.999999998,0.1578278,nan,nan,nan,nan,0.1,1.0,20.0,10 V,1.0,False,1
0.7904,1e-05,1e-05,0.1479292,14792920.0,16598869.999999998,0.1659887,nan,nan,nan,nan,0.1,1.0,20.0,10 V,1.0,False,1
0.8323,1e-05,1e-05,0.1545833,15458330.0,18436710.0,0.1843671,nan,nan,nan,nan,0.1,1.0,20.0,10 V,1.0,False,1
0.8742,1e-05,1e-05,0.1751834,17518340.0,18025370.0,0.1802537,nan,nan,nan,nan,0.1,1.0,20.0,10 V,1.0,False,1
0.9162,1e-05,1e-05,0.1624142,16241420.0,14786320.0,0.1478632,nan,nan,nan,nan,0.1,1.0,20.0,10 V,1.0,False,1
0.9581,1e-05,1e-05,0.1551442,15514420.0,15922459.999999998,0.1592246,nan,nan,nan,nan,0.1,1.0,20.0,10 V,1.0,False,1
1.0001,1e-05,1e-05,0.1577288,15772880.0,16601070.0,0.1660107,nan,nan,nan,nan,0.1,1.0,20.0,10 V,1.0,False,1
1.0421,1e-05,1e-05,0.1738966,17389660.0,16127030.0,0.1612703,nan,nan,nan,nan,0.1,1.0,20.0,10 V,1.0,False,1
1.0840,1e-05,1e-05,0.1670225,16702249.999999998,16350300.0,0.163503,nan,nan,nan,nan,0.1,1.0,20.0,10 V,1.0,False,1
1.1264,1e-05,1e-05,0.1756783,17567830.0,17002510.0,0.1700251,nan,nan,nan,nan,0.1,1.0,20.0,10 V,1.0,False,1
1.1689,1e-05,1e-05,0.1670775,16707749.999999998,17176290.0,0.1717629,nan,nan,nan,nan,0.1,1.0,20.0,10 V,1.0,False,1
1.2113,1e-05,1e-05,0.1687933,16879330.0,17546930.0,0.1754693,nan,nan,nan,nan,0.1,1.0,20.0,10 V,1.0,False,1
1.2537,1e-05,1e-05,0.1917361,19173610.0,19391380.0,0.1939138,nan,nan,nan,nan,0.1,1.0,20.0,10 V,1.0,False,1
1.2961,1e-05,1e-05,0.1844881,18448810.0,18771060.0,0.1877106,nan,nan,nan,nan,0.1,1.0,20.0,10 V,1.0,False,1
1.3385,1e-05,1e-05,0.1675725,16757250.000000002,17045410.0,0.1704541,nan,nan,nan,nan,0.1,1.0,20.0,10 V,1.0,False,1
1.3810,1e-05,1e-05,0.1675615,16756150.0,16348099.999999998,0.163481,nan,nan,nan,nan,0.1,1.0,20.0,10 V,1.0,False,1
1.4234,1e-05,1e-05,0.1672755,16727549.999999998,15723390.0,0.1572339,nan,nan,nan,nan,0.1,1.0,20.0,10 V,1.0,False,1
1.4660,1e-05,1e-05,0.1669565,16695650.0,16988210.0,0.1698821,nan,nan,nan,nan,0.1,1.0,20.0,10 V,1.0,False,1
1.5084,1e-05,1e-05,0.1681334,16813340.0,16928820.0,0.1692882,nan,nan,nan,nan,0.1,1.0,20.0,10 V,1.0,False,1
1.5508,1e-05,1e-05,0.1647459,16474590.0,16966220.0,0.1696622,nan,nan,nan,nan,0.1,1.0,20.0,10 V,1.0,False,1
1.5932,1e-05,1e-05,0.1690023,16900230.0,16411890.0,0.1641189,nan,nan,nan,nan,0.1,1.0,20.0,10 V,1.0,False,1
1.6356,1e-05,1e-05,0.170685,17068500.0,16539480.0,0.1653948,nan,nan,nan,nan,0.1,1.0,20.0,10 V,1.0,False,1
1.6780,1e-05,1e-05,0.1655377,16553770.0,17671220.0,0.1767122,nan,nan,nan,nan,0.1,1.0,20.0,10 V,1.0,False,1
1.7204,1e-05,1e-05,0.16358,16358000.0,16975020.0,0.1697502,nan,nan,nan,nan,0.1,1.0,20.0,10 V,1.0,False,1
1.7627,1e-05,1e-05,0.1666266,16662660.000000002,17818600.0,0.178186,nan,nan,nan,nan,0.1,1.0,20.0,10 V,1.0,False,1
1.8052,1e-05,1e-05,0.1686503,16865030.0,17474340.0,0.1747434,nan,nan,nan,nan,0.1,1.0,20.0,10 V,1.0,False,1
1.8476,1e-05,1e-05,0.1759423,17594230.0,17132290.0,0.1713229,nan,nan,nan,nan,0.1,1.0,20.0,10 V,1.0,False,1
1.8901,1e-05,1e-05,0.1608964,16089640.0,17153190.0,0.1715319,nan,nan,nan,nan,0.1,1.0,20.0,10 V,1.0,False,1
1.9325,1e-05,1e-05,0.1697831,16978310.0,17150990.0,0.1715099,nan,nan,nan,nan,0.1,1.0,20.0,10 V,1.0,False,1
1.9750,1e-05,1e-05,0.171037,17103700.0,17159790.0,0.1715979,nan,nan,nan,nan,0.1,1.0,20.0,10 V,1.0,False,1
2.0175,1e-05,1e-05,0.1744575,17445750.0,17478740.0,0.1747874,nan,nan,nan,nan,0.1,1.0,20.0,10 V,1.0,False,1
2.0599,1e-05,1e-05,0.1752604,17526040.0,17319270.0,0.1731927,nan,nan,nan,nan,0.1,1.0,20.0,10 V,1.0,False,1
2.1023,1e-05,1e-05,0.1715539,17155390.0,17776800.0,0.177768,nan,nan,nan,nan,0.1,1.0,20.0,10 V,1.0,False,1
2.1448,1e-05,1e-05,0.1722468,17224680.0,16972820.0,0.1697282,nan,nan,nan,nan,0.1,1.0,20.0,10 V,1.0,False,1
2.1872,1e-05,1e-05,0.1746225,17462250.0,17671220.0,0.1767122,nan,nan,nan,nan,0.1,1.0,20.0,10 V,1.0,False,1
2.2296,1e-05,1e-05,0.1795058,17950580.0,17706410.0,0.1770641,nan,nan,nan,nan,0.1,1.0,20.0,10 V,1.0,False,1
2.2720,1e-05,1e-05,0.1798357,17983570.0,18410310.0,0.1841031,nan,nan,nan,nan,0.1,1.0,20.0,10 V,1.0,False,1
2.3145,1e-05,1e-05,0.1808146,18081460.0,18297030.0,0.1829703,nan,nan,nan,nan,0.1,1.0,20.0,10 V,1.0,False,1
2.3567,1e-05,1e-05,0.1818045,18180450.0,17813100.0,0.178131,nan,nan,nan,nan,0.1,1.0,20.0,10 V,1.0,False,1
2.3989,1e-05,1e-05,0.1876116,18761160.0,18233240.0,0.1823324,nan,nan,nan,nan,0.1,1.0,20.0,10 V,1.0,False,1
2.4413,1e-05,1e-05,0.1824094,18240940.0,18023170.0,0.1802317,nan,nan,nan,nan,0.1,1.0,20.0,10 V,1.0,False,1
2.4837,1e-05,1e-05,0.1784169,17841690.0,17810900.0,0.178109,nan,nan,nan,nan,0.1,1.0,20.0,10 V,1.0,False,1
2.5261,1e-05,1e-05,0.1746885,17468850.0,18083660.0,0.1808366,nan,nan,nan,nan,0.1,1.0,20.0,10 V,1.0,False,1
2.5686,1e-05,1e-05,0.1818265,18182650.0,17798800.0,0.177988,nan,nan,nan,nan,0.1,1.0,20.0,10 V,1.0,False,1
2.6110,1e-05,1e-05,0.1783619,17836190.0,18408110.0,0.1840811,nan,nan,nan,nan,0.1,1.0,20.0,10 V,1.0,False,1
2.6535,1e-05,1e-05,0.1795168,17951680.0,17806500.0,0.178065,nan,nan,nan,nan,0.1,1.0,20.0,10 V,1.0,False,1
2.6958,1e-05,1e-05,0.1737646,17376460.0,17251080.0,0.1725108,nan,nan,nan,nan,0.1,1.0,20.0,10 V,1.0,False,1
2.7383,1e-05,1e-05,0.1805616,18056160.0,17670120.0,0.1767012,nan,nan,nan,nan,0.1,1.0,20.0,10 V,1.0,False,1
2.7807,1e-05,1e-05,0.1842901,18429010.0,19969890.0,0.1996989,nan,nan,nan,nan,0.1,1.0,20.0,10 V,1.0,False,1
2.8231,1e-05,1e-05,0.1937598,19375980.0,16651659.999999998,0.1665166,nan,nan,nan,nan,0.1,1.0,20.0,10 V,1.0,False,1
2.8655,1e-05,1e-05,0.178208,17820800.0,17086100.0,0.170861,nan,nan,nan,nan,0.1,1.0,20.0,10 V,1.0,False,1
2.9080,1e-05,1e-05,0.1712789,17127890.0,16955220.0,0.1695522,nan,nan,nan,nan,0.1,1.0,20.0,10 V,1.0,False,1
2.9504,1e-05,1e-05,0.1624692,16246920.0,16322809.999999998,0.1632281,nan,nan,nan,nan,0.1,1.0,20.0,10 V,1.0,False,1
2.9928,1e-05,1e-05,0.1702341,17023410.0,16967320.0,0.1696732,nan,nan,nan,nan,0.1,1.0,20.0,10 V,1.0,False,1
3.0353,1e-05,1e-05,0.1695412,16954120.0,16640659.999999998,0.1664066,nan,nan,nan,nan,0.1,1.0,20.0,10 V,1.0,False,1
3.0777,1e-05,1e-05,0.1703221,17032210.0,17174090.0,0.1717409,nan,nan,nan,nan,0.1,1.0,20.0,10 V,1.0,False,1
3.1201,1e-05,1e-05,0.1758323,17583230.0,17774600.0,0.177746,nan,nan,nan,nan,0.1,1.0,20.0,10 V,1.0,False,1
3.1626,1e-05,1e-05,0.1703001,17030010.0,17356660.0,0.1735666,nan,nan,nan,nan,0.1,1.0,20.0,10 V,1.0,False,1
3.2050,1e-05,1e-05,0.1771741,17717410.0,16518579.999999998,0.1651858,nan,nan,nan,nan,0.1,1.0,20.0,10 V,1.0,False,1
3.2474,1e-05,1e-05,0.1712019,17120190.0,16651659.999999998,0.1665166,nan,nan,nan,nan,0.1,1.0,20.0,10 V,1.0,False,1
3.2899,1e-05,1e-05,0.1585757,15857570.000000002,16680260.0,0.1668026,nan,nan,nan,nan,0.1,1.0,20.0,10 V,1.0,False,1
3.3323,1e-05,1e-05,0.1727087,17270870.0,16037950.0,0.1603795,nan,nan,nan,nan,0.1,1.0,20.0,10 V,1.0,False,1
3.3747,1e-05,1e-05,0.1628541,16285410.0,16715450.0,0.1671545,nan,nan,nan,nan,0.1,1.0,20.0,10 V,1.0,False,1
3.4171,1e-05,1e-05,0.1632831,16328309.999999998,16587869.999999998,0.1658787,nan,nan,nan,nan,0.1,1.0,20.0,10 V,1.0,False,1
3.4595,1e-05,1e-05,0.1576848,15768480.000000002,16632959.999999998,0.1663296,nan,nan,nan,nan,0.1,1.0,20.0,10 V,1.0,False,1
3.5019,1e-05,1e-05,0.1662086,16620860.0,16540579.999999998,0.1654058,nan,nan,nan,nan,0.1,1.0,20.0,10 V,1.0,False,1
3.5443,1e-05,1e-05,0.1662856,16628560.0,16175429.999999998,0.1617543,nan,nan,nan,nan,0.1,1.0,20.0,10 V,1.0,False,1
3.5868,1e-05,1e-05,0.16391,16391000.0,16953020.0,0.1695302,nan,nan,nan,nan,0.1,1.0,20.0,10 V,1.0,False,1
3.6292,1e-05,1e-05,0.1696182,16961820.0,16420689.999999998,0.1642069,nan,nan,nan,nan,0.1,1.0,20.0,10 V,1.0,False,1
3.6715,1e-05,1e-05,0.1646799,16467989.999999998,16171030.0,0.1617103,nan,nan,nan,nan,0.1,1.0,20.0,10 V,1.0,False,1
3.7136,1e-05,1e-05,0.1731267,17312670.0,16848530.0,0.1684853,nan,nan,nan,nan,0.1,1.0,20.0,10 V,1.0,False,1
3.7559,1e-05,1e-05,0.1646799,16467989.999999998,17201580.0,0.1720158,nan,nan,nan,nan,0.1,1.0,20.0,10 V,1.0,False,1
3.7979,1e-05,1e-05,0.1683643,16836430.0,16652760.0,0.1665276,nan,nan,nan,nan,0.1,1.0,20.0,10 V,1.0,False,1
3.8401,1e-05,1e-05,0.1663516,16635159.999999998,16433890.0,0.1643389,nan,nan,nan,nan,0.1,1.0,20.0,10 V,1.0,False,1
3.8824,1e-05,1e-05,0.17052,17052000.0,16789140.0,0.1678914,nan,nan,nan,nan,0.1,1.0,20.0,10 V,1.0,False,1
3.9244,1e-05,1e-05,0.1665936,16659360.0,16500980.0,0.1650098,nan,nan,nan,nan,0.1,1.0,20.0,10 V,1.0,False,1
3.9666,1e-05,1e-05,0.1684303,16843030.0,16621960.0,0.1662196,nan,nan,nan,nan,0.1,1.0,20.0,10 V,1.0,False,1
4.0088,1e-05,1e-05,0.1682324,16823240.0,16656060.0,0.1665606,nan,nan,nan,nan,0.1,1.0,20.0,10 V,1.0,False,1
4.0509,1e-05,1e-05,0.1687053,16870530.0,17077300.0,0.170773,nan,nan,nan,nan,0.1,1.0,20.0,10 V,1.0,False,1
4.0932,1e-05,1e-05,0.1731377,17313770.0,16775940.0,0.1677594,nan,nan,nan,nan,0.1,1.0,20.0,10 V,1.0,False,1
4.1354,1e-05,1e-05,0.1704431,17044310.0,16662660.000000002,0.1666266,nan,nan,nan,nan,0.1,1.0,20.0,10 V,1.0,False,1
4.1775,1e-05,1e-05,0.1660547,16605470.0,17606330.0,0.1760633,nan,nan,nan,nan,0.1,1.0,20.0,10 V,1.0,False,1
4.2197,1e-05,1e-05,0.1728737,17287370.0,15951060.0,0.1595106,nan,nan,nan,nan,0.1,1.0,20.0,10 V,1.0,False,1
4.2620,1e-05,1e-05,0.1719828,17198280.0,16588970.0,0.1658897,nan,nan,nan,nan,0.1,1.0,20.0,10 V,1.0,False,1
4.3042,1e-05,1e-05,0.1748314,17483140.0,17572230.0,0.1757223,nan,nan,nan,nan,0.1,1.0,20.0,10 V,1.0,False,1
4.3464,1e-05,1e-05,0.1676494,16764940.0,17742710.0,0.1774271,nan,nan,nan,nan,0.1,1.0,20.0,10 V,1.0,False,1
4.3888,1e-05,1e-05,0.1732697,17326970.0,16654959.999999998,0.1665496,nan,nan,nan,nan,0.1,1.0,20.0,10 V,1.0,False,1
4.4312,1e-05,1e-05,0.1598185,15981850.0,17324770.0,0.1732477,nan,nan,nan,nan,0.1,1.0,20.0,10 V,1.0,False,1
4.4737,1e-05,1e-05,0.1646249,16462489.999999998,16758350.0,0.1675835,nan,nan,nan,nan,0.1,1.0,20.0,10 V,1.0,False,1
4.5161,1e-05,1e-05,0.1668576,16685760.0,17744910.0,0.1774491,nan,nan,nan,nan,0.1,1.0,20.0,10 V,1.0,False,1
4.5585,1e-05,1e-05,0.1741275,17412750.0,17475440.0,0.1747544,nan,nan,nan,nan,0.1,1.0,20.0,10 V,1.0,False,1
4.6010,1e-05,1e-05,0.1821454,18214540.0,17212580.0,0.1721258,nan,nan,nan,nan,0.1,1.0,20.0,10 V,1.0,False,1
4.6434,1e-05,1e-05,0.178065,17806500.0,17633820.0,0.1763382,nan,nan,nan,nan,0.1,1.0,20.0,10 V,1.0,False,1
4.6858,1e-05,1e-05,0.1788679,17886790.0,17003610.0,0.1700361,nan,nan,nan,nan,0.1,1.0,20.0,10 V,1.0,False,1
4.7282,1e-05,1e-05,0.1744355,17443550.0,16896930.0,0.1689693,nan,nan,nan,nan,0.1,1.0,20.0,10 V,1.0,False,1
4.7707,1e-05,1e-05,0.1745235,17452350.0,17739410.0,0.1773941,nan,nan,nan,nan,0.1,1.0,20.0,10 V,1.0,False,1
4.8131,1e-05,1e-05,0.1792088,17920880.0,16804540.0,0.1680454,nan,nan,nan,nan,0.1,1.0,20.0,10 V,1.0,False,1
4.8556,1e-05,1e-05,0.1761623,17616230.0,17840590.0,0.1784059,nan,nan,nan,nan,0.1,1.0,20.0,10 V,1.0,False,1
4.8980,1e-05,1e-05,0.177933,17793300.0,18077060.0,0.1807706,nan,nan,nan,nan,0.1,1.0,20.0,10 V,1.0,False,1
4.9405,1e-05,1e-05,0.1738746,17387460.0,18049560.0,0.1804956,nan,nan,nan,nan,0.1,1.0,20.0,10 V,1.0,False,1
4.9830,1e-05,1e-05,0.178054,17805400.0,17521640.0,0.1752164,nan,nan,nan,nan,0.1,1.0,20.0,10 V,1.0,False,1
5.0255,1e-05,1e-05,0.1767452,17674520.0,18045160.0,0.1804516,nan,nan,nan,nan,0.1,1.0,20.0,10 V,1.0,False,1
5.0679,1e-05,1e-05,0.1801547,18015470.0,17948380.0,0.1794838,nan,nan,nan,nan,0.1,1.0,20.0,10 V,1.0,False,1
5.1104,1e-05,1e-05,0.1884695,18846950.0,18984430.0,0.1898443,nan,nan,nan,nan,0.1,1.0,20.0,10 V,1.0,False,1
5.1528,1e-05,1e-05,0.1831243,18312430.0,17986870.0,0.1798687,nan,nan,nan,nan,0.1,1.0,20.0,10 V,1.0,False,1
5.1952,1e-05,1e-05,0.1774931,17749310.0,17858190.0,0.1785819,nan,nan,nan,nan,0.1,1.0,20.0,10 V,1.0,False,1
5.2376,1e-05,1e-05,0.1871827,18718270.0,17930780.0,0.1793078,nan,nan,nan,nan,0.1,1.0,20.0,10 V,1.0,False,1
5.2800,1e-05,1e-05,0.1803417,18034170.0,18375120.0,0.1837512,nan,nan,nan,nan,0.1,1.0,20.0,10 V,1.0,False,1
5.3224,1e-05,1e-05,0.1671655,16716550.0,17585430.0,0.1758543,nan,nan,nan,nan,0.1,1.0,20.0,10 V,1.0,False,1
5.3648,1e-05,1e-05,0.1772731,17727310.0,18969030.0,0.1896903,nan,nan,nan,nan,0.1,1.0,20.0,10 V,1.0,False,1
5.4070,1e-05,1e-05,0.1828823,18288230.0,18775460.0,0.1877546,nan,nan,nan,nan,0.1,1.0,20.0,10 V,1.0,False,1
5.4493,1e-05,1e-05,0.1837402,18374020.0,17847190.0,0.1784719,nan,nan,nan,nan,0.1,1.0,20.0,10 V,1.0,False,1
