Tiempo (min)	I pulso(mA)	Vinst 1 (V)	Iinst 1 (mA)	Rinst 1(Ohm)	Rrem 1 (Ohm)	Ibias 1 (mA)	Vbias 1 (V)	Vinst 2 (V)	Iinst 2 (mA)	Rinst 2(Ohm)	Rrem 2 (Ohm)	Ibias 2 (mA)	Vbias 2 (V)	Ancho pulso (s)	Periodo (s)	Icc 1 (mA)	Vcc 1 (V)	Icc 2 (mA)	Vcc 2 (V)	2W 1?	N6.352363E-1	0.000000E+0	5.000000E-4	-1.110000E-5	-4.504505E+4	1.349593E+6	7.380000E-5	9.960000E-2	9.910000E+37	-1.110000E-5	-8.927928E+45	1.342818E+45	7.380000E-5	9.910000E+37	5.000000E-2	0.000000E+0	1.000000E-1	5.000000E+0	1.000000E-1	5.000000E+0	1.000000E+0	1.000000E+0
6.527540E-1	1.000000E+2	1.001000E-1	6.840000E-5	1.463450E+6	1.423462E+6	6.990000E-5	9.950000E-2	9.910000E+37	6.840000E-5	1.448830E+45	1.417740E+45	6.990000E-5	9.910000E+37	5.000000E-2	0.000000E+0	1.000000E-1	5.000000E+0	1.000000E-1	5.000000E+0	1.000000E+0	2.000000E+0
6.703050E-1	2.000000E+2	1.999000E-1	1.541000E-4	1.297210E+6	1.559561E+6	6.380000E-5	9.950000E-2	9.910000E+37	1.541000E-4	6.430889E+44	1.553292E+45	6.380000E-5	9.910000E+37	5.000000E-2	0.000000E+0	1.000000E-1	5.000000E+0	1.000000E-1	5.000000E+0	1.000000E+0	3.000000E+0
6.877560E-1	3.000000E+2	2.992000E-1	2.465000E-4	1.213793E+6	1.168009E+6	8.690000E-5	1.015000E-1	9.910000E+37	2.465000E-4	4.020284E+44	1.140391E+45	8.690000E-5	9.910000E+37	5.000000E-2	0.000000E+0	1.000000E-1	5.000000E+0	1.000000E-1	5.000000E+0	1.000000E+0	4.000000E+0
7.049737E-1	4.000000E+2	4.003000E-1	3.287000E-4	1.217828E+6	1.378830E+6	7.180000E-5	9.900000E-2	9.910000E+37	3.287000E-4	3.014907E+44	1.380223E+45	7.180000E-5	9.910000E+37	5.000000E-2	0.000000E+0	1.000000E-1	5.000000E+0	1.000000E-1	5.000000E+0	1.000000E+0	5.000000E+0
7.224413E-1	5.000000E+2	5.001000E-1	4.062000E-4	1.231167E+6	1.271919E+6	7.870000E-5	1.001000E-1	9.910000E+37	4.062000E-4	2.439685E+44	1.259212E+45	7.870000E-5	9.910000E+37	5.000000E-2	0.000000E+0	1.000000E-1	5.000000E+0	1.000000E-1	5.000000E+0	1.000000E+0	6.000000E+0
7.397756E-1	6.000000E+2	6.000000E-1	4.994000E-4	1.201442E+6	1.471111E+6	6.750000E-5	9.930000E-2	9.910000E+37	4.994000E-4	1.984381E+44	1.468148E+45	6.750000E-5	9.910000E+37	5.000000E-2	0.000000E+0	1.000000E-1	5.000000E+0	1.000000E-1	5.000000E+0	1.000000E+0	7.000000E+0
7.571100E-1	7.000000E+2	6.999000E-1	5.962000E-4	1.173935E+6	1.169570E+6	8.610000E-5	1.007000E-1	9.910000E+37	5.962000E-4	1.662194E+44	1.150987E+45	8.610000E-5	9.910000E+37	5.000000E-2	0.000000E+0	1.000000E-1	5.000000E+0	1.000000E-1	5.000000E+0	1.000000E+0	8.000000E+0
7.744443E-1	8.000000E+2	7.999000E-1	6.856000E-4	1.166715E+6	1.400560E+6	7.140000E-5	1.000000E-1	9.910000E+37	6.856000E-4	1.445449E+44	1.387955E+45	7.140000E-5	9.910000E+37	5.000000E-2	0.000000E+0	1.000000E-1	5.000000E+0	1.000000E-1	5.000000E+0	1.000000E+0	9.000000E+0
7.918620E-1	9.000000E+2	9.000000E-1	7.832000E-4	1.149132E+6	1.245283E+6	7.950000E-5	9.900000E-2	9.910000E+37	7.832000E-4	1.265322E+44	1.246541E+45	7.950000E-5	9.910000E+37	5.000000E-2	0.000000E+0	1.000000E-1	5.000000E+0	1.000000E-1	5.000000E+0	1.000000E+0	1.000000E+1
8.091630E-1	1.000000E+3	1.000700E+0	8.992000E-4	1.112878E+6	1.212121E+6	8.250000E-5	1.000000E-1	9.910000E+37	8.992000E-4	1.102091E+44	1.201212E+45	8.250000E-5	9.910000E+37	5.000000E-2	0.000000E+0	1.000000E-1	5.000000E+0	1.000000E-1	5.000000E+0	1.000000E+0	1.100000E+1
8.263306E-1	1.000000E+3	1.000000E+0	9.002000E-4	1.110864E+6	1.351351E+6	7.400000E-5	1.000000E-1	9.910000E+37	9.002000E-4	1.100866E+44	1.339189E+45	7.400000E-5	9.910000E+37	5.000000E-2	0.000000E+0	1.000000E-1	5.000000E+0	1.000000E-1	5.000000E+0	1.000000E+0	1.200000E+1
8.435483E-1	9.000000E+2	8.999000E-1	7.813000E-4	1.151798E+6	1.291287E+6	7.690000E-5	9.930000E-2	9.910000E+37	7.813000E-4	1.268399E+44	1.288687E+45	7.690000E-5	9.910000E+37	5.000000E-2	0.000000E+0	1.000000E-1	5.000000E+0	1.000000E-1	5.000000E+0	1.000000E+0	1.300000E+1
8.608326E-1	8.000000E+2	7.994000E-1	6.879000E-4	1.162088E+6	1.220859E+6	8.150000E-5	9.950000E-2	9.910000E+37	6.879000E-4	1.440616E+44	1.215951E+45	8.150000E-5	9.910000E+37	5.000000E-2	0.000000E+0	1.000000E-1	5.000000E+0	1.000000E-1	5.000000E+0	1.000000E+0	1.400000E+1
8.782169E-1	7.000000E+2	6.992000E-1	5.795000E-4	1.206557E+6	1.373961E+6	7.220000E-5	9.920000E-2	9.910000E+37	5.795000E-4	1.710095E+44	1.372576E+45	7.220000E-5	9.910000E+37	5.000000E-2	0.000000E+0	1.000000E-1	5.000000E+0	1.000000E-1	5.000000E+0	1.000000E+0	1.500000E+1
8.956512E-1	6.000000E+2	5.993000E-1	4.870000E-4	1.230595E+6	1.411598E+6	7.070000E-5	9.980000E-2	9.910000E+37	4.870000E-4	2.034908E+44	1.401697E+45	7.070000E-5	9.910000E+37	5.000000E-2	0.000000E+0	1.000000E-1	5.000000E+0	1.000000E-1	5.000000E+0	1.000000E+0	1.600000E+1
9.128522E-1	5.000000E+2	5.004000E-1	4.063000E-4	1.231602E+6	1.316340E+6	7.650000E-5	1.007000E-1	9.910000E+37	4.063000E-4	2.439084E+44	1.295425E+45	7.650000E-5	9.910000E+37	5.000000E-2	0.000000E+0	1.000000E-1	5.000000E+0	1.000000E-1	5.000000E+0	1.000000E+0	1.700000E+1
9.301199E-1	4.000000E+2	4.001000E-1	3.336000E-4	1.199341E+6	1.488756E+6	6.670000E-5	9.930000E-2	9.910000E+37	3.336000E-4	2.970624E+44	1.485757E+45	6.670000E-5	9.910000E+37	5.000000E-2	0.000000E+0	1.000000E-1	5.000000E+0	1.000000E-1	5.000000E+0	1.000000E+0	1.800000E+1
9.474209E-1	3.000000E+2	2.999000E-1	2.429000E-4	1.234664E+6	1.387500E+6	7.200000E-5	9.990000E-2	9.910000E+37	2.429000E-4	4.079868E+44	1.376389E+45	7.200000E-5	9.910000E+37	5.000000E-2	0.000000E+0	1.000000E-1	5.000000E+0	1.000000E-1	5.000000E+0	1.000000E+0	1.900000E+1
9.647719E-1	2.000000E+2	1.999000E-1	1.634000E-4	1.223378E+6	1.373297E+6	7.340000E-5	1.008000E-1	9.910000E+37	1.634000E-4	6.064871E+44	1.350136E+45	7.340000E-5	9.910000E+37	5.000000E-2	0.000000E+0	1.000000E-1	5.000000E+0	1.000000E-1	5.000000E+0	1.000000E+0	2.000000E+1
9.819562E-1	1.000000E+2	9.990000E-2	7.040000E-5	1.419034E+6	1.196643E+6	8.340000E-5	9.980000E-2	9.910000E+37	7.040000E-5	1.407670E+45	1.188249E+45	8.340000E-5	9.910000E+37	5.000000E-2	0.000000E+0	1.000000E-1	5.000000E+0	1.000000E-1	5.000000E+0	1.000000E+0	2.100000E+1
9.991738E-1	0.000000E+0	1.500000E-3	2.500000E-6	6.000000E+5	1.311346E+6	7.580000E-5	9.940000E-2	9.910000E+37	2.500000E-6	3.964000E+46	1.307388E+45	7.580000E-5	9.910000E+37	5.000000E-2	0.000000E+0	1.000000E-1	5.000000E+0	1.000000E-1	5.000000E+0	1.000000E+0	2.200000E+1
1.017042E+0	-1.000000E+2	-9.950000E-2	-7.570000E-5	1.314399E+6	1.523883E+6	6.490000E-5	9.890000E-2	9.910000E+37	-7.570000E-5	-1.309115E+45	1.526965E+45	6.490000E-5	9.910000E+37	5.000000E-2	0.000000E+0	1.000000E-1	5.000000E+0	1.000000E-1	5.000000E+0	1.000000E+0	2.300000E+1
1.034409E+0	-2.000000E+2	-2.001000E-1	-1.582000E-4	1.264855E+6	1.380556E+6	7.200000E-5	9.940000E-2	9.910000E+37	-1.582000E-4	-6.264223E+44	1.376389E+45	7.200000E-5	9.910000E+37	5.000000E-2	0.000000E+0	1.000000E-1	5.000000E+0	1.000000E-1	5.000000E+0	1.000000E+0	2.400000E+1
1.051610E+0	-3.000000E+2	-3.003000E-1	-2.628000E-4	1.142694E+6	1.248130E+6	8.020000E-5	1.001000E-1	9.910000E+37	-2.628000E-4	-3.770928E+44	1.235661E+45	8.020000E-5	9.910000E+37	5.000000E-2	0.000000E+0	1.000000E-1	5.000000E+0	1.000000E-1	5.000000E+0	1.000000E+0	2.500000E+1
1.069128E+0	-4.000000E+2	-4.012000E-1	-3.401000E-4	1.179653E+6	1.328021E+6	7.530000E-5	1.000000E-1	9.910000E+37	-3.401000E-4	-2.913849E+44	1.316069E+45	7.530000E-5	9.910000E+37	5.000000E-2	0.000000E+0	1.000000E-1	5.000000E+0	1.000000E-1	5.000000E+0	1.000000E+0	2.600000E+1
1.086412E+0	-5.000000E+2	-4.997000E-1	-4.153000E-4	1.203227E+6	1.399441E+6	7.160000E-5	1.002000E-1	9.910000E+37	-4.153000E-4	-2.386227E+44	1.384078E+45	7.160000E-5	9.910000E+37	5.000000E-2	0.000000E+0	1.000000E-1	5.000000E+0	1.000000E-1	5.000000E+0	1.000000E+0	2.700000E+1
1.104313E+0	-6.000000E+2	-6.001000E-1	-5.247000E-4	1.143701E+6	1.195678E+6	8.330000E-5	9.960000E-2	9.910000E+37	-5.247000E-4	-1.888698E+44	1.189676E+45	8.330000E-5	9.910000E+37	5.000000E-2	0.000000E+0	1.000000E-1	8.000000E+0	1.000000E-1	5.000000E+0	1.000000E+0	2.800000E+1
1.121731E+0	-7.000000E+2	-6.994000E-1	-6.006000E-4	1.164502E+6	1.305195E+6	7.700000E-5	1.005000E-1	9.910000E+37	-6.006000E-4	-1.650017E+44	1.287013E+45	7.700000E-5	9.910000E+37	5.000000E-2	0.000000E+0	1.000000E-1	8.000000E+0	1.000000E-1	5.000000E+0	1.000000E+0	2.900000E+1
1.139132E+0	-8.000000E+2	-7.989000E-1	-6.929000E-4	1.152980E+6	1.349866E+6	7.460000E-5	1.007000E-1	9.910000E+37	-6.929000E-4	-1.430221E+44	1.328418E+45	7.460000E-5	9.910000E+37	5.000000E-2	0.000000E+0	1.000000E-1	8.000000E+0	1.000000E-1	5.000000E+0	1.000000E+0	3.000000E+1
1.156583E+0	-9.000000E+2	-9.000000E-1	-7.966000E-4	1.129802E+6	1.266836E+6	7.870000E-5	9.970000E-2	9.910000E+37	-7.966000E-4	-1.244037E+44	1.259212E+45	7.870000E-5	9.910000E+37	5.000000E-2	0.000000E+0	1.000000E-1	8.000000E+0	1.000000E-1	5.000000E+0	1.000000E+0	3.100000E+1
1.174217E+0	-1.000000E+3	-1.000300E+0	-8.935000E-4	1.119530E+6	1.274131E+6	7.770000E-5	9.900000E-2	9.910000E+37	-8.935000E-4	-1.109121E+44	1.275418E+45	7.770000E-5	9.910000E+37	5.000000E-2	0.000000E+0	1.000000E-1	8.000000E+0	1.000000E-1	5.000000E+0	1.000000E+0	3.200000E+1
1.191518E+0	-1.000000E+3	-1.001300E+0	-9.007000E-4	1.111691E+6	1.415254E+6	7.080000E-5	1.002000E-1	9.910000E+37	-9.007000E-4	-1.100255E+44	1.399718E+45	7.080000E-5	9.910000E+37	5.000000E-2	0.000000E+0	1.000000E-1	8.000000E+0	1.000000E-1	5.000000E+0	1.000000E+0	3.300000E+1
1.208919E+0	-9.000000E+2	-9.010000E-1	-7.983000E-4	1.128648E+6	1.237918E+6	8.070000E-5	9.990000E-2	9.910000E+37	-7.983000E-4	-1.241388E+44	1.228005E+45	8.070000E-5	9.910000E+37	5.000000E-2	0.000000E+0	1.000000E-1	8.000000E+0	1.000000E-1	5.000000E+0	1.000000E+0	3.400000E+1
1.226320E+0	-8.000000E+2	-7.995000E-1	-6.936000E-4	1.152682E+6	1.265152E+6	7.920000E-5	1.002000E-1	9.910000E+37	-6.936000E-4	-1.428777E+44	1.251263E+45	7.920000E-5	9.910000E+37	5.000000E-2	0.000000E+0	1.000000E-1	8.000000E+0	1.000000E-1	5.000000E+0	1.000000E+0	3.500000E+1
1.243721E+0	-7.000000E+2	-6.995000E-1	-6.031000E-4	1.159841E+6	1.302632E+6	7.600000E-5	9.900000E-2	9.910000E+37	-6.031000E-4	-1.643177E+44	1.303947E+45	7.600000E-5	9.910000E+37	5.000000E-2	0.000000E+0	1.000000E-1	8.000000E+0	1.000000E-1	5.000000E+0	1.000000E+0	3.600000E+1
1.260972E+0	-6.000000E+2	-6.012000E-1	-5.243000E-4	1.146672E+6	1.242839E+6	8.030000E-5	9.980000E-2	9.910000E+37	-5.243000E-4	-1.890139E+44	1.234122E+45	8.030000E-5	9.910000E+37	5.000000E-2	0.000000E+0	1.000000E-1	8.000000E+0	1.000000E-1	5.000000E+0	1.000000E+0	3.700000E+1
1.278290E+0	-5.000000E+2	-5.006000E-1	-4.269000E-4	1.172640E+6	1.392707E+6	7.130000E-5	9.930000E-2	9.910000E+37	-4.269000E-4	-2.321387E+44	1.389902E+45	7.130000E-5	9.910000E+37	5.000000E-2	0.000000E+0	1.000000E-1	8.000000E+0	1.000000E-1	5.000000E+0	1.000000E+0	3.800000E+1
1.295624E+0	-4.000000E+2	-3.991000E-1	-3.386000E-4	1.178677E+6	1.131313E+6	8.910000E-5	1.008000E-1	9.910000E+37	-3.386000E-4	-2.926757E+44	1.112233E+45	8.910000E-5	9.910000E+37	5.000000E-2	0.000000E+0	1.000000E-1	8.000000E+0	1.000000E-1	5.000000E+0	1.000000E+0	3.900000E+1
1.313208E+0	-3.000000E+2	-2.997000E-1	-2.442000E-4	1.227273E+6	1.557812E+6	6.400000E-5	9.970000E-2	9.910000E+37	-2.442000E-4	-4.058149E+44	1.548438E+45	6.400000E-5	9.910000E+37	5.000000E-2	0.000000E+0	1.000000E-1	8.000000E+0	1.000000E-1	5.000000E+0	1.000000E+0	4.000000E+1
1.330693E+0	-2.000000E+2	-2.001000E-1	-1.716000E-4	1.166084E+6	1.187426E+6	8.430000E-5	1.001000E-1	9.910000E+37	-1.716000E-4	-5.775058E+44	1.175563E+45	8.430000E-5	9.910000E+37	5.000000E-2	0.000000E+0	1.000000E-1	8.000000E+0	1.000000E-1	5.000000E+0	1.000000E+0	4.100000E+1
1.347894E+0	-1.000000E+2	-1.001000E-1	-8.760000E-5	1.142694E+6	1.516768E+6	6.560000E-5	9.950000E-2	9.910000E+37	-8.760000E-5	-1.131279E+45	1.510671E+45	6.560000E-5	9.910000E+37	5.000000E-2	0.000000E+0	1.000000E-1	8.000000E+0	1.000000E-1	5.000000E+0	1.000000E+0	4.200000E+1
1.365428E+0	0.000000E+0	-4.000000E-4	-1.900000E-6	2.105263E+5	1.394109E+6	7.130000E-5	9.940000E-2	9.910000E+37	-1.900000E-6	-5.215789E+46	1.389902E+45	7.130000E-5	9.910000E+37	5.000000E-2	0.000000E+0	1.000000E-1	8.000000E+0	1.000000E-1	8.000000E+0	1.000000E+0	4.300000E+1
1.382746E+0	1.000000E+2	1.010000E-1	7.490000E-5	1.348465E+6	1.458515E+6	6.870000E-5	1.002000E-1	9.910000E+37	7.490000E-5	1.323097E+45	1.442504E+45	6.870000E-5	9.910000E+37	5.000000E-2	0.000000E+0	1.000000E-1	8.000000E+0	1.000000E-1	8.000000E+0	1.000000E+0	4.400000E+1
1.400113E+0	2.000000E+2	1.995000E-1	1.509000E-4	1.322068E+6	1.454148E+6	6.870000E-5	9.990000E-2	9.910000E+37	1.509000E-4	6.567263E+44	1.442504E+45	6.870000E-5	9.910000E+37	5.000000E-2	0.000000E+0	1.000000E-1	8.000000E+0	1.000000E-1	8.000000E+0	1.000000E+0	4.500000E+1
1.417748E+0	3.000000E+2	2.993000E-1	2.283000E-4	1.310994E+6	1.328895E+6	7.510000E-5	9.980000E-2	9.910000E+37	2.283000E-4	4.340780E+44	1.319574E+45	7.510000E-5	9.910000E+37	5.000000E-2	0.000000E+0	1.000000E-1	8.000000E+0	1.000000E-1	8.000000E+0	1.000000E+0	4.600000E+1
1.435232E+0	4.000000E+2	4.001000E-1	3.232000E-4	1.237933E+6	1.447368E+6	6.840000E-5	9.900000E-2	9.910000E+37	3.232000E-4	3.066213E+44	1.448830E+45	6.840000E-5	9.910000E+37	5.000000E-2	0.000000E+0	1.000000E-1	8.000000E+0	1.000000E-1	8.000000E+0	1.000000E+0	4.700000E+1
1.452500E+0	5.000000E+2	4.995000E-1	4.180000E-4	1.194976E+6	1.452035E+6	6.880000E-5	9.990000E-2	9.910000E+37	4.180000E-4	2.370813E+44	1.440407E+45	6.880000E-5	9.910000E+37	5.000000E-2	0.000000E+0	1.000000E-1	8.000000E+0	1.000000E-1	8.000000E+0	1.000000E+0	4.800000E+1
1.469834E+0	6.000000E+2	5.995000E-1	4.940000E-4	1.213563E+6	1.459854E+6	6.850000E-5	1.000000E-1	9.910000E+37	4.940000E-4	2.006073E+44	1.446715E+45	6.850000E-5	9.910000E+37	5.000000E-2	0.000000E+0	1.000000E-1	8.000000E+0	1.000000E-1	8.000000E+0	1.000000E+0	4.900000E+1
1.487135E+0	7.000000E+2	6.987000E-1	5.986000E-4	1.167224E+6	1.307792E+6	7.700000E-5	1.007000E-1	9.910000E+37	5.986000E-4	1.655530E+44	1.287013E+45	7.700000E-5	9.910000E+37	5.000000E-2	0.000000E+0	1.000000E-1	8.000000E+0	1.000000E-1	8.000000E+0	1.000000E+0	5.000000E+1
1.504469E+0	8.000000E+2	8.001000E-1	6.901000E-4	1.159397E+6	1.473997E+6	6.730000E-5	9.920000E-2	9.910000E+37	6.901000E-4	1.436024E+44	1.472511E+45	6.730000E-5	9.910000E+37	5.000000E-2	0.000000E+0	1.000000E-1	8.000000E+0	1.000000E-1	8.000000E+0	1.000000E+0	5.100000E+1
1.522020E+0	9.000000E+2	9.009000E-1	7.962000E-4	1.131500E+6	1.210778E+6	8.350000E-5	1.011000E-1	9.910000E+37	7.962000E-4	1.244662E+44	1.186826E+45	8.350000E-5	9.910000E+37	5.000000E-2	0.000000E+0	1.000000E-1	8.000000E+0	1.000000E-1	8.000000E+0	1.000000E+0	5.200000E+1
1.539405E+0	1.000000E+3	9.993000E-1	8.860000E-4	1.127878E+6	1.349593E+6	7.380000E-5	9.960000E-2	9.910000E+37	8.860000E-4	1.118510E+44	1.342818E+45	7.380000E-5	9.910000E+37	5.000000E-2	0.000000E+0	1.000000E-1	8.000000E+0	1.000000E-1	8.000000E+0	1.000000E+0	5.300000E+1
1.556872E+0	1.100000E+3	1.100600E+0	1.003000E-3	1.097308E+6	1.303342E+6	7.780000E-5	1.014000E-1	9.910000E+37	1.003000E-3	9.880359E+43	1.273779E+45	7.780000E-5	9.910000E+37	5.000000E-2	0.000000E+0	1.000000E-1	8.000000E+0	1.000000E-1	8.000000E+0	1.000000E+0	5.400000E+1
1.574207E+0	1.200000E+3	1.200200E+0	1.114200E-3	1.077185E+6	1.834862E+6	5.450000E-5	1.000000E-1	9.910000E+37	1.114200E-3	8.894274E+43	1.818349E+45	5.450000E-5	9.910000E+37	5.000000E-2	0.000000E+0	1.000000E-1	8.000000E+0	1.000000E-1	8.000000E+0	1.000000E+0	5.500000E+1
1.591708E+0	1.300000E+3	1.299800E+0	1.215300E-3	1.069530E+6	1.218293E+6	8.200000E-5	9.990000E-2	9.910000E+37	1.215300E-3	8.154365E+43	1.208537E+45	8.200000E-5	9.910000E+37	5.000000E-2	0.000000E+0	1.000000E-1	8.000000E+0	1.000000E-1	8.000000E+0	1.000000E+0	5.600000E+1
1.608909E+0	1.400000E+3	1.399700E+0	1.338400E-3	1.045801E+6	1.317295E+6	7.690000E-5	1.013000E-1	9.910000E+37	1.338400E-3	7.404363E+43	1.288687E+45	7.690000E-5	9.910000E+37	5.000000E-2	0.000000E+0	1.000000E-1	8.000000E+0	1.000000E-1	8.000000E+0	1.000000E+0	5.700000E+1
1.626126E+0	1.500000E+3	1.499700E+0	1.455000E-3	1.030722E+6	1.199035E+6	8.290000E-5	9.940000E-2	9.910000E+37	1.455000E-3	6.810997E+43	1.195416E+45	8.290000E-5	9.910000E+37	5.000000E-2	0.000000E+0	1.000000E-1	8.000000E+0	1.000000E-1	8.000000E+0	1.000000E+0	5.800000E+1
1.643677E+0	1.600000E+3	1.599300E+0	1.584200E-3	1.009532E+6	1.242910E+6	8.110000E-5	1.008000E-1	9.910000E+37	1.584200E-3	6.255523E+43	1.221948E+45	8.110000E-5	9.910000E+37	5.000000E-2	0.000000E+0	1.000000E-1	8.000000E+0	1.000000E-1	8.000000E+0	1.000000E+0	5.900000E+1
1.660878E+0	1.700000E+3	1.699800E+0	1.717700E-3	9.895791E+5	1.545031E+6	6.440000E-5	9.950000E-2	9.910000E+37	1.717700E-3	5.769343E+43	1.538820E+45	6.440000E-5	9.910000E+37	5.000000E-2	0.000000E+0	1.000000E-1	8.000000E+0	1.000000E-1	8.000000E+0	1.000000E+0	6.000000E+1
1.678246E+0	1.800000E+3	1.799700E+0	1.830100E-3	9.833889E+5	1.569640E+6	6.390000E-5	1.003000E-1	9.910000E+37	1.830100E-3	5.415005E+43	1.550861E+45	6.390000E-5	9.910000E+37	5.000000E-2	0.000000E+0	1.000000E-1	8.000000E+0	1.000000E-1	8.000000E+0	1.000000E+0	6.100000E+1
1.695747E+0	1.900000E+3	1.899800E+0	1.946300E-3	9.761085E+5	1.300261E+6	7.660000E-5	9.960000E-2	9.910000E+37	1.946300E-3	5.091712E+43	1.293734E+45	7.660000E-5	9.910000E+37	5.000000E-2	0.000000E+0	1.000000E-1	8.000000E+0	1.000000E-1	8.000000E+0	1.000000E+0	6.200000E+1
1.713098E+0	2.000000E+3	2.000600E+0	2.084400E-3	9.597966E+5	1.496218E+6	6.610000E-5	9.890000E-2	9.910000E+37	2.084400E-3	4.754366E+43	1.499244E+45	6.610000E-5	9.910000E+37	5.000000E-2	0.000000E+0	1.000000E-1	8.000000E+0	1.000000E-1	8.000000E+0	1.000000E+0	6.300000E+1
1.730699E+0	2.100000E+3	2.099800E+0	2.220800E-3	9.455151E+5	1.450725E+6	6.900000E-5	1.001000E-1	9.910000E+37	2.220800E-3	4.462356E+43	1.436232E+45	6.900000E-5	9.910000E+37	5.000000E-2	0.000000E+0	1.000000E-1	8.000000E+0	1.000000E-1	8.000000E+0	1.000000E+0	6.400000E+1
1.748217E+0	2.200000E+3	2.201400E+0	2.357600E-3	9.337462E+5	1.318063E+6	7.640000E-5	1.007000E-1	9.910000E+37	2.357600E-3	4.203427E+43	1.297120E+45	7.640000E-5	9.910000E+37	5.000000E-2	0.000000E+0	1.000000E-1	8.000000E+0	1.000000E-1	8.000000E+0	1.000000E+0	6.500000E+1
1.765584E+0	2.300000E+3	2.300500E+0	2.503300E-3	9.189869E+5	1.463127E+6	6.780000E-5	9.920000E-2	9.910000E+37	2.503300E-3	3.958774E+43	1.461652E+45	6.780000E-5	9.910000E+37	5.000000E-2	0.000000E+0	1.000000E-1	8.000000E+0	1.000000E-1	8.000000E+0	1.000000E+0	6.600000E+1
1.783152E+0	2.400000E+3	2.399900E+0	2.627700E-3	9.133082E+5	1.248750E+6	8.000000E-5	9.990000E-2	9.910000E+37	2.627700E-3	3.771359E+43	1.238750E+45	8.000000E-5	9.910000E+37	5.000000E-2	0.000000E+0	1.000000E-1	8.000000E+0	1.000000E-1	8.000000E+0	1.000000E+0	6.700000E+1
1.800703E+0	2.500000E+3	2.499200E+0	2.763200E-3	9.044586E+5	1.325858E+6	7.580000E-5	1.005000E-1	9.910000E+37	2.763200E-3	3.586422E+43	1.307388E+45	7.580000E-5	9.910000E+37	5.000000E-2	0.000000E+0	1.000000E-1	8.000000E+0	1.000000E-1	8.000000E+0	1.000000E+0	6.800000E+1
1.818004E+0	2.600000E+3	2.599300E+0	2.910900E-3	8.929541E+5	1.381868E+6	7.280000E-5	1.006000E-1	9.910000E+37	2.910900E-3	3.404445E+43	1.361264E+45	7.280000E-5	9.910000E+37	5.000000E-2	0.000000E+0	1.000000E-1	8.000000E+0	1.000000E-1	8.000000E+0	1.000000E+0	6.900000E+1
1.835588E+0	2.700000E+3	2.700000E+0	3.048500E-3	8.856815E+5	1.459971E+6	6.870000E-5	1.003000E-1	9.910000E+37	3.048500E-3	3.250779E+43	1.442504E+45	6.870000E-5	9.910000E+37	5.000000E-2	0.000000E+0	1.000000E-1	8.000000E+0	1.000000E-1	8.000000E+0	1.000000E+0	7.000000E+1
1.852839E+0	2.800000E+3	2.799900E+0	3.187700E-3	8.783449E+5	1.372253E+6	7.280000E-5	9.990000E-2	9.910000E+37	3.187700E-3	3.108825E+43	1.361264E+45	7.280000E-5	9.910000E+37	5.000000E-2	0.000000E+0	1.000000E-1	8.000000E+0	1.000000E-1	8.000000E+0	1.000000E+0	7.100000E+1
1.870357E+0	2.900000E+3	2.899700E+0	3.332700E-3	8.700753E+5	1.509834E+6	6.610000E-5	9.980000E-2	9.910000E+37	3.332700E-3	2.973565E+43	1.499244E+45	6.610000E-5	9.910000E+37	5.000000E-2	0.000000E+0	1.000000E-1	8.000000E+0	1.000000E-1	8.000000E+0	1.000000E+0	7.200000E+1
1.887825E+0	3.000000E+3	2.999500E+0	3.465400E-3	8.655566E+5	1.267516E+6	7.850000E-5	9.950000E-2	9.910000E+37	3.465400E-3	2.859699E+43	1.262420E+45	7.850000E-5	9.910000E+37	5.000000E-2	0.000000E+0	1.000000E-1	8.000000E+0	1.000000E-1	8.000000E+0	1.000000E+0	7.300000E+1
1.905309E+0	3.100000E+3	3.100500E+0	3.631400E-3	8.538029E+5	1.462209E+6	6.880000E-5	1.006000E-1	9.910000E+37	3.631400E-3	2.728975E+43	1.440407E+45	6.880000E-5	9.910000E+37	5.000000E-2	0.000000E+0	1.000000E-1	8.000000E+0	1.000000E-1	8.000000E+0	1.000000E+0	7.400000E+1
1.922760E+0	3.200000E+3	3.199900E+0	3.777800E-3	8.470274E+5	1.350877E+6	7.410000E-5	1.001000E-1	9.910000E+37	3.777800E-3	2.623220E+43	1.337382E+45	7.410000E-5	9.910000E+37	5.000000E-2	0.000000E+0	1.000000E-1	8.000000E+0	1.000000E-1	8.000000E+0	1.000000E+0	7.500000E+1
1.940061E+0	3.300000E+3	3.300300E+0	3.919000E-3	8.421281E+5	1.468242E+6	6.770000E-5	9.940000E-2	9.910000E+37	3.919000E-3	2.528706E+43	1.463811E+45	6.770000E-5	9.910000E+37	5.000000E-2	0.000000E+0	1.000000E-1	8.000000E+0	1.000000E-1	8.000000E+0	1.000000E+0	7.600000E+1
1.957362E+0	3.400000E+3	3.399900E+0	4.070700E-3	8.352126E+5	1.364130E+6	7.360000E-5	1.004000E-1	9.910000E+37	4.070700E-3	2.434471E+43	1.346467E+45	7.360000E-5	9.910000E+37	5.000000E-2	0.000000E+0	1.000000E-1	8.000000E+0	1.000000E-1	8.000000E+0	1.000000E+0	7.700000E+1
1.974746E+0	3.500000E+3	3.500600E+0	4.217100E-3	8.300965E+5	1.491779E+6	6.690000E-5	9.980000E-2	9.910000E+37	4.217100E-3	2.349956E+43	1.481315E+45	6.690000E-5	9.910000E+37	5.000000E-2	0.000000E+0	1.000000E-1	8.000000E+0	1.000000E-1	8.000000E+0	1.000000E+0	7.800000E+1
1.992147E+0	3.600000E+3	3.599500E+0	4.352100E-3	8.270720E+5	1.267516E+6	7.850000E-5	9.950000E-2	9.910000E+37	4.352100E-3	2.277062E+43	1.262420E+45	7.850000E-5	9.910000E+37	5.000000E-2	0.000000E+0	1.000000E-1	8.000000E+0	1.000000E-1	8.000000E+0	1.000000E+0	7.900000E+1
2.009682E+0	3.700000E+3	3.700000E+0	4.519200E-3	8.187290E+5	1.525268E+6	6.530000E-5	9.960000E-2	9.910000E+37	4.519200E-3	2.192866E+43	1.517611E+45	6.530000E-5	9.910000E+37	5.000000E-2	0.000000E+0	1.000000E-1	8.000000E+0	1.000000E-1	8.000000E+0	1.000000E+0	8.000000E+1
2.026983E+0	3.800000E+3	3.800300E+0	4.673000E-3	8.132463E+5	1.427350E+6	7.020000E-5	1.002000E-1	9.910000E+37	4.673000E-3	2.120693E+43	1.411681E+45	7.020000E-5	9.910000E+37	5.000000E-2	0.000000E+0	1.000000E-1	8.000000E+0	1.000000E-1	8.000000E+0	1.000000E+0	8.100000E+1
2.044617E+0	3.900000E+3	3.899900E+0	4.825900E-3	8.081187E+5	1.385794E+6	7.180000E-5	9.950000E-2	9.910000E+37	4.825900E-3	2.053503E+43	1.380223E+45	7.180000E-5	9.910000E+37	5.000000E-2	0.000000E+0	1.000000E-1	8.000000E+0	1.000000E-1	8.000000E+0	1.000000E+0	8.200000E+1
2.062068E+0	4.000000E+3	3.999600E+0	4.968600E-3	8.049752E+5	1.349398E+6	7.470000E-5	1.008000E-1	9.910000E+37	4.968600E-3	1.994526E+43	1.326640E+45	7.470000E-5	9.910000E+37	5.000000E-2	0.000000E+0	1.000000E-1	8.000000E+0	1.000000E-1	8.000000E+0	1.000000E+0	8.300000E+1
2.079386E+0	4.100000E+3	4.100300E+0	5.127000E-3	7.997464E+5	1.433666E+6	7.010000E-5	1.005000E-1	9.910000E+37	5.127000E-3	1.932904E+43	1.413695E+45	7.010000E-5	9.910000E+37	5.000000E-2	0.000000E+0	1.000000E-1	8.000000E+0	1.000000E-1	8.000000E+0	1.000000E+0	8.400000E+1
2.097003E+0	4.200000E+3	4.200000E+0	5.274100E-3	7.963444E+5	1.498503E+6	6.680000E-5	1.001000E-1	9.910000E+37	5.274100E-3	1.878994E+43	1.483533E+45	6.680000E-5	9.910000E+37	5.000000E-2	0.000000E+0	1.000000E-1	8.000000E+0	1.000000E-1	8.000000E+0	1.000000E+0	8.500000E+1
2.114521E+0	4.300000E+3	4.300600E+0	5.433000E-3	7.915700E+5	1.294723E+6	7.770000E-5	1.006000E-1	9.910000E+37	5.433000E-3	1.824038E+43	1.275418E+45	7.770000E-5	9.910000E+37	5.000000E-2	0.000000E+0	1.000000E-1	8.000000E+0	1.000000E-1	8.000000E+0	1.000000E+0	8.600000E+1
2.131755E+0	4.400000E+3	4.399500E+0	5.589700E-3	7.870727E+5	1.720768E+6	5.730000E-5	9.860000E-2	9.910000E+37	5.589700E-3	1.772904E+43	1.729494E+45	5.730000E-5	9.910000E+37	5.000000E-2	0.000000E+0	1.000000E-1	8.000000E+0	1.000000E-1	8.000000E+0	1.000000E+0	8.700000E+1
2.149106E+0	4.500000E+3	4.499900E+0	5.749400E-3	7.826730E+5	1.335099E+6	7.550000E-5	1.008000E-1	9.910000E+37	5.749400E-3	1.723658E+43	1.312583E+45	7.550000E-5	9.910000E+37	5.000000E-2	0.000000E+0	1.000000E-1	8.000000E+0	1.000000E-1	8.000000E+0	1.000000E+0	8.800000E+1
2.166391E+0	4.600000E+3	4.599300E+0	5.904500E-3	7.789483E+5	1.618740E+6	6.190000E-5	1.002000E-1	9.910000E+37	5.904500E-3	1.678381E+43	1.600969E+45	6.190000E-5	9.910000E+37	5.000000E-2	0.000000E+0	1.000000E-1	8.000000E+0	1.000000E-1	8.000000E+0	1.000000E+0	8.900000E+1
2.183658E+0	4.700000E+3	4.699800E+0	6.065200E-3	7.748796E+5	1.529680E+6	6.570000E-5	1.005000E-1	9.910000E+37	6.065200E-3	1.633911E+43	1.508371E+45	6.570000E-5	9.910000E+37	5.000000E-2	0.000000E+0	1.000000E-1	8.000000E+0	1.000000E-1	8.000000E+0	1.000000E+0	9.000000E+1
2.201059E+0	4.800000E+3	4.800200E+0	6.226600E-3	7.709183E+5	1.389736E+6	7.210000E-5	1.002000E-1	9.910000E+37	6.226600E-3	1.591559E+43	1.374480E+45	7.210000E-5	9.910000E+37	5.000000E-2	0.000000E+0	1.000000E-1	8.000000E+0	1.000000E-1	8.000000E+0	1.000000E+0	9.100000E+1
2.218344E+0	4.900000E+3	4.900400E+0	6.386300E-3	7.673301E+5	1.482301E+6	6.780000E-5	1.005000E-1	9.910000E+37	6.386300E-3	1.551759E+43	1.461652E+45	6.780000E-5	9.910000E+37	5.000000E-2	0.000000E+0	1.000000E-1	8.000000E+0	1.000000E-1	8.000000E+0	1.000000E+0	9.200000E+1
2.235628E+0	5.000000E+3	4.999500E+0	6.531100E-3	7.654913E+5	1.500000E+6	6.600000E-5	9.900000E-2	9.910000E+37	6.531100E-3	1.517355E+43	1.501515E+45	6.600000E-5	9.910000E+37	5.000000E-2	0.000000E+0	1.000000E-1	8.000000E+0	1.000000E-1	8.000000E+0	1.000000E+0	9.300000E+1
2.253196E+0	5.000000E+3	5.000700E+0	6.532500E-3	7.655109E+5	1.123471E+6	8.990000E-5	1.010000E-1	9.910000E+37	6.532500E-3	1.517030E+43	1.102336E+45	8.990000E-5	9.910000E+37	5.000000E-2	0.000000E+0	1.000000E-1	8.000000E+0	1.000000E-1	8.000000E+0	1.000000E+0	9.400000E+1
2.270563E+0	4.900000E+3	4.899200E+0	6.359300E-3	7.703993E+5	1.159817E+6	8.760000E-5	1.016000E-1	9.910000E+37	6.359300E-3	1.558348E+43	1.131279E+45	8.760000E-5	9.910000E+37	5.000000E-2	0.000000E+0	1.000000E-1	8.000000E+0	1.000000E-1	8.000000E+0	1.000000E+0	9.500000E+1
2.287814E+0	4.800000E+3	4.797700E+0	6.176700E-3	7.767416E+5	1.491018E+6	6.680000E-5	9.960000E-2	9.910000E+37	6.176700E-3	1.604417E+43	1.483533E+45	6.680000E-5	9.910000E+37	5.000000E-2	0.000000E+0	1.000000E-1	8.000000E+0	1.000000E-1	8.000000E+0	1.000000E+0	9.600000E+1
2.305065E+0	4.700000E+3	4.700000E+0	6.049200E-3	7.769622E+5	1.529141E+6	6.520000E-5	9.970000E-2	9.910000E+37	6.049200E-3	1.638233E+43	1.519939E+45	6.520000E-5	9.910000E+37	5.000000E-2	0.000000E+0	1.000000E-1	8.000000E+0	1.000000E-1	8.000000E+0	1.000000E+0	9.700000E+1
2.322433E+0	4.600000E+3	4.598500E+0	5.871700E-3	7.831633E+5	1.595200E+6	6.250000E-5	9.970000E-2	9.910000E+37	5.871700E-3	1.687757E+43	1.585600E+45	6.250000E-5	9.910000E+37	5.000000E-2	0.000000E+0	1.000000E-1	8.000000E+0	1.000000E-1	8.000000E+0	1.000000E+0	9.800000E+1
2.339750E+0	4.500000E+3	4.500200E+0	5.727100E-3	7.857729E+5	1.360811E+6	7.400000E-5	1.007000E-1	9.910000E+37	5.727100E-3	1.730370E+43	1.339189E+45	7.400000E-5	9.910000E+37	5.000000E-2	0.000000E+0	1.000000E-1	8.000000E+0	1.000000E-1	8.000000E+0	1.000000E+0	9.900000E+1
2.357285E+0	4.400000E+3	4.399900E+0	5.548100E-3	7.930463E+5	1.368852E+6	7.320000E-5	1.002000E-1	9.910000E+37	5.548100E-3	1.786197E+43	1.353825E+45	7.320000E-5	9.910000E+37	5.000000E-2	0.000000E+0	1.000000E-1	8.000000E+0	1.000000E-1	8.000000E+0	1.000000E+0	1.000000E+2
2.374819E+0	4.300000E+3	4.300200E+0	5.389400E-3	7.978996E+5	1.589905E+6	6.340000E-5	1.008000E-1	9.910000E+37	5.389400E-3	1.838795E+43	1.563091E+45	6.340000E-5	9.910000E+37	5.000000E-2	0.000000E+0	1.000000E-1	8.000000E+0	1.000000E-1	8.000000E+0	1.000000E+0	1.010000E+2
2.392303E+0	4.200000E+3	4.201100E+0	5.234700E-3	8.025484E+5	1.418338E+6	6.980000E-5	9.900000E-2	9.910000E+37	5.234700E-3	1.893136E+43	1.419771E+45	6.980000E-5	9.910000E+37	5.000000E-2	0.000000E+0	1.000000E-1	8.000000E+0	1.000000E-1	8.000000E+0	1.000000E+0	1.020000E+2
2.409871E+0	4.100000E+3	4.099600E+0	5.079600E-3	8.070714E+5	1.430615E+6	6.990000E-5	1.000000E-1	9.910000E+37	5.079600E-3	1.950941E+43	1.417740E+45	6.990000E-5	9.910000E+37	5.000000E-2	0.000000E+0	1.000000E-1	8.000000E+0	1.000000E-1	8.000000E+0	1.000000E+0	1.030000E+2
2.427722E+0	4.000000E+3	4.000100E+0	4.917000E-3	8.135245E+5	1.457353E+6	6.800000E-5	9.910000E-2	9.910000E+37	4.917000E-3	2.015457E+43	1.457353E+45	6.800000E-5	9.910000E+37	5.000000E-2	0.000000E+0	1.000000E-1	8.000000E+0	1.000000E-1	8.000000E+0	1.000000E+0	1.040000E+2
2.445573E+0	3.900000E+3	3.899900E+0	4.765400E-3	8.183783E+5	1.564263E+6	6.380000E-5	9.980000E-2	9.910000E+37	4.765400E-3	2.079574E+43	1.553292E+45	6.380000E-5	9.910000E+37	5.000000E-2	0.000000E+0	1.000000E-1	8.000000E+0	1.000000E-1	8.000000E+0	1.000000E+0	1.050000E+2
2.463408E+0	3.800000E+3	3.798600E+0	4.594700E-3	8.267352E+5	1.141210E+6	8.760000E-4	9.997000E-1	9.910000E+37	4.594700E-3	2.156833E+43	1.131279E+44	8.760000E-4	9.910000E+37	5.000000E-2	0.000000E+0	1.000000E-1	8.000000E+0	1.000000E-1	8.000000E+0	1.000000E+0	1.060000E+2
2.480859E+0	3.700000E+3	3.699900E+0	4.467000E-3	8.282740E+5	1.164474E+6	8.591000E-4	1.000400E+0	9.910000E+37	4.467000E-3	2.218491E+43	1.153533E+44	8.591000E-4	9.910000E+37	5.000000E-2	0.000000E+0	1.000000E-1	8.000000E+0	1.000000E-1	8.000000E+0	1.000000E+0	1.070000E+2
2.498343E+0	3.600000E+3	3.600500E+0	4.307400E-3	8.358871E+5	1.141162E+6	8.763000E-4	1.000000E+0	9.910000E+37	4.307400E-3	2.300692E+43	1.130891E+44	8.763000E-4	9.910000E+37	5.000000E-2	0.000000E+0	1.000000E-1	8.000000E+0	1.000000E-1	8.000000E+0	1.000000E+0	1.080000E+2
2.515811E+0	3.500000E+3	3.500200E+0	4.150700E-3	8.432794E+5	1.145509E+6	8.728000E-4	9.998000E-1	9.910000E+37	4.150700E-3	2.387549E+43	1.135426E+44	8.728000E-4	9.910000E+37	5.000000E-2	0.000000E+0	1.000000E-1	8.000000E+0	1.000000E-1	8.000000E+0	1.000000E+0	1.090000E+2
2.533312E+0	3.400000E+3	3.399500E+0	3.995300E-3	8.508748E+5	1.150477E+6	8.699000E-4	1.000800E+0	9.910000E+37	3.995300E-3	2.480414E+43	1.139211E+44	8.699000E-4	9.910000E+37	5.000000E-2	0.000000E+0	1.000000E-1	8.000000E+0	1.000000E-1	8.000000E+0	1.000000E+0	1.100000E+2
2.550646E+0	3.300000E+3	3.300100E+0	3.841000E-3	8.591773E+5	1.152339E+6	8.678000E-4	1.000000E+0	9.910000E+37	3.841000E-3	2.580057E+43	1.141968E+44	8.678000E-4	9.910000E+37	5.000000E-2	0.000000E+0	1.000000E-1	8.000000E+0	1.000000E-1	8.000000E+0	1.000000E+0	1.110000E+2
2.568080E+0	3.200000E+3	3.200100E+0	3.694000E-3	8.662967E+5	1.146968E+6	8.723000E-4	1.000500E+0	9.910000E+37	3.694000E-3	2.682729E+43	1.136077E+44	8.723000E-4	9.910000E+37	5.000000E-2	0.000000E+0	1.000000E-1	8.000000E+0	1.000000E-1	8.000000E+0	1.000000E+0	1.120000E+2
2.585515E+0	3.100000E+3	3.099800E+0	3.552900E-3	8.724704E+5	1.156842E+6	8.652000E-4	1.000900E+0	9.910000E+37	3.552900E-3	2.789271E+43	1.145400E+44	8.652000E-4	9.910000E+37	5.000000E-2	0.000000E+0	1.000000E-1	8.000000E+0	1.000000E-1	8.000000E+0	1.000000E+0	1.130000E+2
2.602949E+0	3.000000E+3	3.000200E+0	3.406700E-3	8.806763E+5	1.173535E+6	8.517000E-4	9.995000E-1	9.910000E+37	3.406700E-3	2.908973E+43	1.163555E+44	8.517000E-4	9.910000E+37	5.000000E-2	0.000000E+0	1.000000E-1	8.000000E+0	1.000000E-1	8.000000E+0	1.000000E+0	1.140000E+2
2.620800E+0	2.900000E+3	2.899500E+0	3.257000E-3	8.902364E+5	1.139019E+6	8.783000E-4	1.000400E+0	9.910000E+37	3.257000E-3	3.042677E+43	1.128316E+44	8.783000E-4	9.910000E+37	5.000000E-2	0.000000E+0	1.000000E-1	8.000000E+0	1.000000E-1	8.000000E+0	1.000000E+0	1.150000E+2
2.638218E+0	2.800000E+3	2.799700E+0	3.110800E-3	8.999936E+5	1.158583E+6	8.639000E-4	1.000900E+0	9.910000E+37	3.110800E-3	3.185676E+43	1.147124E+44	8.639000E-4	9.910000E+37	5.000000E-2	0.000000E+0	1.000000E-1	8.000000E+0	1.000000E-1	8.000000E+0	1.000000E+0	1.160000E+2
2.655802E+0	2.700000E+3	2.699800E+0	2.962900E-3	9.112019E+5	1.148684E+6	8.703000E-4	9.997000E-1	9.910000E+37	2.962900E-3	3.344696E+43	1.138688E+44	8.703000E-4	9.910000E+37	5.000000E-2	0.000000E+0	1.000000E-1	8.000000E+0	1.000000E-1	8.000000E+0	1.000000E+0	1.170000E+2
2.673420E+0	2.600000E+3	2.599100E+0	2.824300E-3	9.202634E+5	1.155669E+6	8.653000E-4	1.000000E+0	9.910000E+37	2.824300E-3	3.508834E+43	1.145268E+44	8.653000E-4	9.910000E+37	5.000000E-2	0.000000E+0	1.000000E-1	8.000000E+0	1.000000E-1	8.000000E+0	1.000000E+0	1.180000E+2
2.691204E+0	2.500000E+3	2.499600E+0	2.689200E-3	9.294958E+5	1.153544E+6	8.662000E-4	9.992000E-1	9.910000E+37	2.689200E-3	3.685111E+43	1.144078E+44	8.662000E-4	9.910000E+37	5.000000E-2	0.000000E+0	1.000000E-1	8.000000E+0	1.000000E-1	8.000000E+0	1.000000E+0	1.190000E+2
2.708672E+0	2.400000E+3	2.399400E+0	2.549500E-3	9.411257E+5	1.172062E+6	8.526000E-4	9.993000E-1	9.910000E+37	2.549500E-3	3.887037E+43	1.162327E+44	8.526000E-4	9.910000E+37	5.000000E-2	0.000000E+0	1.000000E-1	8.000000E+0	1.000000E-1	8.000000E+0	1.000000E+0	1.200000E+2
2.726289E+0	2.300000E+3	2.300600E+0	2.424900E-3	9.487402E+5	1.170649E+6	8.538000E-4	9.995000E-1	9.910000E+37	2.424900E-3	4.086766E+43	1.160693E+44	8.538000E-4	9.910000E+37	5.000000E-2	0.000000E+0	1.000000E-1	8.000000E+0	1.000000E-1	8.000000E+0	1.000000E+0	1.210000E+2
2.743757E+0	2.200000E+3	2.200700E+0	2.286300E-3	9.625596E+5	1.152507E+6	8.675000E-4	9.998000E-1	9.910000E+37	2.286300E-3	4.334514E+43	1.142363E+44	8.675000E-4	9.910000E+37	5.000000E-2	0.000000E+0	1.000000E-1	8.000000E+0	1.000000E-1	8.000000E+0	1.000000E+0	1.220000E+2
2.761241E+0	2.100000E+3	2.100100E+0	2.149000E-3	9.772452E+5	1.153412E+6	8.676000E-4	1.000700E+0	9.910000E+37	2.149000E-3	4.611447E+43	1.142231E+44	8.676000E-4	9.910000E+37	5.000000E-2	0.000000E+0	1.000000E-1	8.000000E+0	1.000000E-1	8.000000E+0	1.000000E+0	1.230000E+2
2.778692E+0	2.000000E+3	2.000000E+0	2.016800E-3	9.916700E+5	1.158669E+6	8.628000E-4	9.997000E-1	9.910000E+37	2.016800E-3	4.913725E+43	1.148586E+44	8.628000E-4	9.910000E+37	5.000000E-2	0.000000E+0	1.000000E-1	8.000000E+0	1.000000E-1	8.000000E+0	1.000000E+0	1.240000E+2
2.795910E+0	1.900000E+3	1.900200E+0	1.887300E-3	1.006835E+6	1.139797E+6	8.777000E-4	1.000400E+0	9.910000E+37	1.887300E-3	5.250888E+43	1.129087E+44	8.777000E-4	9.910000E+37	5.000000E-2	0.000000E+0	1.000000E-1	8.000000E+0	1.000000E-1	8.000000E+0	1.000000E+0	1.250000E+2
2.813244E+0	1.800000E+3	1.799900E+0	1.761500E-3	1.021800E+6	1.162517E+6	8.596000E-4	9.993000E-1	9.910000E+37	1.761500E-3	5.625887E+43	1.152862E+44	8.596000E-4	9.910000E+37	5.000000E-2	0.000000E+0	1.000000E-1	8.000000E+0	1.000000E-1	8.000000E+0	1.000000E+0	1.260000E+2
2.830695E+0	1.700000E+3	1.698600E+0	1.643900E-3	1.033275E+6	1.158248E+6	8.632000E-4	9.998000E-1	9.910000E+37	1.643900E-3	6.028347E+43	1.148054E+44	8.632000E-4	9.910000E+37	5.000000E-2	0.000000E+0	1.000000E-1	8.000000E+0	1.000000E-1	8.000000E+0	1.000000E+0	1.270000E+2
2.848096E+0	1.600000E+3	1.599900E+0	1.523700E-3	1.050010E+6	1.162426E+6	8.607000E-4	1.000500E+0	9.910000E+37	1.523700E-3	6.503905E+43	1.151388E+44	8.607000E-4	9.910000E+37	5.000000E-2	0.000000E+0	1.000000E-1	8.000000E+0	1.000000E-1	8.000000E+0	1.000000E+0	1.280000E+2
2.865397E+0	1.500000E+3	1.501700E+0	1.414000E-3	1.062023E+6	1.166570E+6	8.579000E-4	1.000800E+0	9.910000E+37	1.414000E-3	7.008487E+43	1.155146E+44	8.579000E-4	9.910000E+37	5.000000E-2	0.000000E+0	1.000000E-1	8.000000E+0	1.000000E-1	8.000000E+0	1.000000E+0	1.290000E+2
2.882665E+0	1.400000E+3	1.400300E+0	1.299400E-3	1.077651E+6	1.152951E+6	8.676000E-4	1.000300E+0	9.910000E+37	1.299400E-3	7.626597E+43	1.142231E+44	8.676000E-4	9.910000E+37	5.000000E-2	0.000000E+0	1.000000E-1	8.000000E+0	1.000000E-1	8.000000E+0	1.000000E+0	1.300000E+2
2.899933E+0	1.300000E+3	1.300300E+0	1.175900E-3	1.105791E+6	1.143805E+6	8.741000E-4	9.998000E-1	9.910000E+37	1.175900E-3	8.427587E+43	1.133738E+44	8.741000E-4	9.910000E+37	5.000000E-2	0.000000E+0	1.000000E-1	8.000000E+0	1.000000E-1	8.000000E+0	1.000000E+0	1.310000E+2
2.917250E+0	1.200000E+3	1.200000E+0	1.072300E-3	1.119090E+6	1.152986E+6	8.674000E-4	1.000100E+0	9.910000E+37	1.072300E-3	9.241817E+43	1.142495E+44	8.674000E-4	9.910000E+37	5.000000E-2	0.000000E+0	1.000000E-1	8.000000E+0	1.000000E-1	8.000000E+0	1.000000E+0	1.320000E+2
2.934751E+0	1.100000E+3	1.099800E+0	9.714000E-4	1.132180E+6	1.146789E+6	8.720000E-4	1.000000E+0	9.910000E+37	9.714000E-4	1.020177E+44	1.136468E+44	8.720000E-4	9.910000E+37	5.000000E-2	0.000000E+0	1.000000E-1	8.000000E+0	1.000000E-1	8.000000E+0	1.000000E+0	1.330000E+2
2.952036E+0	1.000000E+3	9.995000E-1	8.609000E-4	1.160994E+6	1.146904E+6	8.720000E-4	1.000100E+0	9.910000E+37	8.609000E-4	1.151121E+44	1.136468E+44	8.720000E-4	9.910000E+37	5.000000E-2	0.000000E+0	1.000000E-1	8.000000E+0	1.000000E-1	8.000000E+0	1.000000E+0	1.340000E+2
2.969186E+0	9.000000E+2	8.996000E-1	7.597000E-4	1.184152E+6	1.164843E+6	8.590000E-4	1.000600E+0	9.910000E+37	7.597000E-4	1.304462E+44	1.153667E+44	8.590000E-4	9.910000E+37	5.000000E-2	0.000000E+0	1.000000E-1	8.000000E+0	1.000000E-1	8.000000E+0	1.000000E+0	1.350000E+2
2.986737E+0	8.000000E+2	8.000000E-1	6.785000E-4	1.179071E+6	1.156124E+6	8.647000E-4	9.997000E-1	9.910000E+37	6.785000E-4	1.460575E+44	1.146062E+44	8.647000E-4	9.910000E+37	5.000000E-2	0.000000E+0	1.000000E-1	8.000000E+0	1.000000E-1	8.000000E+0	1.000000E+0	1.360000E+2
3.003938E+0	7.000000E+2	7.007000E-1	5.778000E-4	1.212703E+6	1.135589E+6	8.806000E-4	1.000000E+0	9.910000E+37	5.778000E-4	1.715126E+44	1.125369E+44	8.806000E-4	9.910000E+37	5.000000E-2	0.000000E+0	1.000000E-1	8.000000E+0	1.000000E-1	8.000000E+0	1.000000E+0	1.370000E+2
3.021256E+0	6.000000E+2	6.000000E-1	4.940000E-4	1.214575E+6	1.153607E+6	8.678000E-4	1.001100E+0	9.910000E+37	4.940000E-4	2.006073E+44	1.141968E+44	8.678000E-4	9.910000E+37	5.000000E-2	0.000000E+0	1.000000E-1	8.000000E+0	1.000000E-1	8.000000E+0	1.000000E+0	1.380000E+2
3.038640E+0	5.000000E+2	5.000000E-1	3.994000E-4	1.251878E+6	1.148518E+6	8.706000E-4	9.999000E-1	9.910000E+37	3.994000E-4	2.481222E+44	1.138295E+44	8.706000E-4	9.910000E+37	5.000000E-2	0.000000E+0	1.000000E-1	8.000000E+0	1.000000E-1	8.000000E+0	1.000000E+0	1.390000E+2
3.056175E+0	4.000000E+2	4.005000E-1	3.205000E-4	1.249610E+6	1.167134E+6	8.568000E-4	1.000000E+0	9.910000E+37	3.205000E-4	3.092044E+44	1.156629E+44	8.568000E-4	9.910000E+37	5.000000E-2	0.000000E+0	1.000000E-1	8.000000E+0	1.000000E-1	8.000000E+0	1.000000E+0	1.400000E+2
3.073459E+0	3.000000E+2	3.005000E-1	2.383000E-4	1.261016E+6	1.156507E+6	8.645000E-4	9.998000E-1	9.910000E+37	2.383000E-4	4.158624E+44	1.146327E+44	8.645000E-4	9.910000E+37	5.000000E-2	0.000000E+0	1.000000E-1	8.000000E+0	1.000000E-1	8.000000E+0	1.000000E+0	1.410000E+2
3.090893E+0	2.000000E+2	1.993000E-1	1.595000E-4	1.249530E+6	1.167621E+6	8.561000E-4	9.996000E-1	9.910000E+37	1.595000E-4	6.213166E+44	1.157575E+44	8.561000E-4	9.910000E+37	5.000000E-2	0.000000E+0	1.000000E-1	8.000000E+0	1.000000E-1	8.000000E+0	1.000000E+0	1.420000E+2
3.108311E+0	1.000000E+2	9.930000E-2	6.620000E-5	1.500000E+6	1.153109E+6	8.667000E-4	9.994000E-1	9.910000E+37	6.620000E-5	1.496979E+45	1.143418E+44	8.667000E-4	9.910000E+37	5.000000E-2	0.000000E+0	1.000000E-1	8.000000E+0	1.000000E-1	8.000000E+0	1.000000E+0	1.430000E+2
3.125712E+0	0.000000E+0	-1.000000E-4	-1.430000E-5	6.993007E+3	1.146954E+6	8.717000E-4	9.998000E-1	9.910000E+37	-1.430000E-5	-6.930070E+45	1.136859E+44	8.717000E-4	9.910000E+37	5.000000E-2	0.000000E+0	1.000000E-1	8.000000E+0	1.000000E-1	8.000000E+0	1.000000E+0	1.440000E+2
3.143180E+0	-1.000000E+2	-9.940000E-2	-8.440000E-5	1.177725E+6	1.167776E+6	8.565000E-4	1.000200E+0	9.910000E+37	-8.440000E-5	-1.174171E+45	1.157034E+44	8.565000E-4	9.910000E+37	5.000000E-2	0.000000E+0	1.000000E-1	8.000000E+0	1.000000E-1	8.000000E+0	1.000000E+0	1.450000E+2
3.160497E+0	-2.000000E+2	-2.004000E-1	-1.646000E-4	1.217497E+6	1.165850E+6	8.574000E-4	9.996000E-1	9.910000E+37	-1.646000E-4	-6.020656E+44	1.155820E+44	8.574000E-4	9.910000E+37	5.000000E-2	0.000000E+0	1.000000E-1	8.000000E+0	1.000000E-1	8.000000E+0	1.000000E+0	1.460000E+2
3.177932E+0	-3.000000E+2	-2.996000E-1	-2.467000E-4	1.214430E+6	1.165288E+6	8.585000E-4	1.000400E+0	9.910000E+37	-2.467000E-4	-4.017025E+44	1.154339E+44	8.585000E-4	9.910000E+37	5.000000E-2	0.000000E+0	1.000000E-1	8.000000E+0	1.000000E-1	8.000000E+0	1.000000E+0	1.470000E+2
3.195983E+0	-4.000000E+2	-4.009000E-1	-3.379000E-4	1.186446E+6	1.153678E+6	8.674000E-4	1.000700E+0	9.910000E+37	-3.379000E-4	-2.932820E+44	1.142495E+44	8.674000E-4	9.910000E+37	5.000000E-2	0.000000E+0	1.000000E-1	8.000000E+0	1.000000E-1	8.000000E+0	1.000000E+0	1.480000E+2
3.213800E+0	-5.000000E+2	-5.004000E-1	-4.331000E-4	1.155391E+6	1.159713E+6	8.628000E-4	1.000600E+0	9.910000E+37	-4.331000E-4	-2.288155E+44	1.148586E+44	8.628000E-4	9.910000E+37	5.000000E-2	0.000000E+0	1.000000E-1	8.000000E+0	1.000000E-1	8.000000E+0	1.000000E+0	1.490000E+2
3.231118E+0	-6.000000E+2	-6.010000E-1	-5.258000E-4	1.143020E+6	1.146890E+6	8.714000E-4	9.994000E-1	9.910000E+37	-5.258000E-4	-1.884747E+44	1.137250E+44	8.714000E-4	9.910000E+37	5.000000E-2	0.000000E+0	1.000000E-1	8.000000E+0	1.000000E-1	8.000000E+0	1.000000E+0	1.500000E+2
3.248652E+0	-7.000000E+2	-6.996000E-1	-6.042000E-4	1.157895E+6	1.157986E+6	8.640000E-4	1.000500E+0	9.910000E+37	-6.042000E-4	-1.640185E+44	1.146991E+44	8.640000E-4	9.910000E+37	5.000000E-2	0.000000E+0	1.000000E-1	8.000000E+0	1.000000E-1	8.000000E+0	1.000000E+0	1.510000E+2
3.265987E+0	-8.000000E+2	-8.001000E-1	-6.963000E-4	1.149074E+6	1.154583E+6	8.662000E-4	1.000100E+0	9.910000E+37	-6.963000E-4	-1.423237E+44	1.144078E+44	8.662000E-4	9.910000E+37	5.000000E-2	0.000000E+0	1.000000E-1	8.000000E+0	1.000000E-1	8.000000E+0	1.000000E+0	1.520000E+2
3.283404E+0	-9.000000E+2	-8.994000E-1	-7.929000E-4	1.134317E+6	1.150397E+6	8.697000E-4	1.000500E+0	9.910000E+37	-7.929000E-4	-1.249842E+44	1.139473E+44	8.697000E-4	9.910000E+37	5.000000E-2	0.000000E+0	1.000000E-1	8.000000E+0	1.000000E-1	8.000000E+0	1.000000E+0	1.530000E+2
3.300705E+0	-1.000000E+3	-9.995000E-1	-8.972000E-4	1.114021E+6	1.149805E+6	8.698000E-4	1.000100E+0	9.910000E+37	-8.972000E-4	-1.104547E+44	1.139342E+44	8.698000E-4	9.910000E+37	5.000000E-2	0.000000E+0	1.000000E-1	8.000000E+0	1.000000E-1	8.000000E+0	1.000000E+0	1.540000E+2
3.318006E+0	-1.100000E+3	-1.099500E+0	-9.858000E-4	1.115338E+6	1.155338E+6	8.665000E-4	1.001100E+0	9.910000E+37	-9.858000E-4	-1.005275E+44	1.143681E+44	8.665000E-4	9.910000E+37	5.000000E-2	0.000000E+0	1.000000E-1	8.000000E+0	1.000000E-1	8.000000E+0	1.000000E+0	1.550000E+2
3.335324E+0	-1.200000E+3	-1.200500E+0	-1.086300E-3	1.105127E+6	1.156829E+6	8.640000E-4	9.995000E-1	9.910000E+37	-1.086300E-3	-9.122710E+43	1.146991E+44	8.640000E-4	9.910000E+37	5.000000E-2	0.000000E+0	1.000000E-1	8.000000E+0	1.000000E-1	8.000000E+0	1.000000E+0	1.560000E+2
3.352808E+0	-1.300000E+3	-1.299600E+0	-1.199700E-3	1.083271E+6	1.136550E+6	8.788000E-4	9.988000E-1	9.910000E+37	-1.199700E-3	-8.260398E+43	1.127674E+44	8.788000E-4	9.910000E+37	5.000000E-2	0.000000E+0	1.000000E-1	8.000000E+0	1.000000E-1	8.000000E+0	1.000000E+0	1.570000E+2
3.370109E+0	-1.400000E+3	-1.399700E+0	-1.310600E-3	1.067984E+6	1.148931E+6	8.702000E-4	9.998000E-1	9.910000E+37	-1.310600E-3	-7.561422E+43	1.138819E+44	8.702000E-4	9.910000E+37	5.000000E-2	0.000000E+0	1.000000E-1	8.000000E+0	1.000000E-1	8.000000E+0	1.000000E+0	1.580000E+2
3.387294E+0	-1.500000E+3	-1.499900E+0	-1.411800E-3	1.062403E+6	1.168871E+6	8.545000E-4	9.988000E-1	9.910000E+37	-1.411800E-3	-7.019408E+43	1.159743E+44	8.545000E-4	9.910000E+37	5.000000E-2	0.000000E+0	1.000000E-1	8.000000E+0	1.000000E-1	8.000000E+0	1.000000E+0	1.590000E+2
3.404545E+0	-1.600000E+3	-1.600100E+0	-1.529900E-3	1.045885E+6	1.141146E+6	8.764000E-4	1.000100E+0	9.910000E+37	-1.529900E-3	-6.477548E+43	1.130762E+44	8.764000E-4	9.910000E+37	5.000000E-2	0.000000E+0	1.000000E-1	8.000000E+0	1.000000E-1	8.000000E+0	1.000000E+0	1.600000E+2
3.422096E+0	-1.700000E+3	-1.700000E+0	-1.631500E-3	1.041986E+6	1.150713E+6	8.692000E-4	1.000200E+0	9.910000E+37	-1.631500E-3	-6.074165E+43	1.140129E+44	8.692000E-4	9.910000E+37	5.000000E-2	0.000000E+0	1.000000E-1	8.000000E+0	1.000000E-1	8.000000E+0	1.000000E+0	1.610000E+2
3.439280E+0	-1.800000E+3	-1.799600E+0	-1.745600E-3	1.030935E+6	1.146442E+6	8.727000E-4	1.000500E+0	9.910000E+37	-1.745600E-3	-5.677131E+43	1.135556E+44	8.727000E-4	9.910000E+37	5.000000E-2	0.000000E+0	1.000000E-1	8.000000E+0	1.000000E-1	8.000000E+0	1.000000E+0	1.620000E+2
3.456548E+0	-1.900000E+3	-1.899700E+0	-1.874900E-3	1.013227E+6	1.150783E+6	8.688000E-4	9.998000E-1	9.910000E+37	-1.874900E-3	-5.285615E+43	1.140654E+44	8.688000E-4	9.910000E+37	5.000000E-2	0.000000E+0	1.000000E-1	8.000000E+0	1.000000E-1	8.000000E+0	1.000000E+0	1.630000E+2
3.473999E+0	-2.000000E+3	-1.999500E+0	-1.983100E-3	1.008270E+6	1.150978E+6	8.690000E-4	1.000200E+0	9.910000E+37	-1.983100E-3	-4.997227E+43	1.140391E+44	8.690000E-4	9.910000E+37	5.000000E-2	0.000000E+0	1.000000E-1	8.000000E+0	1.000000E-1	8.000000E+0	1.000000E+0	1.640000E+2
3.491250E+0	-2.100000E+3	-2.100300E+0	-2.113500E-3	9.937544E+5	1.147761E+6	8.710000E-4	9.997000E-1	9.910000E+37	-2.113500E-3	-4.688905E+43	1.137773E+44	8.710000E-4	9.910000E+37	5.000000E-2	0.000000E+0	1.000000E-1	8.000000E+0	1.000000E-1	8.000000E+0	1.000000E+0	1.650000E+2
3.508634E+0	-2.200000E+3	-2.199300E+0	-2.219600E-3	9.908542E+5	1.141765E+6	8.761000E-4	1.000300E+0	9.910000E+37	-2.219600E-3	-4.464768E+43	1.131149E+44	8.761000E-4	9.910000E+37	5.000000E-2	0.000000E+0	1.000000E-1	8.000000E+0	1.000000E-1	8.000000E+0	1.000000E+0	1.660000E+2
3.525952E+0	-2.300000E+3	-2.299200E+0	-2.354500E-3	9.765131E+5	1.134225E+6	8.821000E-4	1.000500E+0	9.910000E+37	-2.354500E-3	-4.208962E+43	1.123455E+44	8.821000E-4	9.910000E+37	5.000000E-2	0.000000E+0	1.000000E-1	8.000000E+0	1.000000E-1	8.000000E+0	1.000000E+0	1.670000E+2
3.543286E+0	-2.400000E+3	-2.399200E+0	-2.488500E-3	9.641149E+5	1.132971E+6	8.829000E-4	1.000300E+0	9.910000E+37	-2.488500E-3	-3.982319E+43	1.122437E+44	8.829000E-4	9.910000E+37	5.000000E-2	0.000000E+0	1.000000E-1	8.000000E+0	1.000000E-1	8.000000E+0	1.000000E+0	1.680000E+2
3.560537E+0	-2.500000E+3	-2.500000E+0	-2.607400E-3	9.588095E+5	1.143804E+6	8.755000E-4	1.001400E+0	9.910000E+37	-2.607400E-3	-3.800721E+43	1.131925E+44	8.755000E-4	9.910000E+37	5.000000E-2	0.000000E+0	1.000000E-1	8.000000E+0	1.000000E-1	8.000000E+0	1.000000E+0	1.690000E+2
3.578221E+0	-2.600000E+3	-2.600100E+0	-2.734400E-3	9.508850E+5	1.156069E+6	8.650000E-4	1.000000E+0	9.910000E+37	-2.734400E-3	-3.624195E+43	1.145665E+44	8.650000E-4	9.910000E+37	5.000000E-2	0.000000E+0	1.000000E-1	8.000000E+0	1.000000E-1	8.000000E+0	1.000000E+0	1.700000E+2
3.595706E+0	-2.700000E+3	-2.699700E+0	-2.856400E-3	9.451407E+5	1.139440E+6	8.778000E-4	1.000200E+0	9.910000E+37	-2.856400E-3	-3.469402E+43	1.128959E+44	8.778000E-4	9.910000E+37	5.000000E-2	0.000000E+0	1.000000E-1	8.000000E+0	1.000000E-1	8.000000E+0	1.000000E+0	1.710000E+2
3.613140E+0	-2.800000E+3	-2.799800E+0	-2.984100E-3	9.382393E+5	1.143560E+6	8.742000E-4	9.997000E-1	9.910000E+37	-2.984100E-3	-3.320934E+43	1.133608E+44	8.742000E-4	9.910000E+37	5.000000E-2	0.000000E+0	1.000000E-1	8.000000E+0	1.000000E-1	8.000000E+0	1.000000E+0	1.720000E+2
3.630658E+0	-2.900000E+3	-2.900500E+0	-3.128000E-3	9.272698E+5	1.133681E+6	8.827000E-4	1.000700E+0	9.910000E+37	-3.128000E-3	-3.168159E+43	1.122692E+44	8.827000E-4	9.910000E+37	5.000000E-2	0.000000E+0	1.000000E-1	8.000000E+0	1.000000E-1	8.000000E+0	1.000000E+0	1.730000E+2
3.647909E+0	-3.000000E+3	-3.000200E+0	-3.262700E-3	9.195452E+5	1.143282E+6	8.745000E-4	9.998000E-1	9.910000E+37	-3.262700E-3	-3.037362E+43	1.133219E+44	8.745000E-4	9.910000E+37	5.000000E-2	0.000000E+0	1.000000E-1	8.000000E+0	1.000000E-1	8.000000E+0	1.000000E+0	1.740000E+2
3.665476E+0	-3.100000E+3	-3.099900E+0	-3.395800E-3	9.128629E+5	1.142008E+6	8.753000E-4	9.996000E-1	9.910000E+37	-3.395800E-3	-2.918311E+43	1.132183E+44	8.753000E-4	9.910000E+37	5.000000E-2	0.000000E+0	1.000000E-1	8.000000E+0	1.000000E-1	8.000000E+0	1.000000E+0	1.750000E+2
3.682911E+0	-3.200000E+3	-3.200200E+0	-3.532500E-3	9.059306E+5	1.148301E+6	8.712000E-4	1.000400E+0	9.910000E+37	-3.532500E-3	-2.805379E+43	1.137511E+44	8.712000E-4	9.910000E+37	5.000000E-2	0.000000E+0	1.000000E-1	8.000000E+0	1.000000E-1	8.000000E+0	1.000000E+0	1.760000E+2
3.700178E+0	-3.300000E+3	-3.299800E+0	-3.660700E-3	9.014123E+5	1.145950E+6	8.729000E-4	1.000300E+0	9.910000E+37	-3.660700E-3	-2.707133E+43	1.135296E+44	8.729000E-4	9.910000E+37	5.000000E-2	0.000000E+0	1.000000E-1	8.000000E+0	1.000000E-1	8.000000E+0	1.000000E+0	1.770000E+2
3.717679E+0	-3.400000E+3	-3.399600E+0	-3.811300E-3	8.919791E+5	1.129973E+6	8.848000E-4	9.998000E-1	9.910000E+37	-3.811300E-3	-2.600163E+43	1.120027E+44	8.848000E-4	9.910000E+37	5.000000E-2	0.000000E+0	1.000000E-1	8.000000E+0	1.000000E-1	8.000000E+0	1.000000E+0	1.780000E+2
3.735214E+0	-3.500000E+3	-3.499400E+0	-3.936800E-3	8.888945E+5	1.141390E+6	8.763000E-4	1.000200E+0	9.910000E+37	-3.936800E-3	-2.517273E+43	1.130891E+44	8.763000E-4	9.910000E+37	5.000000E-2	0.000000E+0	1.000000E-1	8.000000E+0	1.000000E-1	8.000000E+0	1.000000E+0	1.790000E+2
3.752565E+0	-3.600000E+3	-3.599200E+0	-4.079500E-3	8.822650E+5	1.148794E+6	8.710000E-4	1.000600E+0	9.910000E+37	-4.079500E-3	-2.429219E+43	1.137773E+44	8.710000E-4	9.910000E+37	5.000000E-2	0.000000E+0	1.000000E-1	8.000000E+0	1.000000E-1	8.000000E+0	1.000000E+0	1.800000E+2
3.769982E+0	-3.700000E+3	-3.700000E+0	-4.223900E-3	8.759677E+5	1.137092E+6	8.797000E-4	1.000300E+0	9.910000E+37	-4.223900E-3	-2.346173E+43	1.126520E+44	8.797000E-4	9.910000E+37	5.000000E-2	0.000000E+0	1.000000E-1	8.000000E+0	1.000000E-1	8.000000E+0	1.000000E+0	1.810000E+2
3.787317E+0	-3.800000E+3	-3.799600E+0	-4.364200E-3	8.706292E+5	1.132195E+6	8.843000E-4	1.001200E+0	9.910000E+37	-4.364200E-3	-2.270748E+43	1.120660E+44	8.843000E-4	9.910000E+37	5.000000E-2	0.000000E+0	1.000000E-1	8.000000E+0	1.000000E-1	8.000000E+0	1.000000E+0	1.820000E+2
3.804668E+0	-3.900000E+3	-3.899900E+0	-4.510300E-3	8.646653E+5	1.143429E+6	8.750000E-4	1.000500E+0	9.910000E+37	-4.510300E-3	-2.197193E+43	1.132571E+44	8.750000E-4	9.910000E+37	5.000000E-2	0.000000E+0	1.000000E-1	8.000000E+0	1.000000E-1	8.000000E+0	1.000000E+0	1.830000E+2
3.822235E+0	-4.000000E+3	-3.999700E+0	-4.654200E-3	8.593743E+5	1.145034E+6	8.729000E-4	9.995000E-1	9.910000E+37	-4.654200E-3	-2.129260E+43	1.135296E+44	8.729000E-4	9.910000E+37	5.000000E-2	0.000000E+0	1.000000E-1	8.000000E+0	1.000000E-1	8.000000E+0	1.000000E+0	1.840000E+2
3.839670E+0	-4.100000E+3	-4.099300E+0	-4.802300E-3	8.536118E+5	1.132201E+6	8.835000E-4	1.000300E+0	9.910000E+37	-4.802300E-3	-2.063595E+43	1.121675E+44	8.835000E-4	9.910000E+37	5.000000E-2	0.000000E+0	1.000000E-1	8.000000E+0	1.000000E-1	8.000000E+0	1.000000E+0	1.850000E+2
3.857054E+0	-4.200000E+3	-4.200000E+0	-4.951500E-3	8.482278E+5	1.143838E+6	8.739000E-4	9.996000E-1	9.910000E+37	-4.951500E-3	-2.001414E+43	1.133997E+44	8.739000E-4	9.910000E+37	5.000000E-2	0.000000E+0	1.000000E-1	8.000000E+0	1.000000E-1	8.000000E+0	1.000000E+0	1.860000E+2
3.874438E+0	-4.300000E+3	-4.299500E+0	-5.095300E-3	8.438169E+5	1.130115E+6	8.846000E-4	9.997000E-1	9.910000E+37	-5.095300E-3	-1.944930E+43	1.120280E+44	8.846000E-4	9.910000E+37	5.000000E-2	0.000000E+0	1.000000E-1	8.000000E+0	1.000000E-1	8.000000E+0	1.000000E+0	1.870000E+2
3.891889E+0	-4.400000E+3	-4.399300E+0	-5.237600E-3	8.399458E+5	1.135476E+6	8.806000E-4	9.999000E-1	9.910000E+37	-5.237600E-3	-1.892088E+43	1.125369E+44	8.806000E-4	9.910000E+37	5.000000E-2	0.000000E+0	1.000000E-1	8.000000E+0	1.000000E-1	8.000000E+0	1.000000E+0	1.880000E+2
3.909340E+0	-4.500000E+3	-4.498600E+0	-5.384000E-3	8.355498E+5	1.139646E+6	8.765000E-4	9.989000E-1	9.910000E+37	-5.384000E-3	-1.840639E+43	1.130633E+44	8.765000E-4	9.910000E+37	5.000000E-2	0.000000E+0	1.000000E-1	8.000000E+0	1.000000E-1	8.000000E+0	1.000000E+0	1.890000E+2
3.926625E+0	-4.600000E+3	-4.600300E+0	-5.539500E-3	8.304540E+5	1.144313E+6	8.731000E-4	9.991000E-1	9.910000E+37	-5.539500E-3	-1.788970E+43	1.135036E+44	8.731000E-4	9.910000E+37	5.000000E-2	0.000000E+0	1.000000E-1	8.000000E+0	1.000000E-1	8.000000E+0	1.000000E+0	1.900000E+2
3.944209E+0	-4.700000E+3	-4.700200E+0	-5.690600E-3	8.259586E+5	1.136637E+6	8.797000E-4	9.999000E-1	9.910000E+37	-5.690600E-3	-1.741468E+43	1.126520E+44	8.797000E-4	9.910000E+37	5.000000E-2	0.000000E+0	1.000000E-1	8.000000E+0	1.000000E-1	8.000000E+0	1.000000E+0	1.910000E+2
3.961527E+0	-4.800000E+3	-4.799300E+0	-5.831600E-3	8.229817E+5	1.132948E+6	8.823000E-4	9.996000E-1	9.910000E+37	-5.831600E-3	-1.699362E+43	1.123201E+44	8.823000E-4	9.910000E+37	5.000000E-2	0.000000E+0	1.000000E-1	8.000000E+0	1.000000E-1	8.000000E+0	1.000000E+0	1.920000E+2
3.978894E+0	-4.900000E+3	-4.900000E+0	-5.981400E-3	8.192062E+5	1.130115E+6	8.846000E-4	9.997000E-1	9.910000E+37	-5.981400E-3	-1.656803E+43	1.120280E+44	8.846000E-4	9.910000E+37	5.000000E-2	0.000000E+0	1.000000E-1	8.000000E+0	1.000000E-1	8.000000E+0	1.000000E+0	1.930000E+2
3.996345E+0	-5.000000E+3	-4.999800E+0	-6.130500E-3	8.155615E+5	1.133326E+6	8.828000E-4	1.000500E+0	9.910000E+37	-6.130500E-3	-1.616508E+43	1.122565E+44	8.828000E-4	9.910000E+37	5.000000E-2	0.000000E+0	1.000000E-1	8.000000E+0	1.000000E-1	8.000000E+0	1.000000E+0	1.940000E+2
4.013763E+0	-5.000000E+3	-5.000200E+0	-6.133600E-3	8.152146E+5	1.137248E+6	8.787000E-4	9.993000E-1	9.910000E+37	-6.133600E-3	-1.615691E+43	1.127802E+44	8.787000E-4	9.910000E+37	5.000000E-2	0.000000E+0	1.000000E-1	8.000000E+0	1.000000E-1	8.000000E+0	1.000000E+0	1.950000E+2
4.031164E+0	-4.900000E+3	-4.899800E+0	-5.982700E-3	8.189948E+5	1.124256E+6	8.901000E-4	1.000700E+0	9.910000E+37	-5.982700E-3	-1.656443E+43	1.113358E+44	8.901000E-4	9.910000E+37	5.000000E-2	0.000000E+0	1.000000E-1	8.000000E+0	1.000000E-1	8.000000E+0	1.000000E+0	1.960000E+2
4.048715E+0	-4.800000E+3	-4.799700E+0	-5.820000E-3	8.246907E+5	1.132405E+6	8.829000E-4	9.998000E-1	9.910000E+37	-5.820000E-3	-1.702749E+43	1.122437E+44	8.829000E-4	9.910000E+37	5.000000E-2	0.000000E+0	1.000000E-1	8.000000E+0	1.000000E-1	8.000000E+0	1.000000E+0	1.970000E+2
4.066033E+0	-4.700000E+3	-4.699100E+0	-5.666100E-3	8.293359E+5	1.134051E+6	8.825000E-4	1.000800E+0	9.910000E+37	-5.666100E-3	-1.748998E+43	1.122946E+44	8.825000E-4	9.910000E+37	5.000000E-2	0.000000E+0	1.000000E-1	8.000000E+0	1.000000E-1	8.000000E+0	1.000000E+0	1.980000E+2
4.083517E+0	-4.600000E+3	-4.599600E+0	-5.518900E-3	8.334270E+5	1.122392E+6	8.914000E-4	1.000500E+0	9.910000E+37	-5.518900E-3	-1.795648E+43	1.111734E+44	8.914000E-4	9.910000E+37	5.000000E-2	0.000000E+0	1.000000E-1	8.000000E+0	1.000000E-1	8.000000E+0	1.000000E+0	1.990000E+2
4.101101E+0	-4.500000E+3	-4.499600E+0	-5.362000E-3	8.391645E+5	1.140297E+6	8.760000E-4	9.989000E-1	9.910000E+37	-5.362000E-3	-1.848191E+43	1.131279E+44	8.760000E-4	9.910000E+37	5.000000E-2	0.000000E+0	1.000000E-1	8.000000E+0	1.000000E-1	8.000000E+0	1.000000E+0	2.000000E+2
4.118352E+0	-4.400000E+3	-4.399800E+0	-5.205200E-3	8.452701E+5	1.119879E+6	8.934000E-4	1.000500E+0	9.910000E+37	-5.205200E-3	-1.903865E+43	1.109246E+44	8.934000E-4	9.910000E+37	5.000000E-2	0.000000E+0	1.000000E-1	8.000000E+0	1.000000E-1	8.000000E+0	1.000000E+0	2.010000E+2
4.135803E+0	-4.300000E+3	-4.300600E+0	-5.062600E-3	8.494845E+5	1.132366E+6	8.824000E-4	9.992000E-1	9.910000E+37	-5.062600E-3	-1.957492E+43	1.123073E+44	8.824000E-4	9.910000E+37	5.000000E-2	0.000000E+0	1.000000E-1	8.000000E+0	1.000000E-1	8.000000E+0	1.000000E+0	2.020000E+2
4.153121E+0	-4.200000E+3	-4.199500E+0	-4.908600E-3	8.555393E+5	1.135233E+6	8.807000E-4	9.998000E-1	9.910000E+37	-4.908600E-3	-2.018906E+43	1.125241E+44	8.807000E-4	9.910000E+37	5.000000E-2	0.000000E+0	1.000000E-1	8.000000E+0	1.000000E-1	8.000000E+0	1.000000E+0	2.030000E+2
4.170522E+0	-4.100000E+3	-4.100300E+0	-4.778400E-3	8.580906E+5	1.120018E+6	8.932000E-4	1.000400E+0	9.910000E+37	-4.778400E-3	-2.073916E+43	1.109494E+44	8.932000E-4	9.910000E+37	5.000000E-2	0.000000E+0	1.000000E-1	8.000000E+0	1.000000E-1	8.000000E+0	1.000000E+0	2.040000E+2
4.187856E+0	-4.000000E+3	-3.999500E+0	-4.618900E-3	8.658988E+5	1.130651E+6	8.848000E-4	1.000400E+0	9.910000E+37	-4.618900E-3	-2.145532E+43	1.120027E+44	8.848000E-4	9.910000E+37	5.000000E-2	0.000000E+0	1.000000E-1	8.000000E+0	1.000000E-1	8.000000E+0	1.000000E+0	2.050000E+2
4.205407E+0	-3.900000E+3	-3.899500E+0	-4.464900E-3	8.733678E+5	1.142988E+6	8.749000E-4	1.000000E+0	9.910000E+37	-4.464900E-3	-2.219535E+43	1.132701E+44	8.749000E-4	9.910000E+37	5.000000E-2	0.000000E+0	1.000000E-1	8.000000E+0	1.000000E-1	8.000000E+0	1.000000E+0	2.060000E+2
4.222825E+0	-3.800000E+3	-3.801200E+0	-4.342700E-3	8.753080E+5	1.142188E+6	8.749000E-4	9.993000E-1	9.910000E+37	-4.342700E-3	-2.281990E+43	1.132701E+44	8.749000E-4	9.910000E+37	5.000000E-2	0.000000E+0	1.000000E-1	8.000000E+0	1.000000E-1	8.000000E+0	1.000000E+0	2.070000E+2
4.240276E+0	-3.700000E+3	-3.699800E+0	-4.202200E-3	8.804436E+5	1.126042E+6	8.878000E-4	9.997000E-1	9.910000E+37	-4.202200E-3	-2.358289E+43	1.116242E+44	8.878000E-4	9.910000E+37	5.000000E-2	0.000000E+0	1.000000E-1	8.000000E+0	1.000000E-1	8.000000E+0	1.000000E+0	2.080000E+2
4.257760E+0	-3.600000E+3	-3.600100E+0	-4.040800E-3	8.909374E+5	1.139797E+6	8.777000E-4	1.000400E+0	9.910000E+37	-4.040800E-3	-2.452485E+43	1.129087E+44	8.777000E-4	9.910000E+37	5.000000E-2	0.000000E+0	1.000000E-1	8.000000E+0	1.000000E-1	8.000000E+0	1.000000E+0	2.090000E+2
4.275145E+0	-3.500000E+3	-3.499600E+0	-3.904700E-3	8.962532E+5	1.133061E+6	8.823000E-4	9.997000E-1	9.910000E+37	-3.904700E-3	-2.537967E+43	1.123201E+44	8.823000E-4	9.910000E+37	5.000000E-2	0.000000E+0	1.000000E-1	8.000000E+0	1.000000E-1	8.000000E+0	1.000000E+0	2.100000E+2
4.292729E+0	-3.400000E+3	-3.400100E+0	-3.771800E-3	9.014529E+5	1.133749E+6	8.815000E-4	9.994000E-1	9.910000E+37	-3.771800E-3	-2.627393E+43	1.124220E+44	8.815000E-4	9.910000E+37	5.000000E-2	0.000000E+0	1.000000E-1	8.000000E+0	1.000000E-1	8.000000E+0	1.000000E+0	2.110000E+2
4.310213E+0	-3.300000E+3	-3.299900E+0	-3.638600E-3	9.069147E+5	1.126632E+6	8.884000E-4	1.000900E+0	9.910000E+37	-3.638600E-3	-2.723575E+43	1.115489E+44	8.884000E-4	9.910000E+37	5.000000E-2	0.000000E+0	1.000000E-1	8.000000E+0	1.000000E-1	8.000000E+0	1.000000E+0	2.120000E+2
4.327498E+0	-3.200000E+3	-3.200400E+0	-3.496200E-3	9.153939E+5	1.132888E+6	8.827000E-4	1.000000E+0	9.910000E+37	-3.496200E-3	-2.834506E+43	1.122692E+44	8.827000E-4	9.910000E+37	5.000000E-2	0.000000E+0	1.000000E-1	8.000000E+0	1.000000E-1	8.000000E+0	1.000000E+0	2.130000E+2
4.344882E+0	-3.100000E+3	-3.099600E+0	-3.363800E-3	9.214579E+5	1.134611E+6	8.818000E-4	1.000500E+0	9.910000E+37	-3.363800E-3	-2.946073E+43	1.123838E+44	8.818000E-4	9.910000E+37	5.000000E-2	0.000000E+0	1.000000E-1	8.000000E+0	1.000000E-1	8.000000E+0	1.000000E+0	2.140000E+2
4.362116E+0	-3.000000E+3	-3.000800E+0	-3.231200E-3	9.286952E+5	1.136596E+6	8.807000E-4	1.001000E+0	9.910000E+37	-3.231200E-3	-3.066972E+43	1.125241E+44	8.807000E-4	9.910000E+37	5.000000E-2	0.000000E+0	1.000000E-1	8.000000E+0	1.000000E-1	8.000000E+0	1.000000E+0	2.150000E+2
4.379334E+0	-2.900000E+3	-2.901500E+0	-3.107000E-3	9.338590E+5	1.127240E+6	8.873000E-4	1.000200E+0	9.910000E+37	-3.107000E-3	-3.189572E+43	1.116871E+44	8.873000E-4	9.910000E+37	5.000000E-2	0.000000E+0	1.000000E-1	8.000000E+0	1.000000E-1	8.000000E+0	1.000000E+0	2.160000E+2
4.396618E+0	-2.800000E+3	-2.799900E+0	-2.971700E-3	9.421880E+5	1.125380E+6	8.893000E-4	1.000800E+0	9.910000E+37	-2.971700E-3	-3.334792E+43	1.114360E+44	8.893000E-4	9.910000E+37	5.000000E-2	0.000000E+0	1.000000E-1	8.000000E+0	1.000000E-1	8.000000E+0	1.000000E+0	2.170000E+2
4.413852E+0	-2.700000E+3	-2.699800E+0	-2.842900E-3	9.496641E+5	1.140623E+6	8.761000E-4	9.993000E-1	9.910000E+37	-2.842900E-3	-3.485877E+43	1.131149E+44	8.761000E-4	9.910000E+37	5.000000E-2	0.000000E+0	1.000000E-1	8.000000E+0	1.000000E-1	8.000000E+0	1.000000E+0	2.180000E+2
4.431120E+0	-2.600000E+3	-2.599800E+0	-2.712200E-3	9.585576E+5	1.147586E+6	8.700000E-4	9.984000E-1	9.910000E+37	-2.712200E-3	-3.653860E+43	1.139080E+44	8.700000E-4	9.910000E+37	5.000000E-2	0.000000E+0	1.000000E-1	8.000000E+0	1.000000E-1	8.000000E+0	1.000000E+0	2.190000E+2
4.448688E+0	-2.500000E+3	-2.499700E+0	-2.586300E-3	9.665159E+5	1.139469E+6	8.769000E-4	9.992000E-1	9.910000E+37	-2.586300E-3	-3.831729E+43	1.130117E+44	8.769000E-4	9.910000E+37	5.000000E-2	0.000000E+0	1.000000E-1	8.000000E+0	1.000000E-1	8.000000E+0	1.000000E+0	2.200000E+2
4.466189E+0	-2.400000E+3	-2.400600E+0	-2.458300E-3	9.765285E+5	1.133273E+6	8.824000E-4	1.000000E+0	9.910000E+37	-2.458300E-3	-4.031241E+43	1.123073E+44	8.824000E-4	9.910000E+37	5.000000E-2	0.000000E+0	1.000000E-1	8.000000E+0	1.000000E-1	8.000000E+0	1.000000E+0	2.210000E+2
4.483473E+0	-2.300000E+3	-2.300700E+0	-2.335700E-3	9.850152E+5	1.139813E+6	8.776000E-4	1.000300E+0	9.910000E+37	-2.335700E-3	-4.242839E+43	1.129216E+44	8.776000E-4	9.910000E+37	5.000000E-2	0.000000E+0	1.000000E-1	8.000000E+0	1.000000E-1	8.000000E+0	1.000000E+0	2.220000E+2
4.500874E+0	-2.200000E+3	-2.199900E+0	-2.212900E-3	9.941254E+5	1.131743E+6	8.843000E-4	1.000800E+0	9.910000E+37	-2.212900E-3	-4.478286E+43	1.120660E+44	8.843000E-4	9.910000E+37	5.000000E-2	0.000000E+0	1.000000E-1	8.000000E+0	1.000000E-1	8.000000E+0	1.000000E+0	2.230000E+2
4.518208E+0	-2.100000E+3	-2.099800E+0	-2.092100E-3	1.003681E+6	1.133802E+6	8.819000E-4	9.999000E-1	9.910000E+37	-2.092100E-3	-4.736867E+43	1.123710E+44	8.819000E-4	9.910000E+37	5.000000E-2	0.000000E+0	1.000000E-1	8.000000E+0	1.000000E-1	8.000000E+0	1.000000E+0	2.240000E+2
4.535526E+0	-2.000000E+3	-1.999900E+0	-1.968700E-3	1.015848E+6	1.144904E+6	8.723000E-4	9.987000E-1	9.910000E+37	-1.968700E-3	-5.033779E+43	1.136077E+44	8.723000E-4	9.910000E+37	5.000000E-2	0.000000E+0	1.000000E-1	8.000000E+0	1.000000E-1	8.000000E+0	1.000000E+0	2.250000E+2
4.552810E+0	-1.900000E+3	-1.899700E+0	-1.847500E-3	1.028254E+6	1.149971E+6	8.695000E-4	9.999000E-1	9.910000E+37	-1.847500E-3	-5.364005E+43	1.139735E+44	8.695000E-4	9.910000E+37	5.000000E-2	0.000000E+0	1.000000E-1	8.000000E+0	1.000000E-1	8.000000E+0	1.000000E+0	2.260000E+2
4.570261E+0	-1.800000E+3	-1.800700E+0	-1.751000E-3	1.028384E+6	1.140625E+6	8.768000E-4	1.000100E+0	9.910000E+37	-1.751000E-3	-5.659623E+43	1.130246E+44	8.768000E-4	9.910000E+37	5.000000E-2	0.000000E+0	1.000000E-1	8.000000E+0	1.000000E-1	8.000000E+0	1.000000E+0	2.270000E+2
4.587529E+0	-1.700000E+3	-1.699900E+0	-1.621500E-3	1.048350E+6	1.149805E+6	8.698000E-4	1.000100E+0	9.910000E+37	-1.621500E-3	-6.111625E+43	1.139342E+44	8.698000E-4	9.910000E+37	5.000000E-2	0.000000E+0	1.000000E-1	8.000000E+0	1.000000E-1	8.000000E+0	1.000000E+0	2.280000E+2
4.605030E+0	-1.600000E+3	-1.600500E+0	-1.520200E-3	1.052822E+6	1.135709E+6	8.813000E-4	1.000900E+0	9.910000E+37	-1.520200E-3	-6.518879E+43	1.124475E+44	8.813000E-4	9.910000E+37	5.000000E-2	0.000000E+0	1.000000E-1	8.000000E+0	1.000000E-1	8.000000E+0	1.000000E+0	2.290000E+2
4.622314E+0	-1.500000E+3	-1.499800E+0	-1.405100E-3	1.067397E+6	1.135605E+6	8.805000E-4	9.999000E-1	9.910000E+37	-1.405100E-3	-7.052879E+43	1.125497E+44	8.805000E-4	9.910000E+37	5.000000E-2	0.000000E+0	1.000000E-1	8.000000E+0	1.000000E-1	8.000000E+0	1.000000E+0	2.300000E+2
4.639765E+0	-1.400000E+3	-1.399700E+0	-1.299700E-3	1.076941E+6	1.139000E+6	8.777000E-4	9.997000E-1	9.910000E+37	-1.299700E-3	-7.624837E+43	1.129087E+44	8.777000E-4	9.910000E+37	5.000000E-2	0.000000E+0	1.000000E-1	8.000000E+0	1.000000E-1	8.000000E+0	1.000000E+0	2.310000E+2
4.657250E+0	-1.300000E+3	-1.300500E+0	-1.193200E-3	1.089926E+6	1.135930E+6	8.806000E-4	1.000300E+0	9.910000E+37	-1.193200E-3	-8.305397E+43	1.125369E+44	8.806000E-4	9.910000E+37	5.000000E-2	0.000000E+0	1.000000E-1	8.000000E+0	1.000000E-1	8.000000E+0	1.000000E+0	2.320000E+2
4.674567E+0	-1.200000E+3	-1.199900E+0	-1.084200E-3	1.106715E+6	1.159555E+6	8.624000E-4	1.000000E+0	9.910000E+37	-1.084200E-3	-9.140380E+43	1.149119E+44	8.624000E-4	9.910000E+37	5.000000E-2	0.000000E+0	1.000000E-1	8.000000E+0	1.000000E-1	8.000000E+0	1.000000E+0	2.330000E+2
4.691885E+0	-1.100000E+3	-1.099800E+0	-9.820000E-4	1.119959E+6	1.147787E+6	8.722000E-4	1.001100E+0	9.910000E+37	-9.820000E-4	-1.009165E+44	1.136207E+44	8.722000E-4	9.910000E+37	5.000000E-2	0.000000E+0	1.000000E-1	8.000000E+0	1.000000E-1	8.000000E+0	1.000000E+0	2.340000E+2
4.709169E+0	-1.000000E+3	-1.000100E+0	-8.886000E-4	1.125478E+6	1.158414E+6	8.623000E-4	9.989000E-1	9.910000E+37	-8.886000E-4	-1.115237E+44	1.149252E+44	8.623000E-4	9.910000E+37	5.000000E-2	0.000000E+0	1.000000E-1	8.000000E+0	1.000000E-1	8.000000E+0	1.000000E+0	2.350000E+2
4.726520E+0	-9.000000E+2	-8.995000E-1	-7.925000E-4	1.135016E+6	1.143511E+6	8.745000E-4	1.000000E+0	9.910000E+37	-7.925000E-4	-1.250473E+44	1.133219E+44	8.745000E-4	9.910000E+37	5.000000E-2	0.000000E+0	1.000000E-1	8.000000E+0	1.000000E-1	8.000000E+0	1.000000E+0	2.360000E+2
4.743821E+0	-8.000000E+2	-7.989000E-1	-6.924000E-4	1.153813E+6	1.150483E+6	8.692000E-4	1.000000E+0	9.910000E+37	-6.924000E-4	-1.431254E+44	1.140129E+44	8.692000E-4	9.910000E+37	5.000000E-2	0.000000E+0	1.000000E-1	8.000000E+0	1.000000E-1	8.000000E+0	1.000000E+0	2.370000E+2
4.761106E+0	-7.000000E+2	-7.009000E-1	-6.153000E-4	1.139119E+6	1.144607E+6	8.734000E-4	9.997000E-1	9.910000E+37	-6.153000E-4	-1.610596E+44	1.134646E+44	8.734000E-4	9.910000E+37	5.000000E-2	0.000000E+0	1.000000E-1	8.000000E+0	1.000000E-1	8.000000E+0	1.000000E+0	2.380000E+2
4.778423E+0	-6.000000E+2	-6.006000E-1	-5.292000E-4	1.134921E+6	1.135255E+6	8.813000E-4	1.000500E+0	9.910000E+37	-5.292000E-4	-1.872638E+44	1.124475E+44	8.813000E-4	9.910000E+37	5.000000E-2	0.000000E+0	1.000000E-1	8.000000E+0	1.000000E-1	8.000000E+0	1.000000E+0	2.390000E+2
4.795774E+0	-5.000000E+2	-5.002000E-1	-4.321000E-4	1.157602E+6	1.143984E+6	8.744000E-4	1.000300E+0	9.910000E+37	-4.321000E-4	-2.293451E+44	1.133349E+44	8.744000E-4	9.910000E+37	5.000000E-2	0.000000E+0	1.000000E-1	8.000000E+0	1.000000E-1	8.000000E+0	1.000000E+0	2.400000E+2
4.813075E+0	-4.000000E+2	-4.007000E-1	-3.472000E-4	1.154090E+6	1.146904E+6	8.720000E-4	1.000100E+0	9.910000E+37	-3.472000E-4	-2.854263E+44	1.136468E+44	8.720000E-4	9.910000E+37	5.000000E-2	0.000000E+0	1.000000E-1	8.000000E+0	1.000000E-1	8.000000E+0	1.000000E+0	2.410000E+2
4.830360E+0	-3.000000E+2	-3.002000E-1	-2.629000E-4	1.141879E+6	1.138582E+6	8.789000E-4	1.000700E+0	9.910000E+37	-2.629000E-4	-3.769494E+44	1.127546E+44	8.789000E-4	9.910000E+37	5.000000E-2	0.000000E+0	1.000000E-1	8.000000E+0	1.000000E-1	8.000000E+0	1.000000E+0	2.420000E+2
4.847744E+0	-2.000000E+2	-2.006000E-1	-1.854000E-4	1.081985E+6	1.138826E+6	8.788000E-4	1.000800E+0	9.910000E+37	-1.854000E-4	-5.345200E+44	1.127674E+44	8.788000E-4	9.910000E+37	5.000000E-2	0.000000E+0	1.000000E-1	8.000000E+0	1.000000E-1	8.000000E+0	1.000000E+0	2.430000E+2
