Tiempo (min)	I pulso(mA)	Vinst 1 (V)	Iinst 1 (mA)	Rinst 1(Ohm)	Rrem 1 (Ohm)	Ibias 1 (mA)	Vbias 1 (V)	Vinst 2 (V)	Iinst 2 (mA)	Rinst 2(Ohm)	Rrem 2 (Ohm)	Ibias 2 (mA)	Vbias 2 (V)	Ancho pulso (s)	Periodo (s)	Icc 1 (mA)	Vcc 1 (V)	Icc 2 (mA)	Vcc 2 (V)	2W 1?	N1.886441E-1	1.000000E+1	9.800000E-3	4.210000E-4	2.327791E+4	4.139918E+5	2.430000E-4	1.006000E-1	-1.503000E-2	4.210000E-4	-3.570071E+4	-2.502058E+4	2.430000E-4	-6.080000E-3	1.000000E-3	0.000000E+0	1.000000E+0	2.000000E+0	1.000000E+0	3.000000E+0	1.000000E+0	1.000000E+0
2.107454E-1	6.000000E+1	6.070000E-2	5.360000E-4	1.132463E+5	-3.823755E+5	-2.610000E-4	9.980000E-2	-6.900000E-4	5.360000E-4	-1.287313E+3	1.977011E+4	-2.610000E-4	-5.160000E-3	1.000000E-3	0.000000E+0	1.000000E+0	2.000000E+0	1.000000E+0	3.000000E+0	1.000000E+0	2.000000E+0
2.328967E-1	1.100000E+2	1.105000E-1	1.725000E-3	6.405797E+4	5.496141E+4	1.814000E-3	9.970000E-2	-4.460000E-3	1.725000E-3	-2.585507E+3	-3.037486E+3	1.814000E-3	-5.510000E-3	1.000000E-3	0.000000E+0	1.000000E+0	2.000000E+0	1.000000E+0	3.000000E+0	1.000000E+0	3.000000E+0
2.540312E-1	1.600000E+2	1.602000E-1	3.087000E-3	5.189504E+4	4.233234E+4	2.341000E-3	9.910000E-2	-2.210000E-3	3.087000E-3	-7.159054E+2	-1.422469E+3	2.341000E-3	-3.330000E-3	1.000000E-3	0.000000E+0	1.000000E+0	2.000000E+0	1.000000E+0	3.000000E+0	1.000000E+0	4.000000E+0
2.762491E-1	2.100000E+2	2.096000E-1	4.426000E-3	4.735653E+4	9.257196E+4	1.077000E-3	9.970000E-2	-2.850000E-3	4.426000E-3	-6.439223E+2	-3.407614E+3	1.077000E-3	-3.670000E-3	1.000000E-3	0.000000E+0	1.000000E+0	2.000000E+0	1.000000E+0	3.000000E+0	1.000000E+0	5.000000E+0
2.972670E-1	2.600000E+2	2.591000E-1	4.236000E-3	6.116619E+4	4.633581E+4	2.156000E-3	9.990000E-2	-3.250000E-3	4.236000E-3	-7.672332E+2	3.617811E+2	2.156000E-3	7.800000E-4	1.000000E-3	0.000000E+0	1.000000E+0	2.000000E+0	1.000000E+0	3.000000E+0	1.000000E+0	6.000000E+0
3.184015E-1	3.100000E+2	3.104000E-1	5.557000E-3	5.585748E+4	7.505652E+4	1.327000E-3	9.960000E-2	2.500000E-4	5.557000E-3	4.498830E+1	-3.632253E+3	1.327000E-3	-4.820000E-3	1.000000E-3	0.000000E+0	1.000000E+0	2.000000E+0	1.000000E+0	3.000000E+0	1.000000E+0	7.000000E+0
3.403528E-1	3.600000E+2	3.602000E-1	6.301000E-3	5.716553E+4	1.593005E+5	6.290000E-4	1.002000E-1	4.000000E-5	6.301000E-3	6.348199E+0	-8.171701E+3	6.290000E-4	-5.140000E-3	1.000000E-3	0.000000E+0	1.000000E+0	2.000000E+0	1.000000E+0	3.000000E+0	1.000000E+0	8.000000E+0
3.615040E-1	4.100000E+2	4.108000E-1	6.721000E-3	6.112186E+4	9.015357E+4	1.107000E-3	9.980000E-2	2.050000E-3	6.721000E-3	3.050141E+2	-2.809395E+3	1.107000E-3	-3.110000E-3	1.000000E-3	0.000000E+0	1.000000E+0	2.000000E+0	1.000000E+0	3.000000E+0	1.000000E+0	9.000000E+0
3.838553E-1	4.600000E+2	4.595000E-1	7.211000E-3	6.372209E+4	3.509934E+4	2.869000E-3	1.007000E-1	5.270000E-3	7.211000E-3	7.308279E+2	-1.007320E+3	2.869000E-3	-2.890000E-3	1.000000E-3	0.000000E+0	1.000000E+0	2.000000E+0	1.000000E+0	3.000000E+0	1.000000E+0	1.000000E+1
4.046898E-1	5.100000E+2	5.097000E-1	9.293000E-3	5.484773E+4	5.600677E+4	1.773000E-3	9.930000E-2	3.300000E-3	9.293000E-3	3.551060E+2	7.557812E+2	1.773000E-3	1.340000E-3	1.000000E-3	0.000000E+0	1.000000E+0	2.000000E+0	1.000000E+0	3.000000E+0	1.000000E+0	1.100000E+1
4.263911E-1	5.600000E+2	5.599000E-1	1.063400E-2	5.265187E+4	1.350404E+5	7.420000E-4	1.002000E-1	6.500000E-4	1.063400E-2	6.112469E+1	-5.269542E+3	7.420000E-4	-3.910000E-3	1.000000E-3	0.000000E+0	1.000000E+0	2.000000E+0	1.000000E+0	3.000000E+0	1.000000E+0	1.200000E+1
4.472756E-1	6.100000E+2	6.098000E-1	1.018100E-2	5.989588E+4	5.034895E+4	2.006000E-3	1.010000E-1	3.350000E-3	1.018100E-2	3.290443E+2	-1.335992E+3	2.006000E-3	-2.680000E-3	1.000000E-3	0.000000E+0	1.000000E+0	2.000000E+0	1.000000E+0	3.000000E+0	1.000000E+0	1.300000E+1
4.689268E-1	6.600000E+2	6.586000E-1	1.185100E-2	5.557337E+4	1.027893E+5	9.680000E-4	9.950000E-2	3.020000E-3	1.185100E-2	2.548308E+2	2.169421E+2	9.680000E-4	2.100000E-4	1.000000E-3	0.000000E+0	1.000000E+0	2.000000E+0	1.000000E+0	3.000000E+0	1.000000E+0	1.400000E+1
4.897780E-1	7.100000E+2	7.118000E-1	1.185700E-2	6.003205E+4	6.313800E+4	1.587000E-3	1.002000E-1	6.270000E-3	1.185700E-2	5.288016E+2	-1.285444E+3	1.587000E-3	-2.040000E-3	1.000000E-3	0.000000E+0	1.000000E+0	2.000000E+0	1.000000E+0	3.000000E+0	1.000000E+0	1.500000E+1
5.115126E-1	7.600000E+2	7.590000E-1	1.474000E-2	5.149254E+4	3.255890E+4	3.056000E-3	9.950000E-2	7.550000E-3	1.474000E-2	5.122117E+2	-1.109293E+3	3.056000E-3	-3.390000E-3	1.000000E-3	0.000000E+0	1.000000E+0	2.000000E+0	1.000000E+0	3.000000E+0	1.000000E+0	1.600000E+1
5.324138E-1	8.100000E+2	8.093000E-1	1.435300E-2	5.638542E+4	4.326923E+4	2.288000E-3	9.900000E-2	5.500000E-3	1.435300E-2	3.831952E+2	-8.566434E+2	2.288000E-3	-1.960000E-3	1.000000E-3	0.000000E+0	1.000000E+0	2.000000E+0	1.000000E+0	3.000000E+0	1.000000E+0	1.700000E+1
5.540650E-1	8.600000E+2	8.594000E-1	1.564000E-2	5.494885E+4	1.005923E+5	1.013000E-3	1.019000E-1	6.950000E-3	1.564000E-2	4.443734E+2	-1.391905E+3	1.013000E-3	-1.410000E-3	1.000000E-3	0.000000E+0	1.000000E+0	2.000000E+0	1.000000E+0	3.000000E+0	1.000000E+0	1.800000E+1
5.749162E-1	9.100000E+2	9.104000E-1	1.611600E-2	5.649044E+4	8.999090E+4	1.099000E-3	9.890000E-2	6.320000E-3	1.611600E-2	3.921569E+2	-1.201092E+3	1.099000E-3	-1.320000E-3	1.000000E-3	0.000000E+0	1.000000E+0	2.000000E+0	1.000000E+0	3.000000E+0	1.000000E+0	1.900000E+1
5.964675E-1	9.600000E+2	9.591000E-1	1.719800E-2	5.576811E+4	3.954041E+4	2.524000E-3	9.980000E-2	9.430000E-3	1.719800E-2	5.483196E+2	-5.348653E+2	2.524000E-3	-1.350000E-3	1.000000E-3	0.000000E+0	1.000000E+0	2.000000E+0	1.000000E+0	3.000000E+0	1.000000E+0	2.000000E+1
6.173353E-1	1.000000E+3	1.000700E+0	1.757900E-2	5.692588E+4	8.644501E+4	1.173000E-3	1.014000E-1	5.470000E-3	1.757900E-2	3.111667E+2	-1.815857E+3	1.173000E-3	-2.130000E-3	1.000000E-3	0.000000E+0	1.000000E+0	2.000000E+0	1.000000E+0	3.000000E+0	1.000000E+0	2.100000E+1
6.389699E-1	9.500000E+2	9.505000E-1	1.646800E-2	5.771800E+4	6.278338E+4	1.588000E-3	9.970000E-2	6.920000E-3	1.646800E-2	4.202089E+2	-1.498741E+3	1.588000E-3	-2.380000E-3	1.000000E-3	0.000000E+0	1.000000E+0	2.000000E+0	1.000000E+0	3.000000E+0	1.000000E+0	2.200000E+1
6.598211E-1	9.000000E+2	8.999000E-1	1.482400E-2	6.070561E+4	7.236842E+4	1.368000E-3	9.900000E-2	7.900000E-3	1.482400E-2	5.329196E+2	-1.885965E+3	1.368000E-3	-2.580000E-3	1.000000E-3	0.000000E+0	1.000000E+0	2.000000E+0	1.000000E+0	3.000000E+0	1.000000E+0	2.300000E+1
6.813723E-1	8.500000E+2	8.505000E-1	1.417400E-2	6.000423E+4	4.554637E+4	2.178000E-3	9.920000E-2	7.100000E-3	1.417400E-2	5.009172E+2	-8.126722E+2	2.178000E-3	-1.770000E-3	1.000000E-3	0.000000E+0	1.000000E+0	2.000000E+0	1.000000E+0	3.000000E+0	1.000000E+0	2.400000E+1
7.022568E-1	8.000000E+2	7.991000E-1	1.414400E-2	5.649745E+4	9.174397E+4	1.078000E-3	9.890000E-2	6.490000E-3	1.414400E-2	4.588518E+2	1.038961E+3	1.078000E-3	1.120000E-3	1.000000E-3	0.000000E+0	1.000000E+0	2.000000E+0	1.000000E+0	3.000000E+0	1.000000E+0	2.500000E+1
7.238081E-1	7.500000E+2	7.502000E-1	1.242100E-2	6.039771E+4	7.222625E+4	1.379000E-3	9.960000E-2	5.540000E-3	1.242100E-2	4.460188E+2	-1.145758E+3	1.379000E-3	-1.580000E-3	1.000000E-3	0.000000E+0	1.000000E+0	2.000000E+0	1.000000E+0	3.000000E+0	1.000000E+0	2.600000E+1
7.446759E-1	7.000000E+2	6.989000E-1	1.170900E-2	5.968913E+4	5.020141E+4	1.986000E-3	9.970000E-2	6.390000E-3	1.170900E-2	5.457341E+2	-3.524673E+1	1.986000E-3	-7.000000E-5	1.000000E-3	0.000000E+0	1.000000E+0	2.000000E+0	1.000000E+0	3.000000E+0	1.000000E+0	2.700000E+1
7.661438E-1	6.500000E+2	6.505000E-1	1.064800E-2	6.109128E+4	5.741379E+4	1.740000E-3	9.990000E-2	5.730000E-3	1.064800E-2	5.381292E+2	-1.586207E+3	1.740000E-3	-2.760000E-3	1.000000E-3	0.000000E+0	1.000000E+0	2.000000E+0	1.000000E+0	3.000000E+0	1.000000E+0	2.800000E+1
7.870450E-1	6.000000E+2	6.001000E-1	1.102900E-2	5.441110E+4	4.862518E+4	2.073000E-3	1.008000E-1	7.060000E-3	1.102900E-2	6.401306E+2	-7.139411E+2	2.073000E-3	-1.480000E-3	1.000000E-3	0.000000E+0	1.000000E+0	2.000000E+0	1.000000E+0	3.000000E+0	1.000000E+0	2.900000E+1
8.085629E-1	5.500000E+2	5.509000E-1	9.298000E-3	5.924930E+4	5.221239E+4	1.921000E-3	1.003000E-1	2.530000E-3	9.298000E-3	2.721015E+2	-8.849558E+2	1.921000E-3	-1.700000E-3	1.000000E-3	0.000000E+0	1.000000E+0	2.000000E+0	1.000000E+0	3.000000E+0	1.000000E+0	3.000000E+1
8.294141E-1	5.000000E+2	5.004000E-1	7.528000E-3	6.647184E+4	9.344569E+4	1.068000E-3	9.980000E-2	4.650000E-3	7.528000E-3	6.176939E+2	-2.659176E+3	1.068000E-3	-2.840000E-3	1.000000E-3	0.000000E+0	1.000000E+0	2.000000E+0	1.000000E+0	3.000000E+0	1.000000E+0	3.100000E+1
8.509487E-1	4.500000E+2	4.509000E-1	7.198000E-3	6.264240E+4	3.192905E+4	3.157000E-3	1.008000E-1	-4.900000E-4	7.198000E-3	-6.807447E+1	-3.040862E+2	3.157000E-3	-9.600000E-4	1.000000E-3	0.000000E+0	1.000000E+0	2.000000E+0	1.000000E+0	3.000000E+0	1.000000E+0	3.200000E+1
8.718499E-1	4.000000E+2	4.004000E-1	6.944000E-3	5.766129E+4	4.019177E+4	2.503000E-3	1.006000E-1	4.530000E-3	6.944000E-3	6.523618E+2	-3.395925E+2	2.503000E-3	-8.500000E-4	1.000000E-3	0.000000E+0	1.000000E+0	2.000000E+0	1.000000E+0	3.000000E+0	1.000000E+0	3.300000E+1
8.933011E-1	3.500000E+2	3.499000E-1	4.847000E-3	7.218898E+4	1.072572E+5	9.370000E-4	1.005000E-1	4.600000E-4	4.847000E-3	9.490406E+1	-2.700107E+3	9.370000E-4	-2.530000E-3	1.000000E-3	0.000000E+0	1.000000E+0	2.000000E+0	1.000000E+0	3.000000E+0	1.000000E+0	3.400000E+1
9.142190E-1	3.000000E+2	3.007000E-1	3.154000E-3	9.533925E+4	9.598086E+4	1.045000E-3	1.003000E-1	-1.440000E-3	3.154000E-3	-4.565631E+2	-2.258373E+3	1.045000E-3	-2.360000E-3	1.000000E-3	0.000000E+0	1.000000E+0	2.000000E+0	1.000000E+0	3.000000E+0	1.000000E+0	3.500000E+1
9.357535E-1	2.500000E+2	2.507000E-1	3.844000E-3	6.521852E+4	4.284486E+4	2.327000E-3	9.970000E-2	-2.300000E-4	3.844000E-3	-5.983351E+1	-3.824667E+2	2.327000E-3	-8.900000E-4	1.000000E-3	0.000000E+0	1.000000E+0	2.000000E+0	1.000000E+0	3.000000E+0	1.000000E+0	3.600000E+1
9.565880E-1	2.000000E+2	1.994000E-1	3.176000E-3	6.278338E+4	7.249097E+4	1.385000E-3	1.004000E-1	3.500000E-4	3.176000E-3	1.102015E+2	-2.166065E+1	1.385000E-3	-3.000000E-5	1.000000E-3	0.000000E+0	1.000000E+0	2.000000E+0	1.000000E+0	3.000000E+0	1.000000E+0	3.700000E+1
9.781393E-1	1.500000E+2	1.503000E-1	2.148000E-3	6.997207E+4	4.821256E+4	2.070000E-3	9.980000E-2	-4.400000E-4	2.148000E-3	-2.048417E+2	-2.367150E+3	2.070000E-3	-4.900000E-3	1.000000E-3	0.000000E+0	1.000000E+0	2.000000E+0	1.000000E+0	3.000000E+0	1.000000E+0	3.800000E+1
9.991572E-1	1.000000E+2	1.008000E-1	1.268000E-3	7.949527E+4	4.202105E+4	2.375000E-3	9.980000E-2	-2.140000E-3	1.268000E-3	-1.687697E+3	-1.381053E+3	2.375000E-3	-3.280000E-3	1.000000E-3	0.000000E+0	1.000000E+0	2.000000E+0	1.000000E+0	3.000000E+0	1.000000E+0	3.900000E+1
1.237171E+0	5.000000E+1	4.920000E-2	1.706000E-3	2.883939E+4	4.586191E+4	2.187000E-3	1.003000E-1	-1.090000E-3	1.706000E-3	-6.389215E+2	-2.048011E+4	2.187000E-3	-4.479000E-2	1.000000E-1	0.000000E+0	1.000000E+0	2.000000E+0	1.000000E+0	3.000000E+0	1.000000E+0	4.000000E+1
1.263939E+0	0.000000E+0	-5.000000E-4	1.212000E-3	-4.125413E+2	5.431831E+4	1.841000E-3	1.000000E-1	-8.955000E-2	1.212000E-3	-7.388614E+4	-2.494297E+4	1.841000E-3	-4.592000E-2	1.000000E-1	0.000000E+0	1.000000E+0	2.000000E+0	1.000000E+0	3.000000E+0	1.000000E+0	4.100000E+1
1.290690E+0	0.000000E+0	-1.500000E-3	2.070000E-3	-7.246377E+2	4.237715E+4	2.381000E-3	1.009000E-1	-8.965000E-2	2.070000E-3	-4.330918E+4	-1.959261E+4	2.381000E-3	-4.665000E-2	1.000000E-1	0.000000E+0	1.000000E+0	2.000000E+0	1.000000E+0	3.000000E+0	1.000000E+0	4.200000E+1
1.318259E+0	5.000000E+1	4.990000E-2	1.675000E-3	2.979104E+4	4.769303E+4	2.124000E-3	1.013000E-1	-6.067000E-2	1.675000E-3	-3.622090E+4	-1.801318E+4	2.124000E-3	-3.826000E-2	1.000000E-1	0.000000E+0	1.000000E+0	2.000000E+0	1.000000E+0	3.000000E+0	1.000000E+0	4.300000E+1
1.346077E+0	1.000000E+2	1.005000E-1	2.879000E-3	3.490795E+4	3.919813E+4	2.569000E-3	1.007000E-1	-4.574000E-2	2.879000E-3	-1.588746E+4	-1.056442E+4	2.569000E-3	-2.714000E-2	1.000000E-1	0.000000E+0	1.000000E+0	2.000000E+0	1.000000E+0	3.000000E+0	1.000000E+0	4.400000E+1
1.373879E+0	1.500000E+2	1.495000E-1	3.823000E-3	3.910541E+4	3.506087E+4	2.875000E-3	1.008000E-1	-2.126000E-2	3.823000E-3	-5.561078E+3	-1.518957E+4	2.875000E-3	-4.367000E-2	1.000000E-1	0.000000E+0	1.000000E+0	2.000000E+0	1.000000E+0	3.000000E+0	1.000000E+0	4.500000E+1
1.401697E+0	2.000000E+2	1.995000E-1	2.499000E-3	7.983193E+4	4.536409E+4	2.211000E-3	1.003000E-1	4.430000E-3	2.499000E-3	1.772709E+3	-2.125283E+4	2.211000E-3	-4.699000E-2	1.000000E-1	0.000000E+0	1.000000E+0	2.000000E+0	1.000000E+0	3.000000E+0	1.000000E+0	4.600000E+1
1.428498E+0	2.500000E+2	2.509000E-1	3.342000E-3	7.507481E+4	3.651665E+4	2.733000E-3	9.980000E-2	2.431000E-2	3.342000E-3	7.274087E+3	-1.671057E+4	2.733000E-3	-4.567000E-2	1.000000E-1	0.000000E+0	1.000000E+0	2.000000E+0	1.000000E+0	3.000000E+0	1.000000E+0	4.700000E+1
1.456383E+0	3.000000E+2	3.015000E-1	3.459000E-3	8.716392E+4	4.368932E+4	2.266000E-3	9.900000E-2	3.724000E-2	3.459000E-3	1.076612E+4	-1.768314E+4	2.266000E-3	-4.007000E-2	1.000000E-1	0.000000E+0	1.000000E+0	2.000000E+0	1.000000E+0	3.000000E+0	1.000000E+0	4.800000E+1
1.483268E+0	3.500000E+2	3.490000E-1	5.585000E-3	6.248881E+4	5.399240E+4	1.841000E-3	9.940000E-2	6.469000E-2	5.585000E-3	1.158281E+4	-2.349267E+4	1.841000E-3	-4.325000E-2	1.000000E-1	0.000000E+0	1.000000E+0	2.000000E+0	1.000000E+0	3.000000E+0	1.000000E+0	4.900000E+1
1.510820E+0	4.000000E+2	4.001000E-1	4.685000E-3	8.540021E+4	4.471910E+4	2.225000E-3	9.950000E-2	9.021000E-2	4.685000E-3	1.925507E+4	-1.684045E+4	2.225000E-3	-3.747000E-2	1.000000E-1	0.000000E+0	1.000000E+0	2.000000E+0	1.000000E+0	3.000000E+0	1.000000E+0	5.000000E+1
1.537738E+0	4.500000E+2	4.491000E-1	5.405000E-3	8.308973E+4	1.213510E+5	8.290000E-4	1.006000E-1	1.154400E-1	5.405000E-3	2.135800E+4	-5.484922E+4	8.290000E-4	-4.547000E-2	1.000000E-1	0.000000E+0	1.000000E+0	2.000000E+0	1.000000E+0	3.000000E+0	1.000000E+0	5.100000E+1
1.565590E+0	5.000000E+2	5.022000E-1	7.309000E-3	6.870981E+4	4.386813E+4	2.275000E-3	9.980000E-2	1.306700E-1	7.309000E-3	1.787796E+4	-1.699341E+4	2.275000E-3	-3.866000E-2	1.000000E-1	0.000000E+0	1.000000E+0	2.000000E+0	1.000000E+0	3.000000E+0	1.000000E+0	5.200000E+1
1.592341E+0	5.500000E+2	5.514000E-1	6.704000E-3	8.224940E+4	1.426136E+5	7.040000E-4	1.004000E-1	1.566500E-1	6.704000E-3	2.336665E+4	-4.730114E+4	7.040000E-4	-3.330000E-2	1.000000E-1	0.000000E+0	1.000000E+0	2.000000E+0	1.000000E+0	3.000000E+0	1.000000E+0	5.300000E+1
1.620009E+0	6.000000E+2	5.989000E-1	7.761000E-3	7.716789E+4	5.128205E+4	1.950000E-3	1.000000E-1	1.802200E-1	7.761000E-3	2.322123E+4	-1.469231E+4	1.950000E-3	-2.865000E-2	1.000000E-1	0.000000E+0	1.000000E+0	2.000000E+0	1.000000E+0	3.000000E+0	1.000000E+0	5.400000E+1
1.647044E+0	6.500000E+2	6.506000E-1	7.939000E-3	8.194987E+4	5.107582E+4	1.952000E-3	9.970000E-2	2.028000E-1	7.939000E-3	2.554478E+4	-2.443648E+4	1.952000E-3	-4.770000E-2	1.000000E-1	0.000000E+0	1.000000E+0	2.000000E+0	1.000000E+0	3.000000E+0	1.000000E+0	5.500000E+1
1.674629E+0	7.000000E+2	6.988000E-1	8.837000E-3	7.907661E+4	3.782364E+4	2.665000E-3	1.008000E-1	2.228300E-1	8.837000E-3	2.521557E+4	-1.092683E+4	2.665000E-3	-2.912000E-2	1.000000E-1	0.000000E+0	1.000000E+0	2.000000E+0	1.000000E+0	3.000000E+0	1.000000E+0	5.600000E+1
1.702414E+0	7.500000E+2	7.499000E-1	8.835000E-3	8.487832E+4	3.322181E+4	2.989000E-3	9.930000E-2	2.491400E-1	8.835000E-3	2.819921E+4	-9.300769E+3	2.989000E-3	-2.780000E-2	1.000000E-1	0.000000E+0	1.000000E+0	2.000000E+0	1.000000E+0	3.000000E+0	1.000000E+0	5.700000E+1
1.729332E+0	8.000000E+2	8.001000E-1	9.046000E-3	8.844793E+4	3.575298E+4	2.769000E-3	9.900000E-2	2.744400E-1	9.046000E-3	3.033827E+4	-1.370892E+4	2.769000E-3	-3.796000E-2	1.000000E-1	0.000000E+0	1.000000E+0	2.000000E+0	1.000000E+0	3.000000E+0	1.000000E+0	5.800000E+1
1.756867E+0	8.500000E+2	8.505000E-1	1.041500E-2	8.166107E+4	5.343189E+4	1.894000E-3	1.012000E-1	2.894100E-1	1.041500E-2	2.778781E+4	-1.541711E+4	1.894000E-3	-2.920000E-2	1.000000E-1	0.000000E+0	1.000000E+0	2.000000E+0	1.000000E+0	3.000000E+0	1.000000E+0	5.900000E+1
1.784669E+0	9.000000E+2	8.993000E-1	1.103300E-2	8.151002E+4	6.096224E+4	1.642000E-3	1.001000E-1	3.128100E-1	1.103300E-2	2.835222E+4	-2.071255E+4	1.642000E-3	-3.401000E-2	1.000000E-1	0.000000E+0	1.000000E+0	2.000000E+0	1.000000E+0	3.000000E+0	1.000000E+0	6.000000E+1
1.812454E+0	9.500000E+2	9.499000E-1	1.261000E-2	7.532910E+4	4.242553E+4	2.350000E-3	9.970000E-2	3.325200E-1	1.261000E-2	2.636955E+4	-1.304681E+4	2.350000E-3	-3.066000E-2	1.000000E-1	0.000000E+0	1.000000E+0	2.000000E+0	1.000000E+0	3.000000E+0	1.000000E+0	6.100000E+1
1.839322E+0	1.000000E+3	1.000000E+0	1.142000E-2	8.756567E+4	6.559633E+4	1.526000E-3	1.001000E-1	3.619500E-1	1.142000E-2	3.169440E+4	-1.850590E+4	1.526000E-3	-2.824000E-2	1.000000E-1	0.000000E+0	1.000000E+0	2.000000E+0	1.000000E+0	3.000000E+0	1.000000E+0	6.200000E+1
1.866157E+0	1.000000E+3	1.000000E+0	1.195600E-2	8.364001E+4	5.945787E+4	1.697000E-3	1.009000E-1	3.579400E-1	1.195600E-2	2.993811E+4	-2.047142E+4	1.697000E-3	-3.474000E-2	1.000000E-1	0.000000E+0	1.000000E+0	2.000000E+0	1.000000E+0	3.000000E+0	1.000000E+0	6.300000E+1
1.893642E+0	9.000000E+2	8.995000E-1	1.161200E-2	7.746297E+4	7.560423E+4	1.324000E-3	1.001000E-1	3.124700E-1	1.161200E-2	2.690923E+4	-2.123112E+4	1.324000E-3	-2.811000E-2	1.000000E-1	0.000000E+0	1.000000E+0	2.000000E+0	1.000000E+0	3.000000E+0	1.000000E+0	6.400000E+1
1.921477E+0	8.000000E+2	7.988000E-1	9.920000E-3	8.052419E+4	5.850261E+4	1.723000E-3	1.008000E-1	2.662100E-1	9.920000E-3	2.683569E+4	-2.238537E+4	1.723000E-3	-3.857000E-2	1.000000E-1	0.000000E+0	1.000000E+0	2.000000E+0	1.000000E+0	3.000000E+0	1.000000E+0	6.500000E+1
1.948511E+0	7.000000E+2	6.991000E-1	8.939000E-3	7.820785E+4	6.472894E+4	1.531000E-3	9.910000E-2	2.273400E-1	8.939000E-3	2.543237E+4	-2.523841E+4	1.531000E-3	-3.864000E-2	1.000000E-1	0.000000E+0	1.000000E+0	2.000000E+0	1.000000E+0	3.000000E+0	1.000000E+0	6.600000E+1
1.976363E+0	6.000000E+2	6.002000E-1	6.010000E-3	9.986689E+4	5.502732E+4	1.830000E-3	1.007000E-1	1.827800E-1	6.010000E-3	3.041265E+4	-1.436066E+4	1.830000E-3	-2.628000E-2	1.000000E-1	0.000000E+0	1.000000E+0	2.000000E+0	1.000000E+0	3.000000E+0	1.000000E+0	6.700000E+1
2.003265E+0	5.000000E+2	5.001000E-1	6.388000E-3	7.828741E+4	4.779447E+4	2.063000E-3	9.860000E-2	1.356000E-1	6.388000E-3	2.122730E+4	-1.380029E+4	2.063000E-3	-2.847000E-2	1.000000E-1	0.000000E+0	1.000000E+0	2.000000E+0	1.000000E+0	3.000000E+0	1.000000E+0	6.800000E+1
2.030966E+0	4.000000E+2	4.000000E-1	5.098000E-3	7.846214E+4	7.767442E+4	1.290000E-3	1.002000E-1	9.466000E-2	5.098000E-3	1.856807E+4	-2.409302E+4	1.290000E-3	-3.108000E-2	1.000000E-1	0.000000E+0	1.000000E+0	2.000000E+0	1.000000E+0	3.000000E+0	1.000000E+0	6.900000E+1
2.058768E+0	3.000000E+2	2.993000E-1	3.806000E-3	7.863899E+4	3.904983E+4	2.589000E-3	1.011000E-1	5.708000E-2	3.806000E-3	1.499737E+4	-1.217845E+4	2.589000E-3	-3.153000E-2	1.000000E-1	0.000000E+0	1.000000E+0	2.000000E+0	1.000000E+0	3.000000E+0	1.000000E+0	7.000000E+1
2.085686E+0	2.000000E+2	1.999000E-1	3.327000E-3	6.008416E+4	5.502793E+4	1.790000E-3	9.850000E-2	1.485000E-2	3.327000E-3	4.463481E+3	-1.678771E+4	1.790000E-3	-3.005000E-2	1.000000E-1	0.000000E+0	1.000000E+0	2.000000E+0	1.000000E+0	3.000000E+0	1.000000E+0	7.100000E+1
2.112521E+0	1.000000E+2	9.930000E-2	1.652000E-3	6.010896E+4	1.429812E+5	6.910000E-4	9.880000E-2	-3.330000E-2	1.652000E-3	-2.015738E+4	-4.384949E+4	6.910000E-4	-3.030000E-2	1.000000E-1	0.000000E+0	1.000000E+0	2.000000E+0	1.000000E+0	3.000000E+0	1.000000E+0	7.200000E+1
2.140106E+0	0.000000E+0	-8.000000E-4	-1.180000E-3	6.779661E+2	2.155844E+5	4.620000E-4	9.960000E-2	-7.380000E-2	-1.180000E-3	6.254237E+4	-7.335498E+4	4.620000E-4	-3.389000E-2	1.000000E-1	0.000000E+0	1.000000E+0	2.000000E+0	1.000000E+0	3.000000E+0	1.000000E+0	7.300000E+1
2.166874E+0	0.000000E+0	-1.700000E-3	9.910000E-4	-1.715439E+3	1.152074E+5	8.680000E-4	1.000000E-1	-7.062000E-2	9.910000E-4	-7.126135E+4	-4.228111E+4	8.680000E-4	-3.670000E-2	1.000000E-1	0.000000E+0	1.000000E+0	2.000000E+0	1.000000E+0	3.000000E+0	1.000000E+0	7.400000E+1
2.194809E+0	1.000000E+2	1.003000E-1	1.834000E-3	5.468920E+4	3.309788E+4	2.973000E-3	9.840000E-2	-2.396000E-2	1.834000E-3	-1.306434E+4	-1.077363E+4	2.973000E-3	-3.203000E-2	1.000000E-1	0.000000E+0	1.000000E+0	2.000000E+0	1.000000E+0	3.000000E+0	1.000000E+0	7.500000E+1
2.222610E+0	2.000000E+2	1.999000E-1	3.361000E-3	5.947635E+4	4.660821E+4	2.167000E-3	1.010000E-1	1.241000E-2	3.361000E-3	3.692353E+3	-1.353484E+4	2.167000E-3	-2.933000E-2	1.000000E-1	0.000000E+0	1.000000E+0	2.000000E+0	1.000000E+0	3.000000E+0	1.000000E+0	7.600000E+1
2.249912E+0	3.000000E+2	2.998000E-1	3.477000E-3	8.622376E+4	4.942065E+4	1.985000E-3	9.810000E-2	5.550000E-2	3.477000E-3	1.596204E+4	-1.412594E+4	1.985000E-3	-2.804000E-2	1.000000E-1	0.000000E+0	1.000000E+0	2.000000E+0	1.000000E+0	3.000000E+0	1.000000E+0	7.700000E+1
2.277397E+0	4.000000E+2	4.009000E-1	4.091000E-3	9.799560E+4	6.290221E+4	1.585000E-3	9.970000E-2	1.045800E-1	4.091000E-3	2.556343E+4	-1.625868E+4	1.585000E-3	-2.577000E-2	1.000000E-1	0.000000E+0	1.000000E+0	2.000000E+0	1.000000E+0	3.000000E+0	1.000000E+0	7.800000E+1
2.304432E+0	5.000000E+2	5.001000E-1	5.846000E-3	8.554567E+4	5.783972E+4	1.722000E-3	9.960000E-2	1.305500E-1	5.846000E-3	2.233151E+4	-1.775261E+4	1.722000E-3	-3.057000E-2	1.000000E-1	0.000000E+0	1.000000E+0	2.000000E+0	1.000000E+0	3.000000E+0	1.000000E+0	7.900000E+1
2.332050E+0	6.000000E+2	5.993000E-1	7.356000E-3	8.147091E+4	1.207570E+5	8.190000E-4	9.890000E-2	1.895800E-1	7.356000E-3	2.577216E+4	-3.755800E+4	8.190000E-4	-3.076000E-2	1.000000E-1	0.000000E+0	1.000000E+0	2.000000E+0	1.000000E+0	3.000000E+0	1.000000E+0	8.000000E+1
2.358968E+0	7.000000E+2	6.997000E-1	7.451000E-3	9.390686E+4	4.947735E+4	2.009000E-3	9.940000E-2	2.346400E-1	7.451000E-3	3.149108E+4	-1.445993E+4	2.009000E-3	-2.905000E-2	1.000000E-1	0.000000E+0	1.000000E+0	2.000000E+0	1.000000E+0	3.000000E+0	1.000000E+0	8.100000E+1
2.386537E+0	8.000000E+2	7.989000E-1	1.043500E-2	7.655966E+4	1.203369E+5	8.310000E-4	1.000000E-1	2.787500E-1	1.043500E-2	2.671299E+4	-3.554753E+4	8.310000E-4	-2.954000E-2	1.000000E-1	0.000000E+0	1.000000E+0	2.000000E+0	1.000000E+0	3.000000E+0	1.000000E+0	8.200000E+1
2.413388E+0	9.000000E+2	9.014000E-1	1.050800E-2	8.578226E+4	2.297483E+5	4.370000E-4	1.004000E-1	3.217500E-1	1.050800E-2	3.061953E+4	-6.890160E+4	4.370000E-4	-3.011000E-2	1.000000E-1	0.000000E+0	1.000000E+0	2.000000E+0	1.000000E+0	3.000000E+0	1.000000E+0	8.300000E+1
2.441273E+0	1.000000E+3	1.002200E+0	1.303600E-2	7.687941E+4	3.625136E+4	2.753000E-3	9.980000E-2	3.690600E-1	1.303600E-2	2.831083E+4	-7.537232E+3	2.753000E-3	-2.075000E-2	1.000000E-1	0.000000E+0	1.000000E+0	2.000000E+0	1.000000E+0	3.000000E+0	1.000000E+0	8.400000E+1
2.468458E+0	1.000000E+3	9.992000E-1	1.242000E-2	8.045089E+4	4.233361E+4	2.374000E-3	1.005000E-1	3.706200E-1	1.242000E-2	2.984058E+4	-9.941028E+3	2.374000E-3	-2.360000E-2	1.000000E-1	0.000000E+0	1.000000E+0	2.000000E+0	1.000000E+0	3.000000E+0	1.000000E+0	8.500000E+1
2.496259E+0	9.000000E+2	8.994000E-1	1.065600E-2	8.440315E+4	3.312208E+4	2.998000E-3	9.930000E-2	3.209200E-1	1.065600E-2	3.011637E+4	-6.954636E+3	2.998000E-3	-2.085000E-2	1.000000E-1	0.000000E+0	1.000000E+0	2.000000E+0	1.000000E+0	3.000000E+0	1.000000E+0	8.600000E+1
2.523028E+0	8.000000E+2	7.996000E-1	9.964000E-3	8.024890E+4	3.957498E+4	2.494000E-3	9.870000E-2	2.812300E-1	9.964000E-3	2.822461E+4	-8.219727E+3	2.494000E-3	-2.050000E-2	1.000000E-1	0.000000E+0	1.000000E+0	2.000000E+0	1.000000E+0	3.000000E+0	1.000000E+0	8.700000E+1
2.550663E+0	7.000000E+2	7.002000E-1	8.213000E-3	8.525508E+4	1.130778E+5	8.870000E-4	1.003000E-1	2.391100E-1	8.213000E-3	2.911360E+4	-2.464487E+4	8.870000E-4	-2.186000E-2	1.000000E-1	0.000000E+0	1.000000E+0	2.000000E+0	1.000000E+0	3.000000E+0	1.000000E+0	8.800000E+1
2.578464E+0	6.000000E+2	6.002000E-1	7.737000E-3	7.757529E+4	6.597267E+4	1.537000E-3	1.014000E-1	2.048300E-1	7.737000E-3	2.647409E+4	-9.648666E+3	1.537000E-3	-1.483000E-2	1.000000E-1	0.000000E+0	1.000000E+0	2.000000E+0	1.000000E+0	3.000000E+0	1.000000E+0	8.900000E+1
2.605232E+0	5.000000E+2	5.010000E-1	5.644000E-3	8.876683E+4	4.365833E+4	2.318000E-3	1.012000E-1	1.528500E-1	5.644000E-3	2.708186E+4	-6.013805E+3	2.318000E-3	-1.394000E-2	1.000000E-1	0.000000E+0	1.000000E+0	2.000000E+0	1.000000E+0	3.000000E+0	1.000000E+0	9.000000E+1
2.632967E+0	4.000000E+2	4.004000E-1	4.527000E-3	8.844710E+4	4.600000E+4	2.200000E-3	1.012000E-1	1.126700E-1	4.527000E-3	2.488845E+4	-8.159091E+3	2.200000E-3	-1.795000E-2	1.000000E-1	0.000000E+0	1.000000E+0	2.000000E+0	1.000000E+0	3.000000E+0	1.000000E+0	9.100000E+1
2.659885E+0	3.000000E+2	2.994000E-1	3.480000E-3	8.603448E+4	6.941917E+4	1.429000E-3	9.920000E-2	6.565000E-2	3.480000E-3	1.886494E+4	-5.332400E+3	1.429000E-3	-7.620000E-3	1.000000E-1	0.000000E+0	1.000000E+0	2.000000E+0	1.000000E+0	3.000000E+0	1.000000E+0	9.200000E+1
2.687537E+0	2.000000E+2	2.004000E-1	2.997000E-3	6.686687E+4	5.175801E+4	1.934000E-3	1.001000E-1	2.099000E-2	2.997000E-3	7.003670E+3	-7.724922E+3	1.934000E-3	-1.494000E-2	1.000000E-1	0.000000E+0	1.000000E+0	2.000000E+0	1.000000E+0	3.000000E+0	1.000000E+0	9.300000E+1
2.715339E+0	1.000000E+2	9.940000E-2	8.370000E-4	1.187575E+5	6.032707E+4	1.651000E-3	9.960000E-2	-2.379000E-2	8.370000E-4	-2.842294E+4	-9.781950E+3	1.651000E-3	-1.615000E-2	1.000000E-1	0.000000E+0	1.000000E+0	2.000000E+0	1.000000E+0	3.000000E+0	1.000000E+0	9.400000E+1
2.743124E+0	0.000000E+0	5.000000E-4	6.500000E-4	7.692308E+2	3.871092E+4	2.591000E-3	1.003000E-1	-6.170000E-2	6.500000E-4	-9.492308E+4	-8.012350E+3	2.591000E-3	-2.076000E-2	1.000000E-1	0.000000E+0	1.000000E+0	2.000000E+0	1.000000E+0	3.000000E+0	1.000000E+0	9.500000E+1
2.769892E+0	0.000000E+0	-7.000000E-4	7.620000E-4	-9.186352E+2	4.242553E+4	2.350000E-3	9.970000E-2	-6.887000E-2	7.620000E-4	-9.038058E+4	-7.774468E+3	2.350000E-3	-1.827000E-2	1.000000E-1	0.000000E+0	1.000000E+0	2.000000E+0	1.000000E+0	3.000000E+0	1.000000E+0	9.600000E+1
2.797610E+0	1.000000E+2	9.950000E-2	2.575000E-3	3.864078E+4	6.695710E+4	1.492000E-3	9.990000E-2	-2.383000E-2	2.575000E-3	-9.254369E+3	-1.424263E+4	1.492000E-3	-2.125000E-2	1.000000E-1	0.000000E+0	1.000000E+0	2.000000E+0	1.000000E+0	3.000000E+0	1.000000E+0	9.700000E+1
2.824478E+0	2.000000E+2	1.999000E-1	2.952000E-3	6.771680E+4	7.802971E+4	1.279000E-3	9.980000E-2	2.409000E-2	2.952000E-3	8.160569E+3	-1.606724E+4	1.279000E-3	-2.055000E-2	1.000000E-1	0.000000E+0	1.000000E+0	2.000000E+0	1.000000E+0	3.000000E+0	1.000000E+0	9.800000E+1
2.852130E+0	3.000000E+2	3.002000E-1	3.424000E-3	8.767523E+4	5.387513E+4	1.858000E-3	1.001000E-1	6.657000E-2	3.424000E-3	1.944217E+4	-7.459634E+3	1.858000E-3	-1.386000E-2	1.000000E-1	0.000000E+0	1.000000E+0	2.000000E+0	1.000000E+0	3.000000E+0	1.000000E+0	9.900000E+1
2.879931E+0	4.000000E+2	4.004000E-1	4.212000E-3	9.506173E+4	4.226848E+4	2.354000E-3	9.950000E-2	1.191100E-1	4.212000E-3	2.827873E+4	-5.913339E+3	2.354000E-3	-1.392000E-2	1.000000E-1	0.000000E+0	1.000000E+0	2.000000E+0	1.000000E+0	3.000000E+0	1.000000E+0	1.000000E+2
2.907733E+0	5.000000E+2	5.002000E-1	5.809000E-3	8.610776E+4	5.418478E+4	1.840000E-3	9.970000E-2	1.577400E-1	5.809000E-3	2.715442E+4	-3.836957E+3	1.840000E-3	-7.060000E-3	1.000000E-1	0.000000E+0	1.000000E+0	2.000000E+0	1.000000E+0	3.000000E+0	1.000000E+0	1.010000E+2
2.934668E+0	6.000000E+2	5.993000E-1	7.138000E-3	8.395909E+4	1.283140E+5	7.770000E-4	9.970000E-2	2.084800E-1	7.138000E-3	2.920706E+4	-1.889318E+4	7.770000E-4	-1.468000E-2	1.000000E-1	0.000000E+0	1.000000E+0	2.000000E+0	1.000000E+0	3.000000E+0	1.000000E+0	1.020000E+2
2.962469E+0	7.000000E+2	6.995000E-1	7.772000E-3	9.000257E+4	2.780556E+6	3.600000E-5	1.001000E-1	2.469000E-1	7.772000E-3	3.176788E+4	-2.758333E+5	3.600000E-5	-9.930000E-3	1.000000E-1	0.000000E+0	1.000000E+0	2.000000E+0	1.000000E+0	3.000000E+0	1.000000E+0	1.030000E+2
2.989404E+0	8.000000E+2	8.000000E-1	1.018700E-2	7.853146E+4	1.203837E+5	8.340000E-4	1.004000E-1	2.854500E-1	1.018700E-2	2.802101E+4	-4.016787E+3	8.340000E-4	-3.350000E-3	1.000000E-1	0.000000E+0	1.000000E+0	2.000000E+0	1.000000E+0	3.000000E+0	1.000000E+0	1.040000E+2
3.017373E+0	9.000000E+2	9.003000E-1	9.476000E-3	9.500844E+4	5.595768E+4	1.796000E-3	1.005000E-1	3.351600E-1	9.476000E-3	3.536935E+4	-6.063474E+3	1.796000E-3	-1.089000E-2	1.000000E-1	0.000000E+0	1.000000E+0	2.000000E+0	1.000000E+0	3.000000E+0	1.000000E+0	1.050000E+2
3.044357E+0	1.000000E+3	9.989000E-1	1.163900E-2	8.582352E+4	1.000993E+5	1.007000E-3	1.008000E-1	3.773100E-1	1.163900E-2	3.241773E+4	-1.227408E+4	1.007000E-3	-1.236000E-2	1.000000E-1	0.000000E+0	1.000000E+0	2.000000E+0	1.000000E+0	3.000000E+0	1.000000E+0	1.060000E+2
3.072126E+0	1.000000E+3	1.000000E+0	1.156000E-2	8.650519E+4	1.045929E+5	9.580000E-4	1.002000E-1	3.754600E-1	1.156000E-2	3.247924E+4	-8.977035E+3	9.580000E-4	-8.600000E-3	1.000000E-1	0.000000E+0	1.000000E+0	2.000000E+0	1.000000E+0	3.000000E+0	1.000000E+0	1.070000E+2
3.099927E+0	9.000000E+2	8.997000E-1	1.039600E-2	8.654290E+4	4.759867E+4	2.103000E-3	1.001000E-1	3.340900E-1	1.039600E-2	3.213640E+4	-5.848787E+3	2.103000E-3	-1.230000E-2	1.000000E-1	0.000000E+0	1.000000E+0	2.000000E+0	1.000000E+0	3.000000E+0	1.000000E+0	1.080000E+2
3.126812E+0	8.000000E+2	7.997000E-1	8.412000E-3	9.506657E+4	6.396684E+4	1.568000E-3	1.003000E-1	2.843900E-1	8.412000E-3	3.380766E+4	-7.889031E+3	1.568000E-3	-1.237000E-2	1.000000E-1	0.000000E+0	1.000000E+0	2.000000E+0	1.000000E+0	3.000000E+0	1.000000E+0	1.090000E+2
3.153597E+0	7.000000E+2	7.009000E-1	9.211000E-3	7.609380E+4	5.164779E+4	1.942000E-3	1.003000E-1	2.490500E-1	9.211000E-3	2.703832E+4	-3.326468E+3	1.942000E-3	-6.460000E-3	1.000000E-1	0.000000E+0	1.000000E+0	2.000000E+0	1.000000E+0	3.000000E+0	1.000000E+0	1.100000E+2
3.181049E+0	6.000000E+2	5.988000E-1	7.346000E-3	8.151375E+4	9.950348E+4	1.007000E-3	1.002000E-1	1.973400E-1	7.346000E-3	2.686360E+4	-2.452830E+3	1.007000E-3	-2.470000E-3	1.000000E-1	0.000000E+0	1.000000E+0	2.000000E+0	1.000000E+0	3.000000E+0	1.000000E+0	1.110000E+2
3.207833E+0	5.000000E+2	5.008000E-1	5.905000E-3	8.480948E+4	4.239222E+4	2.366000E-3	1.003000E-1	1.638600E-1	5.905000E-3	2.774936E+4	-3.009298E+3	2.366000E-3	-7.120000E-3	1.000000E-1	0.000000E+0	1.000000E+0	2.000000E+0	1.000000E+0	3.000000E+0	1.000000E+0	1.120000E+2
3.235568E+0	4.000000E+2	4.005000E-1	4.894000E-3	8.183490E+4	5.098237E+4	1.985000E-3	1.012000E-1	1.210300E-1	4.894000E-3	2.473028E+4	-6.962217E+3	1.985000E-3	-1.382000E-2	1.000000E-1	0.000000E+0	1.000000E+0	2.000000E+0	1.000000E+0	3.000000E+0	1.000000E+0	1.130000E+2
3.262653E+0	3.000000E+2	3.010000E-1	5.224000E-3	5.761868E+4	5.288866E+4	1.904000E-3	1.007000E-1	7.467000E-2	5.224000E-3	1.429364E+4	-1.042542E+4	1.904000E-3	-1.985000E-2	5.000000E-2	0.000000E+0	1.000000E+0	2.000000E+0	1.000000E+0	3.000000E+0	1.000000E+0	1.140000E+2
3.288388E+0	2.000000E+2	2.006000E-1	2.238000E-3	8.963360E+4	5.071138E+4	1.968000E-3	9.980000E-2	1.955000E-2	2.238000E-3	8.735478E+3	-5.254065E+3	1.968000E-3	-1.034000E-2	5.000000E-2	0.000000E+0	1.000000E+0	2.000000E+0	1.000000E+0	3.000000E+0	1.000000E+0	1.150000E+2
3.311889E+0	1.000000E+2	1.000000E-1	2.217000E-3	4.510600E+4	6.959834E+4	1.444000E-3	1.005000E-1	-5.570000E-3	2.217000E-3	-2.512404E+3	-4.168975E+3	1.444000E-3	-6.020000E-3	5.000000E-2	0.000000E+0	1.000000E+0	2.000000E+0	1.000000E+0	3.000000E+0	1.000000E+0	1.160000E+2
3.335874E+0	0.000000E+0	5.000000E-4	1.480000E-4	3.378378E+3	-1.734483E+6	-5.800000E-5	1.006000E-1	-2.918000E-2	1.480000E-4	-1.971622E+5	7.155172E+4	-5.800000E-5	-4.150000E-3	5.000000E-2	0.000000E+0	1.000000E+0	2.000000E+0	1.000000E+0	3.000000E+0	1.000000E+0	1.170000E+2
3.360092E+0	0.000000E+0	-5.000000E-4	2.560000E-4	-1.953125E+3	3.830599E+4	2.621000E-3	1.004000E-1	-3.750000E-2	2.560000E-4	-1.464844E+5	1.297215E+2	2.621000E-3	3.400000E-4	5.000000E-2	0.000000E+0	1.000000E+0	2.000000E+0	1.000000E+0	3.000000E+0	1.000000E+0	1.180000E+2
3.383877E+0	1.000000E+2	9.990000E-2	2.026000E-3	4.930898E+4	5.491394E+4	1.801000E-3	9.890000E-2	1.240000E-3	2.026000E-3	6.120434E+2	3.159356E+3	1.801000E-3	5.690000E-3	5.000000E-2	0.000000E+0	1.000000E+0	2.000000E+0	1.000000E+0	3.000000E+0	1.000000E+0	1.190000E+2
3.407978E+0	2.000000E+2	2.015000E-1	3.224000E-3	6.250000E+4	5.068147E+4	1.981000E-3	1.004000E-1	2.206000E-2	3.224000E-3	6.842432E+3	-4.563352E+3	1.981000E-3	-9.040000E-3	5.000000E-2	0.000000E+0	1.000000E+0	2.000000E+0	1.000000E+0	3.000000E+0	1.000000E+0	1.200000E+2
3.431513E+0	3.000000E+2	2.987000E-1	3.318000E-3	9.002411E+4	4.557542E+4	2.181000E-3	9.940000E-2	4.832000E-2	3.318000E-3	1.456299E+4	-3.127006E+3	2.181000E-3	-6.820000E-3	5.000000E-2	0.000000E+0	1.000000E+0	2.000000E+0	1.000000E+0	3.000000E+0	1.000000E+0	1.210000E+2
3.455298E+0	4.000000E+2	3.997000E-1	7.002000E-3	5.708369E+4	3.606616E+4	2.781000E-3	1.003000E-1	8.247000E-2	7.002000E-3	1.177806E+4	-1.981302E+3	2.781000E-3	-5.510000E-3	5.000000E-2	0.000000E+0	1.000000E+0	2.000000E+0	1.000000E+0	3.000000E+0	1.000000E+0	1.220000E+2
3.478932E+0	5.000000E+2	5.012000E-1	6.024000E-3	8.320053E+4	5.452563E+4	1.834000E-3	1.000000E-1	1.210000E-1	6.024000E-3	2.008632E+4	-3.331516E+3	1.834000E-3	-6.110000E-3	5.000000E-2	0.000000E+0	1.000000E+0	2.000000E+0	1.000000E+0	3.000000E+0	1.000000E+0	1.230000E+2
3.502817E+0	6.000000E+2	6.000000E-1	7.849000E-3	7.644286E+4	6.854010E+4	1.459000E-3	1.000000E-1	1.489500E-1	7.849000E-3	1.897694E+4	-1.884853E+3	1.459000E-3	-2.750000E-3	5.000000E-2	0.000000E+0	1.000000E+0	2.000000E+0	1.000000E+0	3.000000E+0	1.000000E+0	1.240000E+2
3.526735E+0	7.000000E+2	7.010000E-1	9.130000E-3	7.677985E+4	4.509892E+4	2.224000E-3	1.003000E-1	1.765800E-1	9.130000E-3	1.934064E+4	-1.973921E+3	2.224000E-3	-4.390000E-3	5.000000E-2	0.000000E+0	1.000000E+0	2.000000E+0	1.000000E+0	3.000000E+0	1.000000E+0	1.250000E+2
3.550486E+0	8.000000E+2	7.992000E-1	1.061600E-2	7.528259E+4	1.508271E+5	6.650000E-4	1.003000E-1	2.148000E-1	1.061600E-2	2.023361E+4	-4.827068E+3	6.650000E-4	-3.210000E-3	5.000000E-2	0.000000E+0	1.000000E+0	2.000000E+0	1.000000E+0	3.000000E+0	1.000000E+0	1.260000E+2
3.574338E+0	9.000000E+2	9.006000E-1	1.242300E-2	7.249457E+4	5.402612E+4	1.838000E-3	9.930000E-2	2.490700E-1	1.242300E-2	2.004910E+4	-2.105550E+3	1.838000E-3	-3.870000E-3	5.000000E-2	0.000000E+0	1.000000E+0	2.000000E+0	1.000000E+0	3.000000E+0	1.000000E+0	1.270000E+2
3.598156E+0	1.000000E+3	1.000500E+0	1.284700E-2	7.787810E+4	6.815681E+4	1.454000E-3	9.910000E-2	2.779000E-1	1.284700E-2	2.163151E+4	-3.108666E+3	1.454000E-3	-4.520000E-3	5.000000E-2	0.000000E+0	1.000000E+0	2.000000E+0	1.000000E+0	3.000000E+0	1.000000E+0	1.280000E+2
3.622724E+0	1.100000E+3	1.099600E+0	1.483800E-2	7.410702E+4	4.740566E+4	2.120000E-3	1.005000E-1	3.107600E-1	1.483800E-2	2.094352E+4	-2.533019E+3	2.120000E-3	-5.370000E-3	5.000000E-2	0.000000E+0	1.000000E+0	2.000000E+0	1.000000E+0	3.000000E+0	1.000000E+0	1.290000E+2
3.647309E+0	1.200000E+3	1.200300E+0	1.580000E-2	7.596835E+4	1.770318E+5	5.660000E-4	1.002000E-1	3.450400E-1	1.580000E-2	2.183797E+4	-3.286219E+3	5.660000E-4	-1.860000E-3	5.000000E-2	0.000000E+0	1.000000E+0	2.000000E+0	1.000000E+0	3.000000E+0	1.000000E+0	1.300000E+2
3.671427E+0	1.300000E+3	1.301100E+0	1.727400E-2	7.532129E+4	-2.294521E+5	-4.380000E-4	1.005000E-1	3.791200E-1	1.727400E-2	2.194744E+4	2.625571E+3	-4.380000E-4	-1.150000E-3	5.000000E-2	0.000000E+0	1.000000E+0	2.000000E+0	1.000000E+0	3.000000E+0	1.000000E+0	1.310000E+2
3.695311E+0	1.400000E+3	1.399100E+0	1.827500E-2	7.655814E+4	1.653333E+7	6.000000E-6	9.920000E-2	4.127100E-1	1.827500E-2	2.258331E+4	-5.216667E+5	6.000000E-6	-3.130000E-3	5.000000E-2	0.000000E+0	1.000000E+0	2.000000E+0	1.000000E+0	3.000000E+0	1.000000E+0	1.320000E+2
3.719629E+0	1.500000E+3	1.500100E+0	2.090500E-2	7.175795E+4	4.982801E+4	2.035000E-3	1.014000E-1	4.502400E-1	2.090500E-2	2.153743E+4	-2.073710E+3	2.035000E-3	-4.220000E-3	5.000000E-2	0.000000E+0	1.000000E+0	2.000000E+0	1.000000E+0	3.000000E+0	1.000000E+0	1.330000E+2
3.743664E+0	1.600000E+3	1.599100E+0	2.182800E-2	7.325912E+4	5.994065E+4	1.685000E-3	1.010000E-1	4.850200E-1	2.182800E-2	2.222008E+4	7.121662E+2	1.685000E-3	1.200000E-3	5.000000E-2	0.000000E+0	1.000000E+0	3.000000E+0	1.000000E+0	3.000000E+0	1.000000E+0	1.340000E+2
3.768016E+0	1.700000E+3	1.699800E+0	2.394700E-2	7.098175E+4	5.971395E+4	1.678000E-3	1.002000E-1	5.220700E-1	2.394700E-2	2.180106E+4	-8.104887E+2	1.678000E-3	-1.360000E-3	5.000000E-2	0.000000E+0	1.000000E+0	3.000000E+0	1.000000E+0	3.000000E+0	1.000000E+0	1.350000E+2
3.791500E+0	1.800000E+3	1.800300E+0	2.528500E-2	7.120032E+4	5.255398E+4	1.899000E-3	9.980000E-2	5.552000E-1	2.528500E-2	2.195768E+4	-1.074250E+3	1.899000E-3	-2.040000E-3	5.000000E-2	0.000000E+0	1.000000E+0	3.000000E+0	1.000000E+0	3.000000E+0	1.000000E+0	1.360000E+2
3.815752E+0	1.900000E+3	1.899600E+0	2.627600E-2	7.229411E+4	6.878415E+4	1.464000E-3	1.007000E-1	5.927600E-1	2.627600E-2	2.255899E+4	-1.523224E+3	1.464000E-3	-2.230000E-3	5.000000E-2	0.000000E+0	1.000000E+0	3.000000E+0	1.000000E+0	3.000000E+0	1.000000E+0	1.370000E+2
3.839236E+0	2.000000E+3	2.000200E+0	2.610600E-2	7.661840E+4	6.984017E+4	1.439000E-3	1.005000E-1	6.349900E-1	2.610600E-2	2.432353E+4	-4.496178E+3	1.439000E-3	-6.470000E-3	5.000000E-2	0.000000E+0	1.000000E+0	3.000000E+0	1.000000E+0	3.000000E+0	1.000000E+0	1.380000E+2
3.863021E+0	2.000000E+3	2.000500E+0	2.852100E-2	7.014130E+4	4.295474E+4	2.342000E-3	1.006000E-1	6.308900E-1	2.852100E-2	2.212019E+4	-2.736977E+3	2.342000E-3	-6.410000E-3	5.000000E-2	0.000000E+0	1.000000E+0	3.000000E+0	1.000000E+0	3.000000E+0	1.000000E+0	1.390000E+2
3.887389E+0	1.900000E+3	1.900300E+0	2.606600E-2	7.290340E+4	1.013145E+5	9.890000E-4	1.002000E-1	5.914700E-1	2.606600E-2	2.269125E+4	-4.165824E+3	9.890000E-4	-4.120000E-3	5.000000E-2	0.000000E+0	1.000000E+0	3.000000E+0	1.000000E+0	3.000000E+0	1.000000E+0	1.400000E+2
3.911007E+0	1.800000E+3	1.799900E+0	2.448400E-2	7.351331E+4	4.443952E+4	2.257000E-3	1.003000E-1	5.550200E-1	2.448400E-2	2.266868E+4	-5.183872E+2	2.257000E-3	-1.170000E-3	5.000000E-2	0.000000E+0	1.000000E+0	3.000000E+0	1.000000E+0	3.000000E+0	1.000000E+0	1.410000E+2
3.934908E+0	1.700000E+3	1.699400E+0	2.330700E-2	7.291372E+4	3.374191E+4	2.937000E-3	9.910000E-2	5.211900E-1	2.330700E-2	2.236195E+4	-1.167858E+3	2.937000E-3	-3.430000E-3	5.000000E-2	0.000000E+0	1.000000E+0	3.000000E+0	1.000000E+0	3.000000E+0	1.000000E+0	1.420000E+2
3.958393E+0	1.600000E+3	1.599700E+0	2.066200E-2	7.742232E+4	1.452174E+5	6.900000E-4	1.002000E-1	4.906700E-1	2.066200E-2	2.374746E+4	-8.260870E+3	6.900000E-4	-5.700000E-3	5.000000E-2	0.000000E+0	1.000000E+0	3.000000E+0	1.000000E+0	3.000000E+0	1.000000E+0	1.430000E+2
3.982228E+0	1.500000E+3	1.499600E+0	2.090700E-2	7.172717E+4	4.683247E+4	2.131000E-3	9.980000E-2	4.517300E-1	2.090700E-2	2.160664E+4	-7.648991E+2	2.131000E-3	-1.630000E-3	5.000000E-2	0.000000E+0	1.000000E+0	3.000000E+0	1.000000E+0	3.000000E+0	1.000000E+0	1.440000E+2
4.006096E+0	1.400000E+3	1.398900E+0	1.793500E-2	7.799833E+4	5.355603E+4	1.856000E-3	9.940000E-2	4.142000E-1	1.793500E-2	2.309451E+4	-1.934267E+3	1.856000E-3	-3.590000E-3	5.000000E-2	0.000000E+0	1.000000E+0	3.000000E+0	1.000000E+0	3.000000E+0	1.000000E+0	1.450000E+2
4.030597E+0	1.300000E+3	1.300200E+0	1.723200E-2	7.545265E+4	7.214912E+4	1.368000E-3	9.870000E-2	3.800900E-1	1.723200E-2	2.205722E+4	1.747076E+3	1.368000E-3	2.390000E-3	5.000000E-2	0.000000E+0	1.000000E+0	3.000000E+0	1.000000E+0	3.000000E+0	1.000000E+0	1.460000E+2
4.055332E+0	1.200000E+3	1.199900E+0	1.726400E-2	6.950301E+4	5.533553E+4	1.818000E-3	1.006000E-1	3.489400E-1	1.726400E-2	2.021200E+4	-3.740374E+2	1.818000E-3	-6.800000E-4	5.000000E-2	0.000000E+0	1.000000E+0	3.000000E+0	1.000000E+0	3.000000E+0	1.000000E+0	1.470000E+2
4.079133E+0	1.100000E+3	1.099800E+0	1.469700E-2	7.483160E+4	1.342318E+5	7.420000E-4	9.960000E-2	3.094000E-1	1.469700E-2	2.105192E+4	4.878706E+3	7.420000E-4	3.620000E-3	5.000000E-2	0.000000E+0	1.000000E+0	3.000000E+0	1.000000E+0	3.000000E+0	1.000000E+0	1.480000E+2
4.103251E+0	1.000000E+3	1.001800E+0	1.321500E-2	7.580779E+4	8.076616E+4	1.253000E-3	1.012000E-1	2.822800E-1	1.321500E-2	2.136058E+4	-3.990423E+1	1.253000E-3	-5.000000E-5	5.000000E-2	0.000000E+0	1.000000E+0	3.000000E+0	1.000000E+0	3.000000E+0	1.000000E+0	1.490000E+2
4.126736E+0	9.000000E+2	9.011000E-1	1.198500E-2	7.518565E+4	1.056204E+5	9.430000E-4	9.960000E-2	2.532600E-1	1.198500E-2	2.113141E+4	-3.181336E+1	9.430000E-4	-3.000000E-5	5.000000E-2	0.000000E+0	1.000000E+0	3.000000E+0	1.000000E+0	3.000000E+0	1.000000E+0	1.500000E+2
4.150537E+0	8.000000E+2	8.011000E-1	1.031100E-2	7.769373E+4	1.443804E+5	6.940000E-4	1.002000E-1	2.224100E-1	1.031100E-2	2.157017E+4	-8.501441E+2	6.940000E-4	-5.900000E-4	5.000000E-2	0.000000E+0	1.000000E+0	3.000000E+0	1.000000E+0	3.000000E+0	1.000000E+0	1.510000E+2
4.174355E+0	7.000000E+2	7.004000E-1	8.389000E-3	8.349028E+4	5.487067E+4	1.817000E-3	9.970000E-2	1.836700E-1	8.389000E-3	2.189415E+4	-5.503577E+0	1.817000E-3	-1.000000E-5	5.000000E-2	0.000000E+0	1.000000E+0	3.000000E+0	1.000000E+0	3.000000E+0	1.000000E+0	1.520000E+2
4.198157E+0	6.000000E+2	5.990000E-1	7.990000E-3	7.496871E+4	2.843305E+5	3.510000E-4	9.980000E-2	1.512100E-1	7.990000E-3	1.892491E+4	1.566952E+4	3.510000E-4	5.500000E-3	5.000000E-2	0.000000E+0	1.000000E+0	3.000000E+0	1.000000E+0	3.000000E+0	1.000000E+0	1.530000E+2
4.222075E+0	5.000000E+2	5.004000E-1	6.244000E-3	8.014094E+4	5.478927E+4	1.827000E-3	1.001000E-1	1.228000E-1	6.244000E-3	1.966688E+4	3.667214E+2	1.827000E-3	6.700000E-4	5.000000E-2	0.000000E+0	1.000000E+0	3.000000E+0	1.000000E+0	3.000000E+0	1.000000E+0	1.540000E+2
4.245860E+0	4.000000E+2	4.008000E-1	4.885000E-3	8.204708E+4	5.557395E+4	1.812000E-3	1.007000E-1	9.205000E-2	4.885000E-3	1.884340E+4	1.561810E+3	1.812000E-3	2.830000E-3	5.000000E-2	0.000000E+0	1.000000E+0	3.000000E+0	1.000000E+0	3.000000E+0	1.000000E+0	1.550000E+2
4.269794E+0	3.000000E+2	2.994000E-1	2.037000E-3	1.469809E+5	-1.443478E+5	-6.900000E-4	9.960000E-2	6.749000E-2	2.037000E-3	3.313206E+4	-9.028986E+3	-6.900000E-4	6.230000E-3	5.000000E-2	0.000000E+0	1.000000E+0	3.000000E+0	1.000000E+0	3.000000E+0	1.000000E+0	1.560000E+2
4.293429E+0	2.000000E+2	2.004000E-1	2.241000E-3	8.942436E+4	6.733601E+4	1.494000E-3	1.006000E-1	3.265000E-2	2.241000E-3	1.456939E+4	1.726908E+3	1.494000E-3	2.580000E-3	5.000000E-2	0.000000E+0	1.000000E+0	3.000000E+0	1.000000E+0	3.000000E+0	1.000000E+0	1.570000E+2
4.317214E+0	1.000000E+2	1.002000E-1	-8.400000E-5	-1.192857E+6	8.044872E+4	1.248000E-3	1.004000E-1	3.940000E-3	-8.400000E-5	-4.690476E+4	5.352564E+3	1.248000E-3	6.680000E-3	5.000000E-2	0.000000E+0	1.000000E+0	3.000000E+0	1.000000E+0	3.000000E+0	1.000000E+0	1.580000E+2
4.341098E+0	0.000000E+0	-3.000000E-4	-2.900000E-4	1.034483E+3	1.035270E+5	9.640000E-4	9.980000E-2	-2.128000E-2	-2.900000E-4	7.337931E+4	5.331950E+3	9.640000E-4	5.140000E-3	5.000000E-2	0.000000E+0	1.000000E+0	3.000000E+0	1.000000E+0	3.000000E+0	1.000000E+0	1.590000E+2
4.364983E+0	0.000000E+0	-7.000000E-4	3.600000E-5	-1.944444E+4	1.227552E+5	8.130000E-4	9.980000E-2	-1.900000E-2	3.600000E-5	-5.277778E+5	9.138991E+3	8.130000E-4	7.430000E-3	5.000000E-2	0.000000E+0	1.000000E+0	3.000000E+0	1.000000E+0	3.000000E+0	1.000000E+0	1.600000E+2
4.388818E+0	1.000000E+2	9.990000E-2	1.530000E-4	6.529412E+5	8.881988E+4	1.127000E-3	1.001000E-1	8.260000E-3	1.530000E-4	5.398693E+4	5.314996E+3	1.127000E-3	5.990000E-3	5.000000E-2	0.000000E+0	1.000000E+0	3.000000E+0	1.000000E+0	3.000000E+0	1.000000E+0	1.610000E+2
4.413169E+0	2.000000E+2	1.991000E-1	3.488000E-3	5.708142E+4	9.890873E+4	1.008000E-3	9.970000E-2	3.507000E-2	3.488000E-3	1.005447E+4	4.593254E+3	1.008000E-3	4.630000E-3	5.000000E-2	0.000000E+0	1.000000E+0	3.000000E+0	1.000000E+0	3.000000E+0	1.000000E+0	1.620000E+2
4.436987E+0	3.000000E+2	3.008000E-1	3.802000E-3	7.911625E+4	4.473214E+5	2.240000E-4	1.002000E-1	6.273000E-2	3.802000E-3	1.649921E+4	8.125000E+3	2.240000E-4	1.820000E-3	5.000000E-2	0.000000E+0	1.000000E+0	3.000000E+0	1.000000E+0	3.000000E+0	1.000000E+0	1.630000E+2
4.461839E+0	4.000000E+2	4.011000E-1	5.088000E-3	7.883255E+4	5.726744E+4	1.720000E-3	9.850000E-2	9.359000E-2	5.088000E-3	1.839426E+4	3.616279E+3	1.720000E-3	6.220000E-3	5.000000E-2	0.000000E+0	1.000000E+0	3.000000E+0	1.000000E+0	3.000000E+0	1.000000E+0	1.640000E+2
4.485673E+0	5.000000E+2	5.004000E-1	6.882000E-3	7.271142E+4	6.951389E+4	1.440000E-3	1.001000E-1	1.254600E-1	6.882000E-3	1.823017E+4	7.104167E+3	1.440000E-3	1.023000E-2	5.000000E-2	0.000000E+0	1.000000E+0	3.000000E+0	1.000000E+0	3.000000E+0	1.000000E+0	1.650000E+2
4.509508E+0	6.000000E+2	6.009000E-1	7.391000E-3	8.130158E+4	5.027876E+4	1.973000E-3	9.920000E-2	1.575000E-1	7.391000E-3	2.130970E+4	7.024835E+3	1.973000E-3	1.386000E-2	5.000000E-2	0.000000E+0	1.000000E+0	3.000000E+0	1.000000E+0	3.000000E+0	1.000000E+0	1.660000E+2
4.533126E+0	7.000000E+2	6.988000E-1	8.626000E-3	8.101090E+4	1.373278E+5	7.260000E-4	9.970000E-2	1.940900E-1	8.626000E-3	2.250058E+4	1.367769E+4	7.260000E-4	9.930000E-3	5.000000E-2	0.000000E+0	1.000000E+0	3.000000E+0	1.000000E+0	3.000000E+0	1.000000E+0	1.670000E+2
4.556944E+0	8.000000E+2	8.004000E-1	1.075100E-2	7.444889E+4	5.266458E+4	1.914000E-3	1.008000E-1	2.302400E-1	1.075100E-2	2.141568E+4	3.333333E+3	1.914000E-3	6.380000E-3	5.000000E-2	0.000000E+0	1.000000E+0	3.000000E+0	1.000000E+0	3.000000E+0	1.000000E+0	1.680000E+2
4.581029E+0	9.000000E+2	9.004000E-1	1.074700E-2	8.378152E+4	7.402695E+4	1.336000E-3	9.890000E-2	2.606900E-1	1.074700E-2	2.425700E+4	1.029192E+4	1.336000E-3	1.375000E-2	5.000000E-2	0.000000E+0	1.000000E+0	3.000000E+0	1.000000E+0	3.000000E+0	1.000000E+0	1.690000E+2
4.604680E+0	1.000000E+3	9.986000E-1	1.268600E-2	7.871670E+4	7.789062E+4	1.280000E-3	9.970000E-2	2.895600E-1	1.268600E-2	2.282516E+4	9.343750E+3	1.280000E-3	1.196000E-2	5.000000E-2	0.000000E+0	1.000000E+0	3.000000E+0	1.000000E+0	3.000000E+0	1.000000E+0	1.700000E+2
4.628431E+0	1.100000E+3	1.099700E+0	1.381300E-2	7.961341E+4	6.818491E+4	1.471000E-3	1.003000E-1	3.241700E-1	1.381300E-2	2.346847E+4	3.772944E+3	1.471000E-3	5.550000E-3	5.000000E-2	0.000000E+0	1.000000E+0	3.000000E+0	1.000000E+0	3.000000E+0	1.000000E+0	1.710000E+2
4.652933E+0	1.200000E+3	1.199400E+0	1.577400E-2	7.603652E+4	1.050686E+5	9.470000E-4	9.950000E-2	3.547400E-1	1.577400E-2	2.248891E+4	1.295671E+4	9.470000E-4	1.227000E-2	5.000000E-2	0.000000E+0	1.000000E+0	3.000000E+0	1.000000E+0	3.000000E+0	1.000000E+0	1.720000E+2
4.676434E+0	1.300000E+3	1.300500E+0	1.751900E-2	7.423369E+4	4.665116E+5	2.150000E-4	1.003000E-1	3.886500E-1	1.751900E-2	2.218449E+4	4.469767E+4	2.150000E-4	9.610000E-3	5.000000E-2	0.000000E+0	1.000000E+0	3.000000E+0	1.000000E+0	3.000000E+0	1.000000E+0	1.730000E+2
4.700336E+0	1.400000E+3	1.399400E+0	1.798200E-2	7.782227E+4	4.494382E+4	2.225000E-3	1.000000E-1	4.252700E-1	1.798200E-2	2.364976E+4	4.966292E+3	2.225000E-3	1.105000E-2	5.000000E-2	0.000000E+0	1.000000E+0	3.000000E+0	1.000000E+0	3.000000E+0	1.000000E+0	1.740000E+2
4.724137E+0	1.500000E+3	1.500000E+0	2.023100E-2	7.414364E+4	9.275894E+4	1.091000E-3	1.012000E-1	4.644600E-1	2.023100E-2	2.295784E+4	1.680110E+4	1.091000E-3	1.833000E-2	5.000000E-2	0.000000E+0	1.000000E+0	3.000000E+0	1.000000E+0	3.000000E+0	1.000000E+0	1.750000E+2
4.748088E+0	1.600000E+3	1.599800E+0	2.000500E-2	7.997001E+4	8.520408E+4	1.176000E-3	1.002000E-1	5.009200E-1	2.000500E-2	2.503974E+4	8.171769E+3	1.176000E-3	9.610000E-3	5.000000E-2	0.000000E+0	1.000000E+0	3.000000E+0	1.000000E+0	3.000000E+0	1.000000E+0	1.760000E+2
4.772106E+0	1.700000E+3	1.700900E+0	2.329100E-2	7.302821E+4	2.094142E+5	4.780000E-4	1.001000E-1	5.321700E-1	2.329100E-2	2.284874E+4	2.259414E+4	4.780000E-4	1.080000E-2	5.000000E-2	0.000000E+0	1.000000E+0	3.000000E+0	1.000000E+0	3.000000E+0	1.000000E+0	1.770000E+2
4.796041E+0	1.800000E+3	1.799700E+0	2.404700E-2	7.484094E+4	5.365985E+4	1.858000E-3	9.970000E-2	5.671900E-1	2.404700E-2	2.358673E+4	4.262648E+3	1.858000E-3	7.920000E-3	5.000000E-2	0.000000E+0	1.000000E+0	3.000000E+0	1.000000E+0	3.000000E+0	1.000000E+0	1.780000E+2
4.820209E+0	1.900000E+3	1.900800E+0	2.549100E-2	7.456749E+4	7.464473E+4	1.337000E-3	9.980000E-2	6.083900E-1	2.549100E-2	2.386685E+4	5.759162E+3	1.337000E-3	7.700000E-3	5.000000E-2	0.000000E+0	1.000000E+0	3.000000E+0	1.000000E+0	3.000000E+0	1.000000E+0	1.790000E+2
4.844627E+0	2.000000E+3	1.999900E+0	2.746600E-2	7.281366E+4	6.428111E+4	1.551000E-3	9.970000E-2	6.445000E-1	2.746600E-2	2.346538E+4	5.222437E+3	1.551000E-3	8.100000E-3	5.000000E-2	0.000000E+0	1.000000E+0	3.000000E+0	1.000000E+0	3.000000E+0	1.000000E+0	1.800000E+2
4.868445E+0	2.000000E+3	1.998800E+0	2.687700E-2	7.436842E+4	7.019635E+4	1.426000E-3	1.001000E-1	6.462600E-1	2.687700E-2	2.404509E+4	5.652174E+3	1.426000E-3	8.060000E-3	5.000000E-2	0.000000E+0	1.000000E+0	3.000000E+0	1.000000E+0	3.000000E+0	1.000000E+0	1.810000E+2
4.892613E+0	1.900000E+3	1.900100E+0	2.569500E-2	7.394824E+4	5.537604E+4	1.795000E-3	9.940000E-2	6.095700E-1	2.569500E-2	2.372329E+4	5.743733E+3	1.795000E-3	1.031000E-2	5.000000E-2	0.000000E+0	1.000000E+0	3.000000E+0	1.000000E+0	3.000000E+0	1.000000E+0	1.820000E+2
4.916365E+0	1.800000E+3	1.799700E+0	2.481600E-2	7.252176E+4	-5.773256E+5	-1.720000E-4	9.930000E-2	5.660700E-1	2.481600E-2	2.281069E+4	-6.505814E+4	-1.720000E-4	1.119000E-2	5.000000E-2	0.000000E+0	1.000000E+0	3.000000E+0	1.000000E+0	3.000000E+0	1.000000E+0	1.830000E+2
4.940166E+0	1.700000E+3	1.700200E+0	2.222000E-2	7.651665E+4	7.111270E+4	1.402000E-3	9.970000E-2	5.322100E-1	2.222000E-2	2.395185E+4	9.771755E+3	1.402000E-3	1.370000E-2	5.000000E-2	0.000000E+0	1.000000E+0	3.000000E+0	1.000000E+0	3.000000E+0	1.000000E+0	1.840000E+2
4.963667E+0	1.600000E+3	1.599000E+0	2.247600E-2	7.114255E+4	5.060914E+4	1.970000E-3	9.970000E-2	5.052200E-1	2.247600E-2	2.247820E+4	4.730964E+3	1.970000E-3	9.320000E-3	5.000000E-2	0.000000E+0	1.000000E+0	3.000000E+0	1.000000E+0	3.000000E+0	1.000000E+0	1.850000E+2
4.989102E+0	1.500000E+3	1.500300E+0	2.004300E-2	7.485406E+4	4.756911E+4	2.098000E-3	9.980000E-2	4.659100E-1	2.004300E-2	2.324552E+4	7.716873E+3	2.098000E-3	1.619000E-2	5.000000E-2	0.000000E+0	1.000000E+0	3.000000E+0	1.000000E+0	3.000000E+0	1.000000E+0	1.860000E+2
5.012603E+0	1.400000E+3	1.400800E+0	1.816000E-2	7.713656E+4	2.436585E+5	4.100000E-4	9.990000E-2	4.311800E-1	1.816000E-2	2.374339E+4	4.190244E+4	4.100000E-4	1.718000E-2	5.000000E-2	0.000000E+0	1.000000E+0	3.000000E+0	1.000000E+0	3.000000E+0	1.000000E+0	1.870000E+2
5.036638E+0	1.300000E+3	1.300400E+0	1.731100E-2	7.511987E+4	6.212871E+4	1.616000E-3	1.004000E-1	3.986500E-1	1.731100E-2	2.302871E+4	6.701733E+3	1.616000E-3	1.083000E-2	5.000000E-2	0.000000E+0	1.000000E+0	3.000000E+0	1.000000E+0	3.000000E+0	1.000000E+0	1.880000E+2
5.060506E+0	1.200000E+3	1.200200E+0	1.579600E-2	7.598126E+4	6.890699E+4	1.473000E-3	1.015000E-1	3.652600E-1	1.579600E-2	2.312358E+4	6.408690E+3	1.473000E-3	9.440000E-3	5.000000E-2	0.000000E+0	1.000000E+0	3.000000E+0	1.000000E+0	3.000000E+0	1.000000E+0	1.890000E+2
5.084474E+0	1.100000E+3	1.100300E+0	1.451600E-2	7.579912E+4	-1.646667E+6	-6.000000E-5	9.880000E-2	3.239800E-1	1.451600E-2	2.231882E+4	-3.036667E+5	-6.000000E-5	1.822000E-2	5.000000E-2	0.000000E+0	1.000000E+0	3.000000E+0	1.000000E+0	3.000000E+0	1.000000E+0	1.900000E+2
5.108459E+0	1.000000E+3	1.000200E+0	1.198000E-2	8.348915E+4	1.541033E+5	6.580000E-4	1.014000E-1	2.943700E-1	1.198000E-2	2.457179E+4	1.796353E+4	6.580000E-4	1.182000E-2	5.000000E-2	0.000000E+0	1.000000E+0	3.000000E+0	1.000000E+0	3.000000E+0	1.000000E+0	1.910000E+2
5.132344E+0	9.000000E+2	8.999000E-1	1.187000E-2	7.581297E+4	2.561538E+5	3.900000E-4	9.990000E-2	2.645400E-1	1.187000E-2	2.228644E+4	2.982051E+4	3.900000E-4	1.163000E-2	5.000000E-2	0.000000E+0	1.000000E+0	3.000000E+0	1.000000E+0	3.000000E+0	1.000000E+0	1.920000E+2
5.156162E+0	8.000000E+2	8.004000E-1	1.072100E-2	7.465721E+4	7.985612E+4	1.251000E-3	9.990000E-2	2.327400E-1	1.072100E-2	2.170880E+4	1.187850E+4	1.251000E-3	1.486000E-2	5.000000E-2	0.000000E+0	1.000000E+0	3.000000E+0	1.000000E+0	3.000000E+0	1.000000E+0	1.930000E+2
5.179680E+0	7.000000E+2	7.009000E-1	8.447000E-3	8.297620E+4	1.440751E+5	6.920000E-4	9.970000E-2	1.942500E-1	8.447000E-3	2.299633E+4	1.784682E+4	6.920000E-4	1.235000E-2	5.000000E-2	0.000000E+0	1.000000E+0	3.000000E+0	1.000000E+0	3.000000E+0	1.000000E+0	1.940000E+2
5.203431E+0	6.000000E+2	5.999000E-1	9.265000E-3	6.474906E+4	4.902057E+4	2.042000E-3	1.001000E-1	1.561300E-1	9.265000E-3	1.685159E+4	4.618022E+3	2.042000E-3	9.430000E-3	5.000000E-2	0.000000E+0	1.000000E+0	3.000000E+0	1.000000E+0	3.000000E+0	1.000000E+0	1.950000E+2
5.227349E+0	5.000000E+2	5.006000E-1	6.455000E-3	7.755229E+4	8.397010E+4	1.204000E-3	1.011000E-1	1.344800E-1	6.455000E-3	2.083346E+4	8.372093E+3	1.204000E-3	1.008000E-2	5.000000E-2	0.000000E+0	1.000000E+0	3.000000E+0	1.000000E+0	3.000000E+0	1.000000E+0	1.960000E+2
5.251634E+0	4.000000E+2	4.000000E-1	6.117000E-3	6.539153E+4	4.018578E+4	2.476000E-3	9.950000E-2	1.036100E-1	6.117000E-3	1.693804E+4	5.484653E+3	2.476000E-3	1.358000E-2	5.000000E-2	0.000000E+0	1.000000E+0	3.000000E+0	1.000000E+0	3.000000E+0	1.000000E+0	1.970000E+2
5.275418E+0	3.000000E+2	3.011000E-1	3.270000E-3	9.207951E+4	1.413352E+5	7.040000E-4	9.950000E-2	7.996000E-2	3.270000E-3	2.445260E+4	1.776989E+4	7.040000E-4	1.251000E-2	5.000000E-2	0.000000E+0	1.000000E+0	3.000000E+0	1.000000E+0	3.000000E+0	1.000000E+0	1.980000E+2
5.299503E+0	2.000000E+2	1.992000E-1	2.582000E-3	7.714950E+4	7.063830E+4	1.410000E-3	9.960000E-2	4.052000E-2	2.582000E-3	1.569326E+4	9.056738E+3	1.410000E-3	1.277000E-2	5.000000E-2	0.000000E+0	1.000000E+0	3.000000E+0	1.000000E+0	3.000000E+0	1.000000E+0	1.990000E+2
5.323104E+0	1.000000E+2	1.003000E-1	5.400000E-4	1.857407E+5	1.568750E+5	6.400000E-4	1.004000E-1	1.321000E-2	5.400000E-4	2.446296E+4	1.734375E+4	6.400000E-4	1.110000E-2	5.000000E-2	0.000000E+0	1.000000E+0	3.000000E+0	1.000000E+0	3.000000E+0	1.000000E+0	2.000000E+2
5.347089E+0	0.000000E+0	0.000000E+0	4.300000E-5	0.000000E+0	6.450578E+4	1.558000E-3	1.005000E-1	-1.818000E-2	4.300000E-5	-4.227907E+5	8.799743E+3	1.558000E-3	1.371000E-2	5.000000E-2	0.000000E+0	1.000000E+0	3.000000E+0	1.000000E+0	3.000000E+0	1.000000E+0	2.010000E+2
5.370857E+0	0.000000E+0	-4.000000E-4	6.800000E-4	-5.882353E+2	7.719844E+4	1.285000E-3	9.920000E-2	-1.820000E-2	6.800000E-4	-2.676471E+4	7.595331E+3	1.285000E-3	9.760000E-3	5.000000E-2	0.000000E+0	1.000000E+0	3.000000E+0	1.000000E+0	3.000000E+0	1.000000E+0	2.020000E+2
5.394625E+0	1.000000E+2	1.013000E-1	2.382000E-3	4.252729E+4	7.219406E+4	1.381000E-3	9.970000E-2	1.306000E-2	2.382000E-3	5.482788E+3	1.224475E+4	1.381000E-3	1.691000E-2	5.000000E-2	0.000000E+0	1.000000E+0	3.000000E+0	1.000000E+0	3.000000E+0	1.000000E+0	2.030000E+2
5.418593E+0	2.000000E+2	2.010000E-1	1.253000E-3	1.604150E+5	8.382727E+4	1.181000E-3	9.900000E-2	4.175000E-2	1.253000E-3	3.332003E+4	1.634208E+4	1.181000E-3	1.930000E-2	5.000000E-2	0.000000E+0	1.000000E+0	3.000000E+0	1.000000E+0	3.000000E+0	1.000000E+0	2.040000E+2
5.442678E+0	3.000000E+2	2.994000E-1	3.774000E-3	7.933227E+4	4.513315E+4	2.178000E-3	9.830000E-2	7.816000E-2	3.774000E-3	2.071012E+4	7.405877E+3	2.178000E-3	1.613000E-2	5.000000E-2	0.000000E+0	1.000000E+0	3.000000E+0	1.000000E+0	3.000000E+0	1.000000E+0	2.050000E+2
5.466463E+0	4.000000E+2	4.000000E-1	4.798000E-3	8.336807E+4	1.635914E+5	6.070000E-4	9.930000E-2	1.098900E-1	4.798000E-3	2.290329E+4	1.551895E+4	6.070000E-4	9.420000E-3	5.000000E-2	0.000000E+0	1.000000E+0	3.000000E+0	1.000000E+0	3.000000E+0	1.000000E+0	2.060000E+2
5.490097E+0	5.000000E+2	5.016000E-1	6.277000E-3	7.991079E+4	3.184713E+5	3.140000E-4	1.000000E-1	1.356700E-1	6.277000E-3	2.161383E+4	4.640127E+4	3.140000E-4	1.457000E-2	5.000000E-2	0.000000E+0	1.000000E+0	3.000000E+0	1.000000E+0	3.000000E+0	1.000000E+0	2.070000E+2
5.514099E+0	6.000000E+2	5.995000E-1	7.008000E-3	8.554509E+4	9.222222E+4	1.080000E-3	9.960000E-2	1.646000E-1	7.008000E-3	2.348744E+4	1.167593E+4	1.080000E-3	1.261000E-2	5.000000E-2	0.000000E+0	1.000000E+0	3.000000E+0	1.000000E+0	3.000000E+0	1.000000E+0	2.080000E+2
5.538383E+0	7.000000E+2	7.004000E-1	9.341000E-3	7.498127E+4	4.863946E+4	2.058000E-3	1.001000E-1	1.946100E-1	9.341000E-3	2.083396E+4	4.752187E+3	2.058000E-3	9.780000E-3	5.000000E-2	0.000000E+0	1.000000E+0	3.000000E+0	1.000000E+0	3.000000E+0	1.000000E+0	2.090000E+2
5.562168E+0	8.000000E+2	7.991000E-1	1.023000E-2	7.811339E+4	6.772414E+4	1.450000E-3	9.820000E-2	2.356700E-1	1.023000E-2	2.303715E+4	9.248276E+3	1.450000E-3	1.341000E-2	5.000000E-2	0.000000E+0	1.000000E+0	3.000000E+0	1.000000E+0	3.000000E+0	1.000000E+0	2.100000E+2
5.585986E+0	9.000000E+2	8.987000E-1	1.096700E-2	8.194584E+4	1.221951E+5	8.200000E-4	1.002000E-1	2.623900E-1	1.096700E-2	2.392541E+4	1.378049E+4	8.200000E-4	1.130000E-2	5.000000E-2	0.000000E+0	1.000000E+0	3.000000E+0	1.000000E+0	3.000000E+0	1.000000E+0	2.110000E+2
5.609788E+0	1.000000E+3	1.000300E+0	1.325800E-2	7.544879E+4	5.715909E+4	1.760000E-3	1.006000E-1	2.932700E-1	1.325800E-2	2.212023E+4	7.931818E+3	1.760000E-3	1.396000E-2	5.000000E-2	0.000000E+0	1.000000E+0	3.000000E+0	1.000000E+0	3.000000E+0	1.000000E+0	2.120000E+2
5.633606E+0	1.100000E+3	1.099100E+0	1.538500E-2	7.143971E+4	8.011227E+4	1.247000E-3	9.990000E-2	3.280400E-1	1.538500E-2	2.132207E+4	1.269447E+4	1.247000E-3	1.583000E-2	5.000000E-2	0.000000E+0	1.000000E+0	3.000000E+0	1.000000E+0	3.000000E+0	1.000000E+0	2.130000E+2
5.657940E+0	1.200000E+3	1.199200E+0	1.453200E-2	8.252133E+4	7.466165E+4	1.330000E-3	9.930000E-2	3.616200E-1	1.453200E-2	2.488439E+4	1.248120E+4	1.330000E-3	1.660000E-2	5.000000E-2	0.000000E+0	1.000000E+0	3.000000E+0	1.000000E+0	3.000000E+0	1.000000E+0	2.140000E+2
5.681758E+0	1.300000E+3	1.297900E+0	1.639400E-2	7.916921E+4	4.155898E+4	2.399000E-3	9.970000E-2	3.992100E-1	1.639400E-2	2.435098E+4	6.356815E+3	2.399000E-3	1.525000E-2	5.000000E-2	0.000000E+0	1.000000E+0	3.000000E+0	1.000000E+0	3.000000E+0	1.000000E+0	2.150000E+2
5.705960E+0	1.400000E+3	1.399700E+0	1.905000E-2	7.347507E+4	1.367486E+5	7.320000E-4	1.001000E-1	4.282800E-1	1.905000E-2	2.248189E+4	1.800546E+4	7.320000E-4	1.318000E-2	5.000000E-2	0.000000E+0	1.000000E+0	3.000000E+0	1.000000E+0	3.000000E+0	1.000000E+0	2.160000E+2
5.730078E+0	1.500000E+3	1.499000E+0	1.944800E-2	7.707733E+4	6.598818E+4	1.523000E-3	1.005000E-1	4.642200E-1	1.944800E-2	2.386981E+4	1.275115E+4	1.523000E-3	1.942000E-2	5.000000E-2	0.000000E+0	1.000000E+0	3.000000E+0	1.000000E+0	3.000000E+0	1.000000E+0	2.170000E+2
5.753879E+0	1.600000E+3	1.599100E+0	2.173800E-2	7.356243E+4	1.436700E+5	7.030000E-4	1.010000E-1	5.031500E-1	2.173800E-2	2.314610E+4	1.578947E+4	7.030000E-4	1.110000E-2	5.000000E-2	0.000000E+0	1.000000E+0	3.000000E+0	1.000000E+0	3.000000E+0	1.000000E+0	2.180000E+2
5.777847E+0	1.700000E+3	1.699900E+0	2.312500E-2	7.350919E+4	5.594251E+4	1.809000E-3	1.012000E-1	5.371900E-1	2.312500E-2	2.322984E+4	9.988944E+3	1.809000E-3	1.807000E-2	5.000000E-2	0.000000E+0	1.000000E+0	3.000000E+0	1.000000E+0	3.000000E+0	1.000000E+0	2.190000E+2
5.801599E+0	1.800000E+3	1.798600E+0	2.401200E-2	7.490421E+4	6.266417E+4	1.599000E-3	1.002000E-1	5.746500E-1	2.401200E-2	2.393178E+4	1.183240E+4	1.599000E-3	1.892000E-2	5.000000E-2	0.000000E+0	1.000000E+0	3.000000E+0	1.000000E+0	3.000000E+0	1.000000E+0	2.200000E+2
5.825417E+0	1.900000E+3	1.899800E+0	2.508800E-2	7.572545E+4	-9.232928E+4	-1.069000E-3	9.870000E-2	6.085400E-1	2.508800E-2	2.425622E+4	-1.007484E+4	-1.069000E-3	1.077000E-2	5.000000E-2	0.000000E+0	1.000000E+0	3.000000E+0	1.000000E+0	3.000000E+0	1.000000E+0	2.210000E+2
5.849201E+0	2.000000E+3	1.999300E+0	2.688400E-2	7.436765E+4	5.820469E+4	1.749000E-3	1.018000E-1	6.477500E-1	2.688400E-2	2.409426E+4	6.798170E+3	1.749000E-3	1.189000E-2	5.000000E-2	0.000000E+0	1.000000E+0	3.000000E+0	1.000000E+0	3.000000E+0	1.000000E+0	2.220000E+2
5.873003E+0	2.000000E+3	1.999500E+0	2.716200E-2	7.361387E+4	7.566743E+4	1.311000E-3	9.920000E-2	6.469900E-1	2.716200E-2	2.381967E+4	1.520976E+4	1.311000E-3	1.994000E-2	5.000000E-2	0.000000E+0	1.000000E+0	3.000000E+0	1.000000E+0	3.000000E+0	1.000000E+0	2.230000E+2
5.897104E+0	1.900000E+3	1.899600E+0	2.590200E-2	7.333797E+4	8.229508E+4	1.220000E-3	1.004000E-1	6.179900E-1	2.590200E-2	2.385878E+4	1.352459E+4	1.220000E-3	1.650000E-2	5.000000E-2	0.000000E+0	1.000000E+0	3.000000E+0	1.000000E+0	3.000000E+0	1.000000E+0	2.240000E+2
5.920589E+0	1.800000E+3	1.800300E+0	2.315800E-2	7.773987E+4	7.712062E+4	1.285000E-3	9.910000E-2	5.747400E-1	2.315800E-2	2.481821E+4	8.949416E+3	1.285000E-3	1.150000E-2	5.000000E-2	0.000000E+0	1.000000E+0	3.000000E+0	1.000000E+0	3.000000E+0	1.000000E+0	2.250000E+2
5.944540E+0	1.700000E+3	1.699800E+0	2.379600E-2	7.143217E+4	1.130286E+5	8.750000E-4	9.890000E-2	5.360300E-1	2.379600E-2	2.252605E+4	2.076571E+4	8.750000E-4	1.817000E-2	5.000000E-2	0.000000E+0	1.000000E+0	3.000000E+0	1.000000E+0	3.000000E+0	1.000000E+0	2.260000E+2
5.968341E+0	1.600000E+3	1.599200E+0	2.093400E-2	7.639247E+4	6.635576E+4	1.501000E-3	9.960000E-2	5.071800E-1	2.093400E-2	2.422757E+4	7.908061E+3	1.501000E-3	1.187000E-2	5.000000E-2	0.000000E+0	1.000000E+0	3.000000E+0	1.000000E+0	3.000000E+0	1.000000E+0	2.270000E+2
5.992159E+0	1.500000E+3	1.499900E+0	1.925200E-2	7.790879E+4	2.083333E+5	4.800000E-4	1.000000E-1	4.652700E-1	1.925200E-2	2.416736E+4	3.679167E+4	4.800000E-4	1.766000E-2	5.000000E-2	0.000000E+0	1.000000E+0	3.000000E+0	1.000000E+0	3.000000E+0	1.000000E+0	2.280000E+2
6.016261E+0	1.400000E+3	1.400100E+0	1.871200E-2	7.482364E+4	5.992758E+4	1.657000E-3	9.930000E-2	4.267900E-1	1.871200E-2	2.280836E+4	9.710320E+3	1.657000E-3	1.609000E-2	5.000000E-2	0.000000E+0	1.000000E+0	3.000000E+0	1.000000E+0	3.000000E+0	1.000000E+0	2.290000E+2
6.039862E+0	1.300000E+3	1.299800E+0	1.768800E-2	7.348485E+4	2.414044E+5	4.130000E-4	9.970000E-2	3.985900E-1	1.768800E-2	2.253449E+4	3.699758E+4	4.130000E-4	1.528000E-2	5.000000E-2	0.000000E+0	1.000000E+0	3.000000E+0	1.000000E+0	3.000000E+0	1.000000E+0	2.300000E+2
6.063680E+0	1.200000E+3	1.200500E+0	1.612200E-2	7.446347E+4	6.094421E+4	1.631000E-3	9.940000E-2	3.647800E-1	1.612200E-2	2.262623E+4	1.310239E+4	1.631000E-3	2.137000E-2	5.000000E-2	0.000000E+0	1.000000E+0	3.000000E+0	1.000000E+0	3.000000E+0	1.000000E+0	2.310000E+2
6.087348E+0	1.100000E+3	1.100100E+0	1.436700E-2	7.657131E+4	5.172948E+4	1.937000E-3	1.002000E-1	3.289400E-1	1.436700E-2	2.289552E+4	1.038720E+4	1.937000E-3	2.012000E-2	5.000000E-2	0.000000E+0	1.000000E+0	3.000000E+0	1.000000E+0	3.000000E+0	1.000000E+0	2.320000E+2
6.111166E+0	1.000000E+3	9.997000E-1	1.256400E-2	7.956861E+4	5.435502E+4	1.814000E-3	9.860000E-2	2.986200E-1	1.256400E-2	2.376791E+4	1.001654E+4	1.814000E-3	1.817000E-2	5.000000E-2	0.000000E+0	1.000000E+0	3.000000E+0	1.000000E+0	3.000000E+0	1.000000E+0	2.330000E+2
6.135251E+0	9.000000E+2	8.990000E-1	1.239400E-2	7.253510E+4	6.498054E+4	1.542000E-3	1.002000E-1	2.685300E-1	1.239400E-2	2.166613E+4	1.257458E+4	1.542000E-3	1.939000E-2	5.000000E-2	0.000000E+0	1.000000E+0	3.000000E+0	1.000000E+0	3.000000E+0	1.000000E+0	2.340000E+2
6.159102E+0	8.000000E+2	7.995000E-1	9.726000E-3	8.220234E+4	8.728374E+4	1.156000E-3	1.009000E-1	2.360200E-1	9.726000E-3	2.426691E+4	1.781142E+4	1.156000E-3	2.059000E-2	5.000000E-2	0.000000E+0	1.000000E+0	3.000000E+0	1.000000E+0	3.000000E+0	1.000000E+0	2.350000E+2
6.182870E+0	7.000000E+2	7.001000E-1	1.012700E-2	6.913202E+4	5.350455E+4	1.869000E-3	1.000000E-1	2.055600E-1	1.012700E-2	2.029821E+4	1.112895E+4	1.869000E-3	2.080000E-2	5.000000E-2	0.000000E+0	1.000000E+0	3.000000E+0	1.000000E+0	3.000000E+0	1.000000E+0	2.360000E+2
6.206522E+0	6.000000E+2	6.009000E-1	6.808000E-3	8.826381E+4	7.368421E+4	1.368000E-3	1.008000E-1	1.713200E-1	6.808000E-3	2.516451E+4	1.462719E+4	1.368000E-3	2.001000E-2	5.000000E-2	0.000000E+0	1.000000E+0	3.000000E+0	1.000000E+0	3.000000E+0	1.000000E+0	2.370000E+2
6.230323E+0	5.000000E+2	5.003000E-1	7.396000E-3	6.764467E+4	1.735751E+5	5.790000E-4	1.005000E-1	1.476200E-1	7.396000E-3	1.995944E+4	3.252159E+4	5.790000E-4	1.883000E-2	5.000000E-2	0.000000E+0	1.000000E+0	3.000000E+0	1.000000E+0	3.000000E+0	1.000000E+0	2.380000E+2
6.254424E+0	4.000000E+2	4.001000E-1	4.838000E-3	8.269946E+4	1.108623E+5	8.930000E-4	9.900000E-2	1.114700E-1	4.838000E-3	2.304051E+4	1.708847E+4	8.930000E-4	1.526000E-2	5.000000E-2	0.000000E+0	1.000000E+0	3.000000E+0	1.000000E+0	3.000000E+0	1.000000E+0	2.390000E+2
6.277892E+0	3.000000E+2	2.995000E-1	4.342000E-3	6.897743E+4	6.007194E+4	1.668000E-3	1.002000E-1	8.182000E-2	4.342000E-3	1.884385E+4	1.267986E+4	1.668000E-3	2.115000E-2	5.000000E-2	0.000000E+0	1.000000E+0	3.000000E+0	1.000000E+0	3.000000E+0	1.000000E+0	2.400000E+2
6.302077E+0	2.000000E+2	1.996000E-1	2.785000E-3	7.166966E+4	4.746744E+4	2.073000E-3	9.840000E-2	4.395000E-2	2.785000E-3	1.578097E+4	9.512783E+3	2.073000E-3	1.972000E-2	5.000000E-2	0.000000E+0	1.000000E+0	3.000000E+0	1.000000E+0	3.000000E+0	1.000000E+0	2.410000E+2
6.326412E+0	1.000000E+2	9.930000E-2	1.502000E-3	6.611185E+4	1.383978E+5	7.240000E-4	1.002000E-1	2.016000E-2	1.502000E-3	1.342210E+4	3.030387E+4	7.240000E-4	2.194000E-2	5.000000E-2	0.000000E+0	1.000000E+0	3.000000E+0	1.000000E+0	3.000000E+0	1.000000E+0	2.420000E+2
6.350213E+0	0.000000E+0	6.000000E-4	5.000000E-6	1.200000E+5	4.029067E+4	2.477000E-3	9.980000E-2	-3.140000E-3	5.000000E-6	-6.280000E+5	9.551877E+3	2.477000E-3	2.366000E-2	1.000000E-1	0.000000E+0	1.000000E+0	3.000000E+0	1.000000E+0	3.000000E+0	1.000000E+0	2.430000E+2
6.376098E+0	0.000000E+0	1.900000E-3	-8.400000E-5	-2.261905E+4	1.041797E+5	9.570000E-4	9.970000E-2	-7.610000E-3	-8.400000E-5	9.059524E+4	3.239289E+4	9.570000E-4	3.100000E-2	1.000000E-1	0.000000E+0	1.000000E+0	3.000000E+0	1.000000E+0	3.000000E+0	1.000000E+0	2.440000E+2
6.403833E+0	1.000000E+2	1.006000E-1	4.650000E-4	2.163441E+5	-1.996000E+6	-5.000000E-5	9.980000E-2	3.739000E-2	4.650000E-4	8.040860E+4	-6.252000E+5	-5.000000E-5	3.126000E-2	1.000000E-1	0.000000E+0	1.000000E+0	3.000000E+0	1.000000E+0	3.000000E+0	1.000000E+0	2.450000E+2
6.431668E+0	2.000000E+2	2.006000E-1	2.170000E-3	9.244240E+4	1.066667E+5	9.450000E-4	1.008000E-1	8.095000E-2	2.170000E-3	3.730415E+4	3.556614E+4	9.450000E-4	3.361000E-2	1.000000E-1	0.000000E+0	1.000000E+0	3.000000E+0	1.000000E+0	3.000000E+0	1.000000E+0	2.460000E+2
6.458853E+0	6.000000E+2	6.003000E-1	5.881000E-3	1.020745E+5	8.883026E+4	1.137000E-3	1.010000E-1	2.463800E-1	5.881000E-3	4.189424E+4	2.447669E+4	1.137000E-3	2.783000E-2	1.000000E-1	0.000000E+0	1.000000E+0	3.000000E+0	1.000000E+0	3.000000E+0	1.000000E+0	2.470000E+2
6.485654E+0	1.000000E+3	9.996000E-1	9.684000E-3	1.032218E+5	8.566524E+4	1.165000E-3	9.980000E-2	4.108900E-1	9.684000E-3	4.242978E+4	2.460086E+4	1.165000E-3	2.866000E-2	1.000000E-1	0.000000E+0	1.000000E+0	3.000000E+0	1.000000E+0	3.000000E+0	1.000000E+0	2.480000E+2
6.513289E+0	1.400000E+3	1.399300E+0	1.629900E-2	8.585189E+4	3.272727E+5	3.080000E-4	1.008000E-1	6.029700E-1	1.629900E-2	3.699429E+4	1.125974E+5	3.080000E-4	3.468000E-2	1.000000E-1	0.000000E+0	1.000000E+0	3.000000E+0	1.000000E+0	3.000000E+0	1.000000E+0	2.490000E+2
6.540124E+0	1.800000E+3	1.799700E+0	2.112400E-2	8.519693E+4	1.713073E+5	5.890000E-4	1.009000E-1	7.779500E-1	2.112400E-2	3.682778E+4	3.711375E+4	5.890000E-4	2.186000E-2	1.000000E-1	0.000000E+0	1.000000E+0	3.000000E+0	1.000000E+0	3.000000E+0	1.000000E+0	2.500000E+2
6.567676E+0	2.200000E+3	2.200200E+0	2.561400E-2	8.589834E+4	4.117890E+4	2.426000E-3	9.990000E-2	9.467000E-1	2.561400E-2	3.696026E+4	9.682605E+3	2.426000E-3	2.349000E-2	1.000000E-1	0.000000E+0	1.000000E+0	3.000000E+0	1.000000E+0	3.000000E+0	1.000000E+0	2.510000E+2
6.594527E+0	2.600000E+3	2.600300E+0	3.175900E-2	8.187600E+4	4.924925E+4	1.998000E-3	9.840000E-2	1.149530E+0	3.175900E-2	3.619541E+4	1.161662E+4	1.998000E-3	2.321000E-2	1.000000E-1	0.000000E+0	1.000000E+0	3.000000E+0	1.000000E+0	3.000000E+0	1.000000E+0	2.520000E+2
6.622079E+0	3.000000E+3	2.999600E+0	3.602900E-2	8.325516E+4	7.444279E+4	1.346000E-3	1.002000E-1	1.327990E+0	3.602900E-2	3.685892E+4	1.796434E+4	1.346000E-3	2.418000E-2	1.000000E-1	0.000000E+0	1.000000E+0	3.000000E+0	1.000000E+0	3.000000E+0	1.000000E+0	2.530000E+2
6.648947E+0	3.400000E+3	3.399000E+0	4.240900E-2	8.014808E+4	2.100840E+5	4.760000E-4	1.000000E-1	1.515880E+0	4.240900E-2	3.574430E+4	3.037815E+4	4.760000E-4	1.446000E-2	1.000000E-1	0.000000E+0	1.000000E+0	3.000000E+0	1.000000E+0	3.000000E+0	1.000000E+0	2.540000E+2
6.676732E+0	3.800000E+3	3.799500E+0	4.914000E-2	7.731990E+4	1.286079E+5	7.830000E-4	1.007000E-1	1.700020E+0	4.914000E-2	3.459544E+4	2.163474E+4	7.830000E-4	1.694000E-2	1.000000E-1	0.000000E+0	1.000000E+0	3.000000E+0	1.000000E+0	3.000000E+0	1.000000E+0	2.550000E+2
