Tiempo (min)	I pulso(mA)	Vinst 1 (V)	Iinst 1 (mA)	Rinst 1(Ohm)	Rrem 1 (Ohm)	Ibias 1 (mA)	Vbias 1 (V)	Vinst 2 (V)	Iinst 2 (mA)	Rinst 2(Ohm)	Rrem 2 (Ohm)	Ibias 2 (mA)	Vbias 2 (V)	Ancho pulso (s)	Periodo (s)	Icc 1 (mA)	Vcc 1 (V)	Icc 2 (mA)	Vcc 2 (V)	2W 1?	N6.590210E-1	1.000000E+0	7.000000E-4	1.020000E-2	6.862745E+1	6.575163E+3	1.530000E-2	1.006000E-1	-7.654000E-2	1.020000E-2	-7.503922E+3	-3.042484E+3	1.530000E-2	-4.655000E-2	1.000000E-4	0.000000E+0	1.000000E+2	1.000000E+1	1.000000E+2	1.000000E+1	1.000000E+0	1.000000E+0
6.805889E-1	2.100000E+1	2.220000E-2	1.350000E-2	1.644444E+3	6.493506E+3	1.540000E-2	1.000000E-1	-3.905000E-2	1.350000E-2	-2.892593E+3	-2.389610E+3	1.540000E-2	-3.680000E-2	1.000000E-4	0.000000E+0	1.000000E+2	1.000000E+1	1.000000E+2	1.000000E+1	1.000000E+0	2.000000E+0
7.023068E-1	4.100000E+1	4.080000E-2	1.060000E-2	3.849057E+3	6.965035E+3	1.430000E-2	9.960000E-2	-4.019000E-2	1.060000E-2	-3.791509E+3	-2.902797E+3	1.430000E-2	-4.151000E-2	1.000000E-4	0.000000E+0	1.000000E+2	1.000000E+1	1.000000E+2	1.000000E+1	1.000000E+0	3.000000E+0
7.237414E-1	6.100000E+1	6.050000E-2	9.000000E-3	6.722222E+3	6.738255E+3	1.490000E-2	1.004000E-1	-4.111000E-2	9.000000E-3	-4.567778E+3	-2.812752E+3	1.490000E-2	-4.191000E-2	1.000000E-4	0.000000E+0	1.000000E+2	1.000000E+1	1.000000E+2	1.000000E+1	1.000000E+0	4.000000E+0
7.450926E-1	8.100000E+1	8.020000E-2	1.630000E-2	4.920245E+3	8.594828E+3	1.160000E-2	9.970000E-2	-3.720000E-2	1.630000E-2	-2.282209E+3	-3.585345E+3	1.160000E-2	-4.159000E-2	1.000000E-4	0.000000E+0	1.000000E+2	1.000000E+1	1.000000E+2	1.000000E+1	1.000000E+0	5.000000E+0
7.663438E-1	1.010000E+2	1.025000E-1	1.290000E-2	7.945736E+3	6.512987E+3	1.540000E-2	1.003000E-1	-4.015000E-2	1.290000E-2	-3.112403E+3	-2.585065E+3	1.540000E-2	-3.981000E-2	1.000000E-4	0.000000E+0	1.000000E+2	1.000000E+1	1.000000E+2	1.000000E+1	1.000000E+0	6.000000E+0
7.876117E-1	1.210000E+2	1.218000E-1	1.370000E-2	8.890511E+3	6.133333E+3	1.650000E-2	1.012000E-1	-3.858000E-2	1.370000E-2	-2.816058E+3	-2.381818E+3	1.650000E-2	-3.930000E-2	1.000000E-4	0.000000E+0	1.000000E+2	1.000000E+1	1.000000E+2	1.000000E+1	1.000000E+0	7.000000E+0
8.088463E-1	1.410000E+2	1.406000E-1	1.430000E-2	9.832168E+3	7.385185E+3	1.350000E-2	9.970000E-2	-3.895000E-2	1.430000E-2	-2.723776E+3	-3.342222E+3	1.350000E-2	-4.512000E-2	1.000000E-4	0.000000E+0	1.000000E+2	1.000000E+1	1.000000E+2	1.000000E+1	1.000000E+0	8.000000E+0
8.300808E-1	1.610000E+2	1.620000E-1	1.930000E-2	8.393782E+3	6.345912E+3	1.590000E-2	1.009000E-1	-4.249000E-2	1.930000E-2	-2.201554E+3	-2.774843E+3	1.590000E-2	-4.412000E-2	1.000000E-4	0.000000E+0	1.000000E+2	1.000000E+1	1.000000E+2	1.000000E+1	1.000000E+0	9.000000E+0
8.512487E-1	1.810000E+2	1.821000E-1	1.420000E-2	1.282394E+4	6.439490E+3	1.570000E-2	1.011000E-1	-4.167000E-2	1.420000E-2	-2.934507E+3	-2.780892E+3	1.570000E-2	-4.366000E-2	1.000000E-4	0.000000E+0	1.000000E+2	1.000000E+1	1.000000E+2	1.000000E+1	1.000000E+0	1.000000E+1
8.724999E-1	2.010000E+2	2.014000E-1	1.510000E-2	1.333775E+4	1.021212E+4	9.900000E-3	1.011000E-1	-4.078000E-2	1.510000E-2	-2.700662E+3	-4.246465E+3	9.900000E-3	-4.204000E-2	1.000000E-4	0.000000E+0	1.000000E+2	1.000000E+1	1.000000E+2	1.000000E+1	1.000000E+0	1.100000E+1
8.937678E-1	2.210000E+2	2.204000E-1	1.490000E-2	1.479195E+4	7.952381E+3	1.260000E-2	1.002000E-1	-4.102000E-2	1.490000E-2	-2.753020E+3	-3.455556E+3	1.260000E-2	-4.354000E-2	1.000000E-4	0.000000E+0	1.000000E+2	1.000000E+1	1.000000E+2	1.000000E+1	1.000000E+0	1.200000E+1
9.153024E-1	2.410000E+2	2.414000E-1	1.570000E-2	1.537580E+4	6.882759E+3	1.450000E-2	9.980000E-2	-3.740000E-2	1.570000E-2	-2.382166E+3	-2.608276E+3	1.450000E-2	-3.782000E-2	1.000000E-4	0.000000E+0	1.000000E+2	1.000000E+1	1.000000E+2	1.000000E+1	1.000000E+0	1.300000E+1
9.367036E-1	2.610000E+2	2.609000E-1	1.530000E-2	1.705229E+4	8.423729E+3	1.180000E-2	9.940000E-2	-4.185000E-2	1.530000E-2	-2.735294E+3	-3.663559E+3	1.180000E-2	-4.323000E-2	1.000000E-4	0.000000E+0	1.000000E+2	1.000000E+1	1.000000E+2	1.000000E+1	1.000000E+0	1.400000E+1
9.579715E-1	2.810000E+2	2.805000E-1	1.960000E-2	1.431122E+4	7.000000E+3	1.450000E-2	1.015000E-1	-4.027000E-2	1.960000E-2	-2.054592E+3	-2.711724E+3	1.450000E-2	-3.932000E-2	1.000000E-4	0.000000E+0	1.000000E+2	1.000000E+1	1.000000E+2	1.000000E+1	1.000000E+0	1.500000E+1
9.792227E-1	3.010000E+2	3.018000E-1	1.810000E-2	1.667403E+4	8.403361E+3	1.190000E-2	1.000000E-1	-3.983000E-2	1.810000E-2	-2.200552E+3	-3.352101E+3	1.190000E-2	-3.989000E-2	1.000000E-4	0.000000E+0	1.000000E+2	1.000000E+1	1.000000E+2	1.000000E+1	1.000000E+0	1.600000E+1
1.000674E+0	3.210000E+2	3.213000E-1	1.930000E-2	1.664767E+4	7.078014E+3	1.410000E-2	9.980000E-2	-3.732000E-2	1.930000E-2	-1.933679E+3	-2.551773E+3	1.410000E-2	-3.598000E-2	1.000000E-4	0.000000E+0	1.000000E+2	1.000000E+1	1.000000E+2	1.000000E+1	1.000000E+0	1.700000E+1
1.022008E+0	3.410000E+2	3.406000E-1	1.680000E-2	2.027381E+4	7.826772E+3	1.270000E-2	9.940000E-2	-3.958000E-2	1.680000E-2	-2.355952E+3	-2.896850E+3	1.270000E-2	-3.679000E-2	1.000000E-4	0.000000E+0	1.000000E+2	1.000000E+1	1.000000E+2	1.000000E+1	1.000000E+0	1.800000E+1
1.043243E+0	3.610000E+2	3.623000E-1	1.480000E-2	2.447973E+4	8.073171E+3	1.230000E-2	9.930000E-2	-4.036000E-2	1.480000E-2	-2.727027E+3	-2.930894E+3	1.230000E-2	-3.605000E-2	1.000000E-4	0.000000E+0	1.000000E+2	1.000000E+1	1.000000E+2	1.000000E+1	1.000000E+0	1.900000E+1
1.064461E+0	3.810000E+2	3.807000E-1	1.970000E-2	1.932487E+4	8.416667E+3	1.200000E-2	1.010000E-1	-3.626000E-2	1.970000E-2	-1.840609E+3	-3.142500E+3	1.200000E-2	-3.771000E-2	1.000000E-4	0.000000E+0	1.000000E+2	1.000000E+1	1.000000E+2	1.000000E+1	1.000000E+0	2.000000E+1
1.085762E+0	4.010000E+2	4.009000E-1	1.840000E-2	2.178804E+4	7.880000E+3	1.250000E-2	9.850000E-2	-4.216000E-2	1.840000E-2	-2.291304E+3	-2.839200E+3	1.250000E-2	-3.549000E-2	1.000000E-4	0.000000E+0	1.000000E+2	1.000000E+1	1.000000E+2	1.000000E+1	1.000000E+0	2.100000E+1
1.106947E+0	4.210000E+2	4.213000E-1	1.950000E-2	2.160513E+4	7.007092E+3	1.410000E-2	9.880000E-2	-3.776000E-2	1.950000E-2	-1.936410E+3	-2.919149E+3	1.410000E-2	-4.116000E-2	1.000000E-4	0.000000E+0	1.000000E+2	1.000000E+1	1.000000E+2	1.000000E+1	1.000000E+0	2.200000E+1
1.127831E+0	4.410000E+2	4.413000E-1	1.800000E-2	2.451667E+4	8.064516E+3	1.240000E-2	1.000000E-1	-3.614000E-2	1.800000E-2	-2.007778E+3	-3.345161E+3	1.240000E-2	-4.148000E-2	1.000000E-4	0.000000E+0	1.000000E+2	1.000000E+1	1.000000E+2	1.000000E+1	1.000000E+0	2.300000E+1
1.149182E+0	4.610000E+2	4.607000E-1	2.060000E-2	2.236408E+4	7.713178E+3	1.290000E-2	9.950000E-2	-3.776000E-2	2.060000E-2	-1.833010E+3	-2.685271E+3	1.290000E-2	-3.464000E-2	1.000000E-4	0.000000E+0	1.000000E+2	1.000000E+1	1.000000E+2	1.000000E+1	1.000000E+0	2.400000E+1
1.170450E+0	4.810000E+2	4.811000E-1	2.520000E-2	1.909127E+4	9.027273E+3	1.100000E-2	9.930000E-2	-3.540000E-2	2.520000E-2	-1.404762E+3	-3.677273E+3	1.100000E-2	-4.045000E-2	1.000000E-4	0.000000E+0	1.000000E+2	1.000000E+1	1.000000E+2	1.000000E+1	1.000000E+0	2.500000E+1
1.191768E+0	5.000000E+2	5.005000E-1	2.380000E-2	2.102941E+4	6.234568E+3	1.620000E-2	1.010000E-1	-4.077000E-2	2.380000E-2	-1.713025E+3	-2.185185E+3	1.620000E-2	-3.540000E-2	1.000000E-4	0.000000E+0	1.000000E+2	1.000000E+1	1.000000E+2	1.000000E+1	1.000000E+0	2.600000E+1
1.213136E+0	4.800000E+2	4.814000E-1	2.440000E-2	1.972951E+4	7.590909E+3	1.320000E-2	1.002000E-1	-3.486000E-2	2.440000E-2	-1.428689E+3	-2.856818E+3	1.320000E-2	-3.771000E-2	1.000000E-4	0.000000E+0	1.000000E+2	1.000000E+1	1.000000E+2	1.000000E+1	1.000000E+0	2.700000E+1
1.234354E+0	4.600000E+2	4.593000E-1	2.250000E-2	2.041333E+4	8.081301E+3	1.230000E-2	9.940000E-2	-3.283000E-2	2.250000E-2	-1.459111E+3	-2.727642E+3	1.230000E-2	-3.355000E-2	1.000000E-4	0.000000E+0	1.000000E+2	1.000000E+1	1.000000E+2	1.000000E+1	1.000000E+0	2.800000E+1
1.255222E+0	4.400000E+2	4.399000E-1	1.940000E-2	2.267526E+4	7.429630E+3	1.350000E-2	1.003000E-1	-3.292000E-2	1.940000E-2	-1.696907E+3	-2.548148E+3	1.350000E-2	-3.440000E-2	1.000000E-4	0.000000E+0	1.000000E+2	1.000000E+1	1.000000E+2	1.000000E+1	1.000000E+0	2.900000E+1
1.276656E+0	4.200000E+2	4.194000E-1	1.850000E-2	2.267027E+4	9.181818E+3	1.100000E-2	1.010000E-1	-3.720000E-2	1.850000E-2	-2.010811E+3	-3.238182E+3	1.100000E-2	-3.562000E-2	1.000000E-4	0.000000E+0	1.000000E+2	1.000000E+1	1.000000E+2	1.000000E+1	1.000000E+0	3.000000E+1
1.297958E+0	4.000000E+2	4.011000E-1	1.940000E-2	2.067526E+4	7.425373E+3	1.340000E-2	9.950000E-2	-3.582000E-2	1.940000E-2	-1.846392E+3	-2.522388E+3	1.340000E-2	-3.380000E-2	1.000000E-4	0.000000E+0	1.000000E+2	1.000000E+1	1.000000E+2	1.000000E+1	1.000000E+0	3.100000E+1
1.319342E+0	3.800000E+2	3.801000E-1	1.660000E-2	2.289759E+4	7.210145E+3	1.380000E-2	9.950000E-2	-3.532000E-2	1.660000E-2	-2.127711E+3	-2.681159E+3	1.380000E-2	-3.700000E-2	1.000000E-4	0.000000E+0	1.000000E+2	1.000000E+1	1.000000E+2	1.000000E+1	1.000000E+0	3.200000E+1
1.340593E+0	3.600000E+2	3.598000E-1	1.610000E-2	2.234783E+4	6.320755E+3	1.590000E-2	1.005000E-1	-3.630000E-2	1.610000E-2	-2.254658E+3	-1.981132E+3	1.590000E-2	-3.150000E-2	1.000000E-4	0.000000E+0	1.000000E+2	1.000000E+1	1.000000E+2	1.000000E+1	1.000000E+0	3.300000E+1
1.361778E+0	3.400000E+2	3.382000E-1	1.760000E-2	1.921591E+4	8.452991E+3	1.170000E-2	9.890000E-2	-3.303000E-2	1.760000E-2	-1.876705E+3	-3.079487E+3	1.170000E-2	-3.603000E-2	1.000000E-4	0.000000E+0	1.000000E+2	1.000000E+0	1.000000E+2	1.000000E+1	1.000000E+0	3.400000E+1
1.383029E+0	3.200000E+2	3.201000E-1	1.750000E-2	1.829143E+4	8.308333E+3	1.200000E-2	9.970000E-2	-3.802000E-2	1.750000E-2	-2.172571E+3	-2.636667E+3	1.200000E-2	-3.164000E-2	1.000000E-4	0.000000E+0	1.000000E+2	1.000000E+0	1.000000E+2	1.000000E+1	1.000000E+0	3.500000E+1
1.404247E+0	3.000000E+2	3.002000E-1	1.970000E-2	1.523858E+4	6.708609E+3	1.510000E-2	1.013000E-1	-3.197000E-2	1.970000E-2	-1.622843E+3	-2.254967E+3	1.510000E-2	-3.405000E-2	1.000000E-4	0.000000E+0	1.000000E+2	1.000000E+0	1.000000E+2	1.000000E+1	1.000000E+0	3.600000E+1
1.425448E+0	2.800000E+2	2.800000E-1	1.440000E-2	1.944444E+4	7.556391E+3	1.330000E-2	1.005000E-1	-2.798000E-2	1.440000E-2	-1.943056E+3	-2.728571E+3	1.330000E-2	-3.629000E-2	1.000000E-4	0.000000E+0	1.000000E+2	1.000000E+0	1.000000E+2	1.000000E+1	1.000000E+0	3.700000E+1
1.446816E+0	2.600000E+2	2.590000E-1	1.200000E-2	2.158333E+4	8.264463E+3	1.210000E-2	1.000000E-1	-3.757000E-2	1.200000E-2	-3.130833E+3	-2.880165E+3	1.210000E-2	-3.485000E-2	1.000000E-4	0.000000E+0	1.000000E+2	1.000000E+0	1.000000E+2	1.000000E+1	1.000000E+0	3.800000E+1
1.468067E+0	2.400000E+2	2.403000E-1	1.440000E-2	1.668750E+4	9.373832E+3	1.070000E-2	1.003000E-1	-3.550000E-2	1.440000E-2	-2.465278E+3	-2.579439E+3	1.070000E-2	-2.760000E-2	1.000000E-4	0.000000E+0	1.000000E+2	1.000000E+0	1.000000E+2	1.000000E+1	1.000000E+0	3.900000E+1
1.489585E+0	2.200000E+2	2.208000E-1	1.540000E-2	1.433766E+4	6.588235E+3	1.530000E-2	1.008000E-1	-3.176000E-2	1.540000E-2	-2.062338E+3	-1.806536E+3	1.530000E-2	-2.764000E-2	1.000000E-4	0.000000E+0	1.000000E+2	1.000000E+0	1.000000E+2	1.000000E+1	1.000000E+0	4.000000E+1
1.510420E+0	2.000000E+2	1.991000E-1	1.480000E-2	1.345270E+4	1.105556E+4	9.000000E-3	9.950000E-2	-3.272000E-2	1.480000E-2	-2.210811E+3	-2.015556E+2	9.000000E-3	-1.814000E-3	1.000000E-4	0.000000E+0	1.000000E+2	1.000000E+0	1.000000E+2	1.000000E+0	1.000000E+0	4.100000E+1
1.531721E+0	1.800000E+2	1.808000E-1	1.040000E-2	1.738462E+4	9.711538E+3	1.040000E-2	1.010000E-1	-1.639000E-3	1.040000E-2	-1.575962E+2	-2.268269E+2	1.040000E-2	-2.359000E-3	1.000000E-4	0.000000E+0	1.000000E+2	1.000000E+0	1.000000E+2	1.000000E+0	1.000000E+0	4.200000E+1
1.555439E+0	1.600000E+2	1.601000E-1	1.250000E-2	1.280800E+4	4.871921E+4	2.030000E-3	9.890000E-2	-2.112000E-3	1.250000E-2	-1.689600E+2	-2.551724E+2	2.030000E-3	-5.180000E-4	1.000000E-4	0.000000E+0	1.000000E+1	1.000000E+0	1.000000E+2	1.000000E+0	1.000000E+0	4.300000E+1
1.577090E+0	1.400000E+2	1.399000E-1	4.240000E-3	3.299528E+4	2.622047E+4	3.810000E-3	9.990000E-2	-6.270000E-4	4.240000E-3	-1.478774E+2	-1.443570E+1	3.810000E-3	-5.500000E-5	1.000000E-4	0.000000E+0	1.000000E+1	1.000000E+0	1.000000E+1	1.000000E+0	1.000000E+0	4.400000E+1
1.598308E+0	1.200000E+2	1.199000E-1	2.070000E-3	5.792271E+4	4.733333E+4	2.100000E-3	9.940000E-2	-4.450000E-4	2.070000E-3	-2.149758E+2	-1.880952E+2	2.100000E-3	-3.950000E-4	1.000000E-4	0.000000E+0	1.000000E+1	1.000000E+0	1.000000E+1	1.000000E+0	1.000000E+0	4.500000E+1
1.619943E+0	1.000000E+2	9.920000E-2	2.090000E-3	4.746411E+4	3.141509E+4	3.180000E-3	9.990000E-2	-8.700000E-4	2.090000E-3	-4.162679E+2	6.383648E+1	3.180000E-3	2.030000E-4	1.000000E-4	0.000000E+0	1.000000E+1	1.000000E+0	1.000000E+1	1.000000E+0	1.000000E+0	4.600000E+1
1.641144E+0	8.000000E+1	8.090000E-2	1.330000E-3	6.082707E+4	3.618182E+4	2.750000E-3	9.950000E-2	-9.730000E-4	1.330000E-3	-7.315789E+2	-4.101818E+2	2.750000E-3	-1.128000E-3	1.000000E-4	0.000000E+0	1.000000E+1	1.000000E+0	1.000000E+1	1.000000E+0	1.000000E+0	4.700000E+1
1.662695E+0	6.000000E+1	6.060000E-2	1.800000E-4	3.366667E+5	4.761905E+4	2.100000E-3	1.000000E-1	-1.791000E-3	1.800000E-4	-9.950000E+3	-5.666667E+2	2.100000E-3	-1.190000E-3	1.000000E-4	0.000000E+0	1.000000E+1	1.000000E+0	1.000000E+1	1.000000E+0	1.000000E+0	4.800000E+1
1.683713E+0	4.000000E+1	3.970000E-2	2.400000E-4	1.654167E+5	3.118380E+4	3.210000E-3	1.001000E-1	-6.570000E-4	2.400000E-4	-2.737500E+3	-3.043614E+2	3.210000E-3	-9.770000E-4	1.000000E-4	0.000000E+0	1.000000E+1	1.000000E+0	1.000000E+1	1.000000E+0	1.000000E+0	4.900000E+1
1.705581E+0	2.000000E+1	1.970000E-2	1.120000E-3	1.758929E+4	3.544484E+4	2.810000E-3	9.960000E-2	-8.340000E-4	1.120000E-3	-7.446429E+2	-1.259786E+2	2.810000E-3	-3.540000E-4	1.000000E-4	0.000000E+0	1.000000E+1	1.000000E+0	1.000000E+1	1.000000E+0	1.000000E+0	5.000000E+1
1.726599E+0	0.000000E+0	-5.000000E-4	4.000000E-4	-1.250000E+3	3.156740E+4	3.190000E-3	1.007000E-1	-2.860000E-4	4.000000E-4	-7.150000E+2	1.025078E+2	3.190000E-3	3.270000E-4	1.000000E-4	0.000000E+0	1.000000E+1	1.000000E+0	1.000000E+1	1.000000E+0	1.000000E+0	5.100000E+1
1.748417E+0	-2.000000E+1	-1.930000E-2	3.900000E-4	-4.948718E+4	5.917647E+4	1.700000E-3	1.006000E-1	-8.300000E-5	3.900000E-4	-2.128205E+2	-8.270588E+2	1.700000E-3	-1.406000E-3	1.000000E-4	0.000000E+0	1.000000E+1	1.000000E+0	1.000000E+1	1.000000E+0	1.000000E+0	5.200000E+1
1.769535E+0	-4.000000E+1	-4.020000E-2	7.300000E-4	-5.506849E+4	3.731343E+4	2.680000E-3	1.000000E-1	-1.218000E-3	7.300000E-4	-1.668493E+3	1.373134E+2	2.680000E-3	3.680000E-4	1.000000E-4	0.000000E+0	1.000000E+1	1.000000E+0	1.000000E+1	1.000000E+0	1.000000E+0	5.300000E+1
1.791719E+0	-6.000000E+1	-5.940000E-2	-8.500000E-4	6.988235E+4	4.291845E+4	2.330000E-3	1.000000E-1	-5.510000E-4	-8.500000E-4	6.482353E+2	5.635193E+2	2.330000E-3	1.313000E-3	1.000000E-4	0.000000E+0	1.000000E+1	1.000000E+0	1.000000E+1	1.000000E+0	1.000000E+0	5.400000E+1
1.812904E+0	-8.000000E+1	-7.960000E-2	-1.900000E-3	4.189474E+4	2.873926E+4	3.490000E-3	1.003000E-1	-2.700000E-4	-1.900000E-3	1.421053E+2	-1.859599E+2	3.490000E-3	-6.490000E-4	1.000000E-4	0.000000E+0	1.000000E+1	1.000000E+0	1.000000E+1	1.000000E+0	1.000000E+0	5.500000E+1
1.835022E+0	-1.000000E+2	-1.001000E-1	-7.400000E-4	1.352703E+5	4.448430E+4	2.230000E-3	9.920000E-2	-1.345000E-3	-7.400000E-4	1.817568E+3	2.112108E+2	2.230000E-3	4.710000E-4	1.000000E-4	0.000000E+0	1.000000E+1	1.000000E+0	1.000000E+1	1.000000E+0	1.000000E+0	5.600000E+1
1.856206E+0	-1.200000E+2	-1.193000E-1	-3.150000E-3	3.787302E+4	3.778195E+4	2.660000E-3	1.005000E-1	-1.317000E-3	-3.150000E-3	4.180952E+2	1.875940E+2	2.660000E-3	4.990000E-4	1.000000E-4	0.000000E+0	1.000000E+1	1.000000E+0	1.000000E+1	1.000000E+0	1.000000E+0	5.700000E+1
1.878507E+0	-1.400000E+2	-1.397000E-1	-2.190000E-3	6.378995E+4	3.383333E+4	3.000000E-3	1.015000E-1	-5.630000E-4	-2.190000E-3	2.570776E+2	3.333333E-1	3.000000E-3	1.000000E-6	1.000000E-4	0.000000E+0	1.000000E+1	1.000000E+0	1.000000E+1	1.000000E+0	1.000000E+0	5.800000E+1
1.899559E+0	-1.600000E+2	-1.604000E-1	-2.430000E-3	6.600823E+4	9.990000E+4	1.000000E-3	9.990000E-2	-4.010000E-4	-2.430000E-3	1.650206E+2	-4.000000E+0	1.000000E-3	-4.000000E-6	1.000000E-4	0.000000E+0	1.000000E+1	1.000000E+0	1.000000E+1	1.000000E+0	1.000000E+0	5.900000E+1
1.921343E+0	-1.800000E+2	-1.805000E-1	-3.500000E-3	5.157143E+4	3.895349E+4	2.580000E-3	1.005000E-1	-1.370000E-4	-3.500000E-3	3.914286E+1	2.453488E+2	2.580000E-3	6.330000E-4	1.000000E-4	0.000000E+0	1.000000E+1	1.000000E+0	1.000000E+1	1.000000E+0	1.000000E+0	6.000000E+1
1.942478E+0	-2.000000E+2	-1.992000E-1	-3.600000E-3	5.533333E+4	3.371237E+4	2.990000E-3	1.008000E-1	-6.610000E-4	-3.600000E-3	1.836111E+2	-2.481605E+2	2.990000E-3	-7.420000E-4	1.000000E-4	0.000000E+0	1.000000E+1	1.000000E+0	1.000000E+1	1.000000E+0	1.000000E+0	6.100000E+1
1.964829E+0	-2.200000E+2	-2.204000E-1	-3.040000E-3	7.250000E+4	7.792308E+4	1.300000E-3	1.013000E-1	-2.880000E-4	-3.040000E-3	9.473684E+1	3.623077E+2	1.300000E-3	4.710000E-4	1.000000E-4	0.000000E+0	1.000000E+1	1.000000E+0	1.000000E+1	1.000000E+0	1.000000E+0	6.200000E+1
1.986114E+0	-2.400000E+2	-2.393000E-1	-3.460000E-3	6.916185E+4	5.538043E+4	1.840000E-3	1.019000E-1	-4.000000E-5	-3.460000E-3	1.156069E+1	4.347826E+1	1.840000E-3	8.000000E-5	1.000000E-4	0.000000E+0	1.000000E+1	1.000000E+0	1.000000E+1	1.000000E+0	1.000000E+0	6.300000E+1
2.008332E+0	-2.600000E+2	-2.604000E-1	-5.030000E-3	5.176938E+4	3.283388E+4	3.070000E-3	1.008000E-1	2.560000E-4	-5.030000E-3	-5.089463E+1	7.980456E+1	3.070000E-3	2.450000E-4	1.000000E-4	0.000000E+0	1.000000E+1	1.000000E+0	1.000000E+1	1.000000E+0	1.000000E+0	6.400000E+1
2.029383E+0	-2.800000E+2	-2.787000E-1	-5.490000E-3	5.076503E+4	2.613158E+4	3.800000E-3	9.930000E-2	5.710000E-4	-5.490000E-3	-1.040073E+2	1.710526E+1	3.800000E-3	6.500000E-5	1.000000E-4	0.000000E+0	1.000000E+1	1.000000E+0	1.000000E+1	1.000000E+0	1.000000E+0	6.500000E+1
2.051117E+0	-3.000000E+2	-3.000000E-1	-6.420000E-3	4.672897E+4	4.482301E+4	2.260000E-3	1.013000E-1	-5.000000E-6	-6.420000E-3	7.788162E-1	4.278761E+2	2.260000E-3	9.670000E-4	1.000000E-4	0.000000E+0	1.000000E+1	1.000000E+0	1.000000E+1	1.000000E+0	1.000000E+0	6.600000E+1
2.072102E+0	-3.200000E+2	-3.206000E-1	-5.920000E-3	5.415541E+4	3.474048E+4	2.890000E-3	1.004000E-1	1.940000E-4	-5.920000E-3	-3.277027E+1	1.217993E+2	2.890000E-3	3.520000E-4	1.000000E-4	0.000000E+0	1.000000E+1	1.000000E+0	1.000000E+1	1.000000E+0	1.000000E+0	6.700000E+1
2.094203E+0	-3.400000E+2	-3.401000E-1	-5.370000E-3	6.333333E+4	2.919075E+4	3.460000E-3	1.010000E-1	5.370000E-4	-5.370000E-3	-1.000000E+2	1.476879E+2	3.460000E-3	5.110000E-4	1.000000E-4	0.000000E+0	1.000000E+1	1.000000E+0	1.000000E+1	1.000000E+0	1.000000E+0	6.800000E+1
2.115188E+0	-3.600000E+2	-3.597000E-1	-7.180000E-3	5.009749E+4	3.764045E+4	2.670000E-3	1.005000E-1	1.140000E-3	-7.180000E-3	-1.587744E+2	7.445693E+2	2.670000E-3	1.988000E-3	1.000000E-4	0.000000E+0	1.000000E+1	1.000000E+0	1.000000E+1	1.000000E+0	1.000000E+0	6.900000E+1
2.136839E+0	-3.800000E+2	-3.797000E-1	-8.430000E-3	4.504152E+4	3.233766E+4	3.080000E-3	9.960000E-2	1.440000E-3	-8.430000E-3	-1.708185E+2	2.811688E+2	3.080000E-3	8.660000E-4	1.000000E-4	0.000000E+0	1.000000E+1	1.000000E+0	1.000000E+1	1.000000E+0	1.000000E+0	7.000000E+1
2.157723E+0	-4.000000E+2	-4.013000E-1	-7.980000E-3	5.028822E+4	1.210976E+5	8.200000E-4	9.930000E-2	1.070000E-4	-7.980000E-3	-1.340852E+1	3.804878E+2	8.200000E-4	3.120000E-4	1.000000E-4	0.000000E+0	1.000000E+1	1.000000E+0	1.000000E+1	1.000000E+0	1.000000E+0	7.100000E+1
2.179408E+0	-4.200000E+2	-4.196000E-1	-7.810000E-3	5.372599E+4	3.165605E+4	3.140000E-3	9.940000E-2	5.600000E-5	-7.810000E-3	-7.170294E+0	9.968153E+1	3.140000E-3	3.130000E-4	1.000000E-4	0.000000E+0	1.000000E+1	1.000000E+0	1.000000E+1	1.000000E+0	1.000000E+0	7.200000E+1
2.200559E+0	-4.400000E+2	-4.406000E-1	-8.580000E-3	5.135198E+4	3.475862E+4	2.900000E-3	1.008000E-1	1.441000E-3	-8.580000E-3	-1.679487E+2	3.775862E+2	2.900000E-3	1.095000E-3	1.000000E-4	0.000000E+0	1.000000E+1	1.000000E+0	1.000000E+1	1.000000E+0	1.000000E+0	7.300000E+1
2.222394E+0	-4.600000E+2	-4.600000E-1	-9.120000E-3	5.043860E+4	3.665468E+4	2.780000E-3	1.019000E-1	1.465000E-3	-9.120000E-3	-1.606360E+2	5.996403E+2	2.780000E-3	1.667000E-3	1.000000E-4	0.000000E+0	1.000000E+1	1.000000E+0	1.000000E+1	1.000000E+0	1.000000E+0	7.400000E+1
2.243612E+0	-4.800000E+2	-4.796000E-1	-9.520000E-3	5.037815E+4	3.631769E+4	2.770000E-3	1.006000E-1	6.840000E-4	-9.520000E-3	-7.184874E+1	3.093863E+2	2.770000E-3	8.570000E-4	1.000000E-4	0.000000E+0	1.000000E+1	1.000000E+0	1.000000E+1	1.000000E+0	1.000000E+0	7.500000E+1
2.265663E+0	-5.000000E+2	-5.002000E-1	-8.950000E-3	5.588827E+4	3.775281E+4	2.670000E-3	1.008000E-1	3.970000E-4	-8.950000E-3	-4.435754E+1	5.569288E+2	2.670000E-3	1.487000E-3	1.000000E-4	0.000000E+0	1.000000E+1	1.000000E+0	1.000000E+1	1.000000E+0	1.000000E+0	7.600000E+1
2.286797E+0	-5.000000E+2	-5.013000E-1	-1.007000E-2	4.978153E+4	4.619266E+4	2.180000E-3	1.007000E-1	3.130000E-4	-1.007000E-2	-3.108242E+1	5.779817E+1	2.180000E-3	1.260000E-4	1.000000E-4	0.000000E+0	1.000000E+1	1.000000E+0	1.000000E+1	1.000000E+0	1.000000E+0	7.700000E+1
2.308432E+0	-4.800000E+2	-4.798000E-1	-1.012000E-2	4.741107E+4	4.126531E+4	2.450000E-3	1.011000E-1	9.680000E-4	-1.012000E-2	-9.565217E+1	2.371429E+2	2.450000E-3	5.810000E-4	1.000000E-4	0.000000E+0	1.000000E+1	1.000000E+0	1.000000E+1	1.000000E+0	1.000000E+0	7.800000E+1
2.329733E+0	-4.600000E+2	-4.604000E-1	-8.470000E-3	5.435655E+4	4.171548E+4	2.390000E-3	9.970000E-2	1.007000E-3	-8.470000E-3	-1.188902E+2	5.728033E+2	2.390000E-3	1.369000E-3	1.000000E-4	0.000000E+0	1.000000E+1	1.000000E+0	1.000000E+1	1.000000E+0	1.000000E+0	7.900000E+1
2.351868E+0	-4.400000E+2	-4.416000E-1	-8.260000E-3	5.346247E+4	4.575342E+4	2.190000E-3	1.002000E-1	6.680000E-4	-8.260000E-3	-8.087167E+1	2.607306E+2	2.190000E-3	5.710000E-4	1.000000E-4	0.000000E+0	1.000000E+1	1.000000E+0	1.000000E+1	1.000000E+0	1.000000E+0	8.000000E+1
2.373119E+0	-4.200000E+2	-4.207000E-1	-8.130000E-3	5.174662E+4	2.488834E+4	4.030000E-3	1.003000E-1	1.091000E-3	-8.130000E-3	-1.341943E+2	4.235732E+2	4.030000E-3	1.707000E-3	1.000000E-4	0.000000E+0	1.000000E+1	1.000000E+0	1.000000E+1	1.000000E+0	1.000000E+0	8.100000E+1
2.394654E+0	-4.000000E+2	-4.013000E-1	-7.740000E-3	5.184755E+4	3.510490E+4	2.860000E-3	1.004000E-1	1.140000E-3	-7.740000E-3	-1.472868E+2	6.230769E+2	2.860000E-3	1.782000E-3	1.000000E-4	0.000000E+0	1.000000E+1	1.000000E+0	1.000000E+1	1.000000E+0	1.000000E+0	8.200000E+1
2.415688E+0	-3.800000E+2	-3.803000E-1	-7.750000E-3	4.907097E+4	4.369565E+4	2.300000E-3	1.005000E-1	2.017000E-3	-7.750000E-3	-2.602581E+2	7.665217E+2	2.300000E-3	1.763000E-3	1.000000E-4	0.000000E+0	1.000000E+1	1.000000E+0	1.000000E+1	1.000000E+0	1.000000E+0	8.300000E+1
2.437323E+0	-3.600000E+2	-3.602000E-1	-7.020000E-3	5.131054E+4	3.906977E+4	2.580000E-3	1.008000E-1	2.777000E-3	-7.020000E-3	-3.955840E+2	7.251938E+2	2.580000E-3	1.871000E-3	1.000000E-4	0.000000E+0	1.000000E+1	1.000000E+0	1.000000E+1	1.000000E+0	1.000000E+0	8.400000E+1
2.458341E+0	-3.400000E+2	-3.397000E-1	-6.840000E-3	4.966374E+4	3.324415E+4	2.990000E-3	9.940000E-2	1.605000E-3	-6.840000E-3	-2.346491E+2	9.331104E+2	2.990000E-3	2.790000E-3	1.000000E-4	0.000000E+0	1.000000E+1	1.000000E+0	1.000000E+1	1.000000E+0	1.000000E+0	8.500000E+1
2.480059E+0	-3.200000E+2	-3.195000E-1	-6.180000E-3	5.169903E+4	6.059880E+4	1.670000E-3	1.012000E-1	1.740000E-3	-6.180000E-3	-2.815534E+2	1.175449E+3	1.670000E-3	1.963000E-3	1.000000E-4	0.000000E+0	1.000000E+1	1.000000E+0	1.000000E+1	1.000000E+0	1.000000E+0	8.600000E+1
2.501243E+0	-3.000000E+2	-3.007000E-1	-5.430000E-3	5.537753E+4	3.042683E+4	3.280000E-3	9.980000E-2	7.020000E-4	-5.430000E-3	-1.292818E+2	8.902439E+2	3.280000E-3	2.920000E-3	1.000000E-4	0.000000E+0	1.000000E+1	1.000000E+0	1.000000E+1	1.000000E+0	1.000000E+0	8.700000E+1
2.523394E+0	-2.800000E+2	-2.797000E-1	-5.450000E-3	5.132110E+4	6.993007E+4	1.430000E-3	1.000000E-1	2.854000E-3	-5.450000E-3	-5.236697E+2	2.773427E+3	1.430000E-3	3.966000E-3	1.000000E-4	0.000000E+0	1.000000E+1	1.000000E+0	1.000000E+1	1.000000E+0	1.000000E+0	8.800000E+1
2.544346E+0	-2.600000E+2	-2.605000E-1	-5.070000E-3	5.138067E+4	3.412969E+4	2.930000E-3	1.000000E-1	2.828000E-3	-5.070000E-3	-5.577909E+2	6.406143E+2	2.930000E-3	1.877000E-3	1.000000E-4	0.000000E+0	1.000000E+1	1.000000E+0	1.000000E+1	1.000000E+0	1.000000E+0	8.900000E+1
2.566080E+0	-2.400000E+2	-2.397000E-1	-4.710000E-3	5.089172E+4	1.380822E+5	7.300000E-4	1.008000E-1	2.624000E-3	-4.710000E-3	-5.571125E+2	3.469863E+3	7.300000E-4	2.533000E-3	1.000000E-4	0.000000E+0	1.000000E+1	1.000000E+0	1.000000E+1	1.000000E+0	1.000000E+0	9.000000E+1
2.587148E+0	-2.200000E+2	-2.190000E-1	-3.190000E-3	6.865204E+4	4.750000E+4	2.120000E-3	1.007000E-1	2.670000E-3	-3.190000E-3	-8.369906E+2	1.450472E+3	2.120000E-3	3.075000E-3	1.000000E-4	0.000000E+0	1.000000E+0	1.000000E+0	1.000000E+1	1.000000E+0	1.000000E+0	9.100000E+1
2.609016E+0	-2.000000E+2	-2.003000E-1	-3.014000E-3	6.645654E+4	6.154321E+4	1.620000E-3	9.970000E-2	3.078000E-3	-3.014000E-3	-1.021234E+3	1.462963E+3	1.620000E-3	2.370000E-3	1.000000E-4	0.000000E+0	1.000000E+0	1.000000E+0	1.000000E+1	1.000000E+0	1.000000E+0	9.200000E+1
2.630084E+0	-1.800000E+2	-1.804000E-1	-4.294000E-3	4.201211E+4	5.130568E+4	1.953000E-3	1.002000E-1	2.711000E-3	-4.294000E-3	-6.313461E+2	1.868920E+3	1.953000E-3	3.650000E-3	1.000000E-4	0.000000E+0	1.000000E+0	1.000000E+0	1.000000E+0	1.000000E+0	1.000000E+0	9.300000E+1
2.651718E+0	-1.600000E+2	-1.588000E-1	-3.832000E-3	4.144050E+4	6.173219E+4	1.628000E-3	1.005000E-1	3.451000E-3	-3.832000E-3	-9.005741E+2	1.527641E+3	1.628000E-3	2.487000E-3	1.000000E-4	0.000000E+0	1.000000E+0	1.000000E+0	1.000000E+0	1.000000E+0	1.000000E+0	9.400000E+1
2.672820E+0	-1.400000E+2	-1.405000E-1	-3.123000E-3	4.498879E+4	3.213820E+4	3.068000E-3	9.860000E-2	2.487000E-3	-3.123000E-3	-7.963497E+2	1.186441E+3	3.068000E-3	3.640000E-3	1.000000E-4	0.000000E+0	1.000000E+0	1.000000E+0	1.000000E+0	1.000000E+0	1.000000E+0	9.500000E+1
2.695037E+0	-1.200000E+2	-1.207000E-1	-2.217000E-3	5.444294E+4	4.743346E+4	2.104000E-3	9.980000E-2	3.006000E-3	-2.217000E-3	-1.355886E+3	7.162548E+2	2.104000E-3	1.507000E-3	1.000000E-4	0.000000E+0	1.000000E+0	1.000000E+0	1.000000E+0	1.000000E+0	1.000000E+0	9.600000E+1
2.716122E+0	-1.000000E+2	-1.000000E-1	-2.117000E-3	4.723666E+4	6.056935E+4	1.651000E-3	1.000000E-1	2.405000E-3	-2.117000E-3	-1.136042E+3	2.097517E+3	1.651000E-3	3.463000E-3	1.000000E-4	0.000000E+0	1.000000E+0	1.000000E+0	1.000000E+0	1.000000E+0	1.000000E+0	9.700000E+1
2.737807E+0	-8.000000E+1	-8.000000E-2	-2.832000E-3	2.824859E+4	3.722655E+4	2.697000E-3	1.004000E-1	2.848000E-3	-2.832000E-3	-1.005650E+3	7.445310E+2	2.697000E-3	2.008000E-3	1.000000E-4	0.000000E+0	1.000000E+0	1.000000E+0	1.000000E+0	1.000000E+0	1.000000E+0	9.800000E+1
2.758858E+0	-6.000000E+1	-6.040000E-2	-7.540000E-4	8.010610E+4	5.864486E+4	1.712000E-3	1.004000E-1	3.390000E-3	-7.540000E-4	-4.496021E+3	2.352220E+3	1.712000E-3	4.027000E-3	1.000000E-4	0.000000E+0	1.000000E+0	1.000000E+0	1.000000E+0	1.000000E+0	1.000000E+0	9.900000E+1
2.780726E+0	-4.000000E+1	-4.030000E-2	-7.020000E-4	5.740741E+4	3.962040E+4	2.529000E-3	1.002000E-1	3.540000E-3	-7.020000E-4	-5.042735E+3	1.280743E+3	2.529000E-3	3.239000E-3	1.000000E-4	0.000000E+0	1.000000E+0	1.000000E+0	1.000000E+0	1.000000E+0	1.000000E+0	1.000000E+2
2.801810E+0	-2.000000E+1	-2.000000E-2	-5.380000E-4	3.717472E+4	6.180685E+4	1.605000E-3	9.920000E-2	3.341000E-3	-5.380000E-4	-6.210037E+3	2.259813E+3	1.605000E-3	3.627000E-3	1.000000E-4	0.000000E+0	1.000000E+0	1.000000E+0	1.000000E+0	1.000000E+0	1.000000E+0	1.010000E+2
2.823478E+0	0.000000E+0	2.000000E-4	-3.610000E-4	-5.540166E+2	1.157407E+5	8.640000E-4	1.000000E-1	3.658000E-3	-3.610000E-4	-1.013296E+4	5.151620E+3	8.640000E-4	4.451000E-3	1.000000E-4	0.000000E+0	1.000000E+0	1.000000E+0	1.000000E+0	1.000000E+0	1.000000E+0	1.020000E+2
2.844746E+0	2.000000E+1	2.120000E-2	2.580000E-4	8.217054E+4	1.022610E+5	9.730000E-4	9.950000E-2	3.033000E-3	2.580000E-4	1.175581E+4	3.463515E+3	9.730000E-4	3.370000E-3	1.000000E-4	0.000000E+0	1.000000E+0	1.000000E+0	1.000000E+0	1.000000E+0	1.000000E+0	1.030000E+2
2.866914E+0	4.000000E+1	4.040000E-2	1.951000E-3	2.070733E+4	7.564297E+4	1.322000E-3	1.000000E-1	3.353000E-3	1.951000E-3	1.718606E+3	3.096067E+3	1.322000E-3	4.093000E-3	1.000000E-4	0.000000E+0	1.000000E+0	1.000000E+0	1.000000E+0	1.000000E+0	1.000000E+0	1.040000E+2
2.888132E+0	6.000000E+1	6.070000E-2	1.477000E-3	4.109682E+4	5.966487E+4	1.671000E-3	9.970000E-2	3.033000E-3	1.477000E-3	2.053487E+3	2.008378E+3	1.671000E-3	3.356000E-3	1.000000E-4	0.000000E+0	1.000000E+0	1.000000E+0	1.000000E+0	1.000000E+0	1.000000E+0	1.050000E+2
2.910333E+0	8.000000E+1	8.170000E-2	1.843000E-3	4.432990E+4	5.056065E+4	1.962000E-3	9.920000E-2	2.366000E-3	1.843000E-3	1.283776E+3	1.363914E+3	1.962000E-3	2.676000E-3	1.000000E-4	0.000000E+0	1.000000E+0	1.000000E+0	1.000000E+0	1.000000E+0	1.000000E+0	1.060000E+2
2.931634E+0	1.000000E+2	9.900000E-2	2.050000E-3	4.829268E+4	6.558018E+4	1.534000E-3	1.006000E-1	4.089000E-3	2.050000E-3	1.994634E+3	2.750978E+3	1.534000E-3	4.220000E-3	1.000000E-4	0.000000E+0	1.000000E+0	1.000000E+0	1.000000E+0	1.000000E+0	1.000000E+0	1.070000E+2
2.954002E+0	1.200000E+2	1.198000E-1	3.310000E-3	3.619335E+4	4.461264E+4	2.246000E-3	1.002000E-1	3.402000E-3	3.310000E-3	1.027795E+3	1.836598E+3	2.246000E-3	4.125000E-3	1.000000E-4	0.000000E+0	1.000000E+0	1.000000E+0	1.000000E+0	1.000000E+0	1.000000E+0	1.080000E+2
2.975037E+0	1.400000E+2	1.393000E-1	2.971000E-3	4.688657E+4	1.391667E+5	7.200000E-4	1.002000E-1	3.965000E-3	2.971000E-3	1.334567E+3	3.550000E+3	7.200000E-4	2.556000E-3	1.000000E-4	0.000000E+0	1.000000E+0	1.000000E+0	1.000000E+0	1.000000E+0	1.000000E+0	1.090000E+2
2.996888E+0	1.600000E+2	1.593000E-1	2.744000E-3	5.805394E+4	5.481400E+4	1.828000E-3	1.002000E-1	3.265000E-3	2.744000E-3	1.189869E+3	2.001641E+3	1.828000E-3	3.659000E-3	1.000000E-4	0.000000E+0	1.000000E+0	1.000000E+0	1.000000E+0	1.000000E+0	1.000000E+0	1.100000E+2
3.018139E+0	1.800000E+2	1.810000E-1	4.130000E-3	4.382567E+4	5.216000E+4	1.875000E-3	9.780000E-2	3.832000E-3	4.130000E-3	9.278450E+2	1.719467E+3	1.875000E-3	3.224000E-3	1.000000E-4	0.000000E+0	1.000000E+0	1.000000E+0	1.000000E+0	1.000000E+0	1.000000E+0	1.110000E+2
3.040307E+0	2.000000E+2	1.993000E-1	3.139000E-3	6.349156E+4	7.723005E+4	1.278000E-3	9.870000E-2	4.518000E-3	3.139000E-3	1.439312E+3	3.618936E+3	1.278000E-3	4.625000E-3	1.000000E-4	0.000000E+0	1.000000E+0	1.000000E+0	1.000000E+0	1.000000E+0	1.000000E+0	1.120000E+2
3.061592E+0	2.200000E+2	2.203000E-1	3.586000E-3	6.143335E+4	2.866151E+4	3.489000E-3	1.000000E-1	4.141000E-3	3.586000E-3	1.154769E+3	1.149613E+3	3.489000E-3	4.011000E-3	1.000000E-4	0.000000E+0	1.000000E+0	1.000000E+0	1.000000E+0	1.000000E+0	1.000000E+0	1.130000E+2
3.083776E+0	2.400000E+2	2.400000E-1	5.403000E-3	4.441977E+4	6.364796E+4	1.568000E-3	9.980000E-2	4.785000E-3	5.403000E-3	8.856191E+2	2.660714E+3	1.568000E-3	4.172000E-3	1.000000E-4	0.000000E+0	1.000000E+0	1.000000E+0	1.000000E+0	1.000000E+0	1.000000E+0	1.140000E+2
3.104944E+0	2.600000E+2	2.607000E-1	5.378000E-3	4.847527E+4	7.209302E+4	1.376000E-3	9.920000E-2	4.666000E-3	5.378000E-3	8.676088E+2	3.308866E+3	1.376000E-3	4.553000E-3	1.000000E-4	0.000000E+0	1.000000E+0	1.000000E+0	1.000000E+0	1.000000E+0	1.000000E+0	1.150000E+2
3.126762E+0	2.800000E+2	2.787000E-1	5.552000E-3	5.019813E+4	1.422096E+5	7.060000E-4	1.004000E-1	4.658000E-3	5.552000E-3	8.389769E+2	5.671388E+3	7.060000E-4	4.004000E-3	1.000000E-4	0.000000E+0	1.000000E+0	1.000000E+0	1.000000E+0	1.000000E+0	1.000000E+0	1.160000E+2
3.147730E+0	3.000000E+2	2.995000E-1	5.622000E-3	5.327286E+4	3.312123E+4	2.986000E-3	9.890000E-2	4.489000E-3	5.622000E-3	7.984703E+2	1.364702E+3	2.986000E-3	4.075000E-3	1.000000E-4	0.000000E+0	1.000000E+0	1.000000E+0	1.000000E+0	1.000000E+0	1.000000E+0	1.170000E+2
3.169431E+0	3.200000E+2	3.205000E-1	5.954000E-3	5.382936E+4	6.733467E+4	1.497000E-3	1.008000E-1	4.226000E-3	5.954000E-3	7.097749E+2	2.577822E+3	1.497000E-3	3.859000E-3	1.000000E-4	0.000000E+0	1.000000E+0	1.000000E+0	1.000000E+0	1.000000E+0	1.000000E+0	1.180000E+2
3.190766E+0	3.400000E+2	3.403000E-1	7.498000E-3	4.538544E+4	3.532513E+4	2.845000E-3	1.005000E-1	3.361000E-3	7.498000E-3	4.482529E+2	1.374692E+3	2.845000E-3	3.911000E-3	1.000000E-4	0.000000E+0	1.000000E+0	1.000000E+0	1.000000E+0	1.000000E+0	1.000000E+0	1.190000E+2
3.212967E+0	3.600000E+2	3.598000E-1	8.328000E-3	4.320365E+4	4.761680E+4	2.119000E-3	1.009000E-1	4.031000E-3	8.328000E-3	4.840298E+2	2.038226E+3	2.119000E-3	4.319000E-3	1.000000E-4	0.000000E+0	1.000000E+0	1.000000E+0	1.000000E+0	1.000000E+0	1.000000E+0	1.200000E+2
3.234202E+0	3.800000E+2	3.799000E-1	7.546000E-3	5.034455E+4	5.143885E+4	1.946000E-3	1.001000E-1	3.541000E-3	7.546000E-3	4.692552E+2	1.937821E+3	1.946000E-3	3.771000E-3	1.000000E-4	0.000000E+0	1.000000E+0	1.000000E+0	1.000000E+0	1.000000E+0	1.000000E+0	1.210000E+2
3.256236E+0	4.000000E+2	3.987000E-1	7.584000E-3	5.257120E+4	5.692927E+4	1.739000E-3	9.900000E-2	3.807000E-3	7.584000E-3	5.019778E+2	2.059229E+3	1.739000E-3	3.581000E-3	1.000000E-4	0.000000E+0	1.000000E+0	1.000000E+0	1.000000E+0	1.000000E+0	1.000000E+0	1.220000E+2
3.277287E+0	4.200000E+2	4.203000E-1	8.097000E-3	5.190811E+4	6.403340E+4	1.557000E-3	9.970000E-2	4.209000E-3	8.097000E-3	5.198222E+2	2.105973E+3	1.557000E-3	3.279000E-3	1.000000E-4	0.000000E+0	1.000000E+0	1.000000E+0	1.000000E+0	1.000000E+0	1.000000E+0	1.230000E+2
3.299022E+0	4.400000E+2	4.402000E-1	8.424000E-3	5.225546E+4	1.756477E+5	5.790000E-4	1.017000E-1	3.996000E-3	8.424000E-3	4.743590E+2	6.559585E+3	5.790000E-4	3.798000E-3	1.000000E-4	0.000000E+0	1.000000E+0	1.000000E+0	1.000000E+0	1.000000E+0	1.000000E+0	1.240000E+2
3.320273E+0	4.600000E+2	4.595000E-1	9.352000E-3	4.913388E+4	4.946026E+4	2.038000E-3	1.008000E-1	4.844000E-3	9.352000E-3	5.179641E+2	2.450932E+3	2.038000E-3	4.995000E-3	1.000000E-4	0.000000E+0	1.000000E+0	1.000000E+0	1.000000E+0	1.000000E+0	1.000000E+0	1.250000E+2
3.341824E+0	4.800000E+2	4.797000E-1	1.017000E-2	4.716814E+4	8.089888E+4	1.246000E-3	1.008000E-1	5.046000E-3	1.017000E-2	4.961652E+2	3.431782E+3	1.246000E-3	4.276000E-3	1.000000E-4	0.000000E+0	1.000000E+0	1.000000E+0	1.000000E+0	1.000000E+0	1.000000E+0	1.260000E+2
3.362909E+0	5.000000E+2	5.000000E-1	1.047500E-2	4.773270E+4	4.841193E+4	2.078000E-3	1.006000E-1	4.807000E-3	1.047500E-2	4.589021E+2	1.653994E+3	2.078000E-3	3.437000E-3	1.000000E-4	0.000000E+0	1.000000E+0	1.000000E+0	1.000000E+0	1.000000E+0	1.000000E+0	1.270000E+2
3.384677E+0	5.000000E+2	4.997000E-1	1.100800E-2	4.539426E+4	5.885447E+4	1.711000E-3	1.007000E-1	5.316000E-3	1.100800E-2	4.829215E+2	2.767972E+3	1.711000E-3	4.736000E-3	1.000000E-4	0.000000E+0	1.000000E+0	1.000000E+0	1.000000E+0	1.000000E+0	1.000000E+0	1.280000E+2
3.405895E+0	4.800000E+2	4.808000E-1	1.076300E-2	4.467156E+4	1.076674E+5	9.260000E-4	9.970000E-2	4.755000E-3	1.076300E-2	4.417913E+2	5.227862E+3	9.260000E-4	4.841000E-3	1.000000E-4	0.000000E+0	1.000000E+0	1.000000E+0	1.000000E+0	1.000000E+0	1.000000E+0	1.290000E+2
3.427446E+0	4.600000E+2	4.591000E-1	9.412000E-3	4.877816E+4	7.993656E+4	1.261000E-3	1.008000E-1	4.351000E-3	9.412000E-3	4.622822E+2	3.601110E+3	1.261000E-3	4.541000E-3	1.000000E-4	0.000000E+0	1.000000E+0	1.000000E+0	1.000000E+0	1.000000E+0	1.000000E+0	1.300000E+2
3.448731E+0	4.400000E+2	4.402000E-1	9.175000E-3	4.797820E+4	1.171893E+5	8.610000E-4	1.009000E-1	5.518000E-3	9.175000E-3	6.014169E+2	5.876887E+3	8.610000E-4	5.060000E-3	1.000000E-4	0.000000E+0	1.000000E+0	1.000000E+0	1.000000E+0	1.000000E+0	1.000000E+0	1.310000E+2
3.470265E+0	4.200000E+2	4.197000E-1	8.165000E-3	5.140233E+4	3.236528E+4	3.099000E-3	1.003000E-1	4.487000E-3	8.165000E-3	5.495407E+2	1.186512E+3	3.099000E-3	3.677000E-3	1.000000E-4	0.000000E+0	1.000000E+0	1.000000E+0	1.000000E+0	1.000000E+0	1.000000E+0	1.320000E+2
3.491383E+0	4.000000E+2	4.011000E-1	7.226000E-3	5.550789E+4	1.431010E+5	7.030000E-4	1.006000E-1	4.562000E-3	7.226000E-3	6.313313E+2	9.186344E+3	7.030000E-4	6.458000E-3	1.000000E-4	0.000000E+0	1.000000E+0	1.000000E+0	1.000000E+0	1.000000E+0	1.000000E+0	1.330000E+2
3.513018E+0	3.800000E+2	3.808000E-1	7.444000E-3	5.115529E+4	6.693280E+4	1.503000E-3	1.006000E-1	5.413000E-3	7.444000E-3	7.271628E+2	3.662675E+3	1.503000E-3	5.505000E-3	1.000000E-4	0.000000E+0	1.000000E+0	1.000000E+0	1.000000E+0	1.000000E+0	1.000000E+0	1.340000E+2
3.534085E+0	3.600000E+2	3.602000E-1	7.104000E-3	5.070383E+4	3.900513E+4	2.533000E-3	9.880000E-2	6.642000E-3	7.104000E-3	9.349662E+2	1.992104E+3	2.533000E-3	5.046000E-3	1.000000E-4	0.000000E+0	1.000000E+0	1.000000E+0	1.000000E+0	1.000000E+0	1.000000E+0	1.350000E+2
3.555770E+0	3.400000E+2	3.393000E-1	6.503000E-3	5.217592E+4	8.281250E+4	1.216000E-3	1.007000E-1	3.881000E-3	6.503000E-3	5.968015E+2	3.939967E+3	1.216000E-3	4.791000E-3	1.000000E-4	0.000000E+0	1.000000E+0	1.000000E+0	1.000000E+0	1.000000E+0	1.000000E+0	1.360000E+2
3.577088E+0	3.200000E+2	3.207000E-1	7.356000E-3	4.359706E+4	3.701780E+4	2.696000E-3	9.980000E-2	4.148000E-3	7.356000E-3	5.638934E+2	1.501113E+3	2.696000E-3	4.047000E-3	1.000000E-4	0.000000E+0	1.000000E+0	1.000000E+0	1.000000E+0	1.000000E+0	1.000000E+0	1.370000E+2
3.598622E+0	3.000000E+2	2.997000E-1	5.471000E-3	5.477975E+4	4.505396E+4	2.224000E-3	1.002000E-1	4.503000E-3	5.471000E-3	8.230671E+2	2.177158E+3	2.224000E-3	4.842000E-3	1.000000E-4	0.000000E+0	1.000000E+0	1.000000E+0	1.000000E+0	1.000000E+0	1.000000E+0	1.380000E+2
3.619724E+0	2.800000E+2	2.801000E-1	6.365000E-3	4.400628E+4	4.477612E+4	2.211000E-3	9.900000E-2	4.931000E-3	6.365000E-3	7.747054E+2	2.247852E+3	2.211000E-3	4.970000E-3	1.000000E-4	0.000000E+0	1.000000E+0	1.000000E+0	1.000000E+0	1.000000E+0	1.000000E+0	1.390000E+2
3.641542E+0	2.600000E+2	2.596000E-1	5.468000E-3	4.747623E+4	4.711992E+4	2.118000E-3	9.980000E-2	5.716000E-3	5.468000E-3	1.045355E+3	2.120869E+3	2.118000E-3	4.492000E-3	1.000000E-4	0.000000E+0	1.000000E+0	1.000000E+0	1.000000E+0	1.000000E+0	1.000000E+0	1.400000E+2
3.662793E+0	2.400000E+2	2.404000E-1	5.511000E-3	4.362185E+4	4.572474E+4	2.187000E-3	1.000000E-1	4.720000E-3	5.511000E-3	8.564689E+2	2.192501E+3	2.187000E-3	4.795000E-3	1.000000E-4	0.000000E+0	1.000000E+0	1.000000E+0	1.000000E+0	1.000000E+0	1.000000E+0	1.410000E+2
3.684877E+0	2.200000E+2	2.198000E-1	3.395000E-3	6.474227E+4	6.295836E+4	1.609000E-3	1.013000E-1	5.790000E-3	3.395000E-3	1.705449E+3	3.136731E+3	1.609000E-3	5.047000E-3	1.000000E-4	0.000000E+0	1.000000E+0	1.000000E+0	1.000000E+0	1.000000E+0	1.000000E+0	1.420000E+2
3.705895E+0	2.000000E+2	2.001000E-1	5.149000E-3	3.886191E+4	3.793627E+4	2.636000E-3	1.000000E-1	5.748000E-3	5.149000E-3	1.116333E+3	1.846737E+3	2.636000E-3	4.868000E-3	1.000000E-4	0.000000E+0	1.000000E+0	1.000000E+0	1.000000E+0	1.000000E+0	1.000000E+0	1.430000E+2
3.728530E+0	1.800000E+2	1.802000E-1	4.648000E-3	3.876936E+4	1.407616E+5	7.090000E-4	9.980000E-2	6.047000E-3	4.648000E-3	1.300990E+3	7.286319E+3	7.090000E-4	5.166000E-3	1.000000E-4	0.000000E+0	1.000000E+0	1.000000E+0	1.000000E+0	1.000000E+0	1.000000E+0	1.440000E+2
3.749464E+0	1.600000E+2	1.594000E-1	2.408000E-3	6.619601E+4	3.734271E+4	2.702000E-3	1.009000E-1	5.385000E-3	2.408000E-3	2.236296E+3	2.094004E+3	2.702000E-3	5.658000E-3	1.000000E-4	0.000000E+0	1.000000E+0	1.000000E+0	1.000000E+0	1.000000E+0	1.000000E+0	1.450000E+2
3.771016E+0	1.400000E+2	1.394000E-1	2.332000E-3	5.977702E+4	4.284483E+4	2.320000E-3	9.940000E-2	5.340000E-3	2.332000E-3	2.289880E+3	2.352155E+3	2.320000E-3	5.457000E-3	1.000000E-4	0.000000E+0	1.000000E+0	1.000000E+0	1.000000E+0	1.000000E+0	1.000000E+0	1.460000E+2
3.792100E+0	1.200000E+2	1.204000E-1	1.860000E-3	6.473118E+4	4.049253E+4	2.477000E-3	1.003000E-1	5.755000E-3	1.860000E-3	3.094086E+3	2.107388E+3	2.477000E-3	5.220000E-3	1.000000E-4	0.000000E+0	1.000000E+0	1.000000E+0	1.000000E+0	1.000000E+0	1.000000E+0	1.470000E+2
3.813751E+0	1.000000E+2	9.960000E-2	7.330000E-4	1.358799E+5	5.088161E+4	1.985000E-3	1.010000E-1	5.587000E-3	7.330000E-4	7.622101E+3	2.941058E+3	1.985000E-3	5.838000E-3	1.000000E-4	0.000000E+0	1.000000E+0	1.000000E+0	1.000000E+0	1.000000E+0	1.000000E+0	1.480000E+2
3.834803E+0	8.000000E+1	8.010000E-2	1.551000E-3	5.164410E+4	4.100572E+4	2.446000E-3	1.003000E-1	5.807000E-3	1.551000E-3	3.744036E+3	2.288635E+3	2.446000E-3	5.598000E-3	1.000000E-4	0.000000E+0	1.000000E+0	1.000000E+0	1.000000E+0	1.000000E+0	1.000000E+0	1.490000E+2
3.856654E+0	6.000000E+1	6.040000E-2	3.900000E-4	1.548718E+5	5.404255E+4	1.880000E-3	1.016000E-1	5.549000E-3	3.900000E-4	1.422821E+4	3.084043E+3	1.880000E-3	5.798000E-3	1.000000E-4	0.000000E+0	1.000000E+0	1.000000E+0	1.000000E+0	1.000000E+0	1.000000E+0	1.500000E+2
3.877772E+0	4.000000E+1	3.930000E-2	7.450000E-4	5.275168E+4	5.058703E+4	1.959000E-3	9.910000E-2	5.514000E-3	7.450000E-4	7.401342E+3	3.102093E+3	1.959000E-3	6.077000E-3	1.000000E-4	0.000000E+0	1.000000E+0	1.000000E+0	1.000000E+0	1.000000E+0	1.000000E+0	1.510000E+2
3.899573E+0	2.000000E+1	2.020000E-2	3.110000E-4	6.495177E+4	3.416442E+4	2.968000E-3	1.014000E-1	5.511000E-3	3.110000E-4	1.772026E+4	2.056267E+3	2.968000E-3	6.103000E-3	1.000000E-4	0.000000E+0	1.000000E+0	1.000000E+0	1.000000E+0	1.000000E+0	1.000000E+0	1.520000E+2
3.920808E+0	0.000000E+0	-8.000000E-4	-1.567000E-3	5.105297E+2	3.946952E+4	2.526000E-3	9.970000E-2	5.811000E-3	-1.567000E-3	-3.708360E+3	2.344814E+3	2.526000E-3	5.923000E-3	1.000000E-4	0.000000E+0	1.000000E+0	1.000000E+0	1.000000E+0	1.000000E+0	1.000000E+0	1.530000E+2
3.942842E+0	-2.000000E+1	-2.010000E-2	-1.094000E-3	1.837294E+4	5.213148E+4	1.947000E-3	1.015000E-1	6.334000E-3	-1.094000E-3	-5.789762E+3	3.426810E+3	1.947000E-3	6.672000E-3	1.000000E-4	0.000000E+0	1.000000E+0	1.000000E+0	1.000000E+0	1.000000E+0	1.000000E+0	1.540000E+2
3.964210E+0	-4.000000E+1	-3.920000E-2	-1.709000E-3	2.293739E+4	4.132130E+4	2.437000E-3	1.007000E-1	6.095000E-3	-1.709000E-3	-3.566413E+3	2.772261E+3	2.437000E-3	6.756000E-3	1.000000E-4	0.000000E+0	1.000000E+0	1.000000E+0	1.000000E+0	1.000000E+0	1.000000E+0	1.550000E+2
3.986445E+0	-6.000000E+1	-5.830000E-2	-8.390000E-4	6.948749E+4	4.414730E+4	2.281000E-3	1.007000E-1	5.966000E-3	-8.390000E-4	-7.110846E+3	2.966243E+3	2.281000E-3	6.766000E-3	1.000000E-4	0.000000E+0	1.000000E+0	1.000000E+0	1.000000E+0	1.000000E+0	1.000000E+0	1.560000E+2
4.007463E+0	-8.000000E+1	-8.090000E-2	-2.021000E-3	4.002969E+4	5.587744E+4	1.795000E-3	1.003000E-1	5.894000E-3	-2.021000E-3	-2.916378E+3	2.917549E+3	1.795000E-3	5.237000E-3	1.000000E-4	0.000000E+0	1.000000E+0	1.000000E+0	1.000000E+0	1.000000E+0	1.000000E+0	1.570000E+2
4.029314E+0	-1.000000E+2	-9.940000E-2	-2.925000E-3	3.398291E+4	7.466863E+4	1.358000E-3	1.014000E-1	6.276000E-3	-2.925000E-3	-2.145641E+3	4.921944E+3	1.358000E-3	6.684000E-3	1.000000E-4	0.000000E+0	1.000000E+0	1.000000E+0	1.000000E+0	1.000000E+0	1.000000E+0	1.580000E+2
4.050548E+0	-1.200000E+2	-1.210000E-1	-2.922000E-3	4.140999E+4	4.907045E+4	2.044000E-3	1.003000E-1	5.613000E-3	-2.922000E-3	-1.920945E+3	3.251468E+3	2.044000E-3	6.646000E-3	1.000000E-4	0.000000E+0	1.000000E+0	1.000000E+0	1.000000E+0	1.000000E+0	1.000000E+0	1.590000E+2
4.072666E+0	-1.400000E+2	-1.401000E-1	-4.170000E-3	3.359712E+4	6.260924E+4	1.602000E-3	1.003000E-1	5.295000E-3	-4.170000E-3	-1.269784E+3	3.718477E+3	1.602000E-3	5.957000E-3	1.000000E-4	0.000000E+0	1.000000E+0	1.000000E+0	1.000000E+0	1.000000E+0	1.000000E+0	1.600000E+2
4.094001E+0	-1.600000E+2	-1.597000E-1	-4.659000E-3	3.427774E+4	9.813360E+4	1.018000E-3	9.990000E-2	5.838000E-3	-4.659000E-3	-1.253059E+3	5.954813E+3	1.018000E-3	6.062000E-3	1.000000E-4	0.000000E+0	1.000000E+0	1.000000E+0	1.000000E+0	1.000000E+0	1.000000E+0	1.610000E+2
4.116069E+0	-1.800000E+2	-1.792000E-1	-3.662000E-3	4.893501E+4	5.012481E+4	2.003000E-3	1.004000E-1	5.935000E-3	-3.662000E-3	-1.620699E+3	3.148777E+3	2.003000E-3	6.307000E-3	1.000000E-4	0.000000E+0	1.000000E+0	1.000000E+0	1.000000E+0	1.000000E+0	1.000000E+0	1.620000E+2
4.137203E+0	-2.000000E+2	-2.004000E-1	-4.152000E-3	4.826590E+4	4.749053E+4	2.112000E-3	1.003000E-1	5.443000E-3	-4.152000E-3	-1.310934E+3	2.231061E+3	2.112000E-3	4.712000E-3	1.000000E-4	0.000000E+0	1.000000E+0	1.000000E+0	1.000000E+0	1.000000E+0	1.000000E+0	1.630000E+2
4.159388E+0	-2.200000E+2	-2.197000E-1	-4.330000E-3	5.073903E+4	2.254505E+5	4.440000E-4	1.001000E-1	6.161000E-3	-4.330000E-3	-1.422864E+3	1.463288E+4	4.440000E-4	6.497000E-3	1.000000E-4	0.000000E+0	1.000000E+0	1.000000E+0	1.000000E+0	1.000000E+0	1.000000E+0	1.640000E+2
4.180506E+0	-2.400000E+2	-2.403000E-1	-5.090000E-3	4.721022E+4	1.167053E+5	8.620000E-4	1.006000E-1	5.727000E-3	-5.090000E-3	-1.125147E+3	7.206497E+3	8.620000E-4	6.212000E-3	1.000000E-4	0.000000E+0	1.000000E+0	1.000000E+0	1.000000E+0	1.000000E+0	1.000000E+0	1.650000E+2
4.202157E+0	-2.600000E+2	-2.598000E-1	-6.076000E-3	4.275839E+4	1.249691E+5	8.090000E-4	1.011000E-1	6.017000E-3	-6.076000E-3	-9.902897E+2	8.566131E+3	8.090000E-4	6.930000E-3	1.000000E-4	0.000000E+0	1.000000E+0	1.000000E+0	1.000000E+0	1.000000E+0	1.000000E+0	1.660000E+2
4.223242E+0	-2.800000E+2	-2.802000E-1	-6.351000E-3	4.411904E+4	5.456035E+4	1.831000E-3	9.990000E-2	5.983000E-3	-6.351000E-3	-9.420564E+2	3.297652E+3	1.831000E-3	6.038000E-3	1.000000E-4	0.000000E+0	1.000000E+0	1.000000E+0	1.000000E+0	1.000000E+0	1.000000E+0	1.670000E+2
4.244993E+0	-3.000000E+2	-3.002000E-1	-5.898000E-3	5.089861E+4	6.397953E+4	1.563000E-3	1.000000E-1	5.213000E-3	-5.898000E-3	-8.838589E+2	4.259117E+3	1.563000E-3	6.657000E-3	1.000000E-4	0.000000E+0	1.000000E+0	1.000000E+0	1.000000E+0	1.000000E+0	1.000000E+0	1.680000E+2
4.266327E+0	-3.200000E+2	-3.182000E-1	-8.020000E-3	3.967581E+4	4.476534E+4	2.216000E-3	9.920000E-2	6.340000E-3	-8.020000E-3	-7.905237E+2	2.906588E+3	2.216000E-3	6.441000E-3	1.000000E-4	0.000000E+0	1.000000E+0	1.000000E+0	1.000000E+0	1.000000E+0	1.000000E+0	1.690000E+2
4.288545E+0	-3.400000E+2	-3.401000E-1	-7.566000E-3	4.495110E+4	5.372080E+4	1.841000E-3	9.890000E-2	5.607000E-3	-7.566000E-3	-7.410785E+2	2.906029E+3	1.841000E-3	5.350000E-3	1.000000E-4	0.000000E+0	1.000000E+0	1.000000E+0	1.000000E+0	1.000000E+0	1.000000E+0	1.700000E+2
4.309830E+0	-3.600000E+2	-3.598000E-1	-7.955000E-3	4.522942E+4	3.894325E+4	2.555000E-3	9.950000E-2	5.933000E-3	-7.955000E-3	-7.458202E+2	2.220744E+3	2.555000E-3	5.674000E-3	1.000000E-4	0.000000E+0	1.000000E+0	1.000000E+0	1.000000E+0	1.000000E+0	1.000000E+0	1.710000E+2
4.331481E+0	-3.800000E+2	-3.798000E-1	-7.805000E-3	4.866111E+4	4.630656E+4	2.166000E-3	1.003000E-1	5.276000E-3	-7.805000E-3	-6.759769E+2	2.921053E+3	2.166000E-3	6.327000E-3	1.000000E-4	0.000000E+0	1.000000E+0	1.000000E+0	1.000000E+0	1.000000E+0	1.000000E+0	1.720000E+2
4.352749E+0	-4.000000E+2	-4.002000E-1	-6.794000E-3	5.890492E+4	3.251216E+4	3.085000E-3	1.003000E-1	6.573000E-3	-6.794000E-3	-9.674713E+2	1.894003E+3	3.085000E-3	5.843000E-3	1.000000E-4	0.000000E+0	1.000000E+0	1.000000E+0	1.000000E+0	1.000000E+0	1.000000E+0	1.730000E+2
4.374967E+0	-4.200000E+2	-4.204000E-1	-7.966000E-3	5.277429E+4	5.246073E+4	1.910000E-3	1.002000E-1	6.174000E-3	-7.966000E-3	-7.750439E+2	3.359686E+3	1.910000E-3	6.417000E-3	1.000000E-4	0.000000E+0	1.000000E+0	1.000000E+0	1.000000E+0	1.000000E+0	1.000000E+0	1.740000E+2
4.395968E+0	-4.400000E+2	-4.388000E-1	-9.686000E-3	4.530250E+4	5.459989E+4	1.837000E-3	1.003000E-1	6.206000E-3	-9.686000E-3	-6.407186E+2	3.842678E+3	1.837000E-3	7.059000E-3	1.000000E-4	0.000000E+0	1.000000E+0	1.000000E+0	1.000000E+0	1.000000E+0	1.000000E+0	1.750000E+2
4.417686E+0	-4.600000E+2	-4.601000E-1	-1.066600E-2	4.313707E+4	4.212548E+4	2.343000E-3	9.870000E-2	5.877000E-3	-1.066600E-2	-5.510032E+2	2.642766E+3	2.343000E-3	6.192000E-3	1.000000E-4	0.000000E+0	1.000000E+0	1.000000E+0	1.000000E+0	1.000000E+0	1.000000E+0	1.760000E+2
4.438854E+0	-4.800000E+2	-4.787000E-1	-1.064100E-2	4.498637E+4	6.354300E+4	1.558000E-3	9.900000E-2	5.493000E-3	-1.064100E-2	-5.162109E+2	4.226573E+3	1.558000E-3	6.585000E-3	1.000000E-4	0.000000E+0	1.000000E+0	1.000000E+0	1.000000E+0	1.000000E+0	1.000000E+0	1.770000E+2
4.460438E+0	-5.000000E+2	-4.994000E-1	-1.086700E-2	4.595565E+4	4.463404E+4	2.227000E-3	9.940000E-2	5.670000E-3	-1.086700E-2	-5.217631E+2	2.959587E+3	2.227000E-3	6.591000E-3	1.000000E-4	0.000000E+0	1.000000E+0	1.000000E+0	1.000000E+0	1.000000E+0	1.000000E+0	1.780000E+2
4.481673E+0	-5.000000E+2	-4.996000E-1	-1.224100E-2	4.081366E+4	5.477881E+4	1.831000E-3	1.003000E-1	5.440000E-3	-1.224100E-2	-4.444081E+2	3.448935E+3	1.831000E-3	6.315000E-3	1.000000E-4	0.000000E+0	1.000000E+0	1.000000E+0	1.000000E+0	1.000000E+0	1.000000E+0	1.790000E+2
4.503708E+0	-4.800000E+2	-4.803000E-1	-1.022000E-2	4.699609E+4	4.510426E+4	2.206000E-3	9.950000E-2	6.327000E-3	-1.022000E-2	-6.190802E+2	2.986401E+3	2.206000E-3	6.588000E-3	1.000000E-4	0.000000E+0	1.000000E+0	1.000000E+0	1.000000E+0	1.000000E+0	1.000000E+0	1.800000E+2
4.524759E+0	-4.600000E+2	-4.606000E-1	-9.062000E-3	5.082763E+4	3.054112E+4	3.271000E-3	9.990000E-2	6.318000E-3	-9.062000E-3	-6.971971E+2	2.228676E+3	3.271000E-3	7.290000E-3	1.000000E-4	0.000000E+0	1.000000E+0	1.000000E+0	1.000000E+0	1.000000E+0	1.000000E+0	1.810000E+2
4.546460E+0	-4.400000E+2	-4.397000E-1	-9.238000E-3	4.759688E+4	4.727359E+4	2.109000E-3	9.970000E-2	6.913000E-3	-9.238000E-3	-7.483221E+2	3.490754E+3	2.109000E-3	7.362000E-3	1.000000E-4	0.000000E+0	1.000000E+0	1.000000E+0	1.000000E+0	1.000000E+0	1.000000E+0	1.820000E+2
4.568311E+0	-4.200000E+2	-4.199000E-1	-8.873000E-3	4.732334E+4	7.854346E+4	1.277000E-3	1.003000E-1	5.615000E-3	-8.873000E-3	-6.328187E+2	5.772122E+3	1.277000E-3	7.371000E-3	1.000000E-4	0.000000E+0	1.000000E+0	1.000000E+0	1.000000E+0	1.000000E+0	1.000000E+0	1.830000E+2
4.590079E+0	-4.000000E+2	-3.999000E-1	-9.359000E-3	4.272892E+4	3.531064E+4	2.849000E-3	1.006000E-1	5.720000E-3	-9.359000E-3	-6.111764E+2	2.314847E+3	2.849000E-3	6.595000E-3	1.000000E-4	0.000000E+0	1.000000E+0	1.000000E+0	1.000000E+0	1.000000E+0	1.000000E+0	1.840000E+2
4.611180E+0	-3.800000E+2	-3.799000E-1	-7.834000E-3	4.849375E+4	3.968750E+4	2.560000E-3	1.016000E-1	7.111000E-3	-7.834000E-3	-9.077100E+2	3.096484E+3	2.560000E-3	7.927000E-3	1.000000E-4	0.000000E+0	1.000000E+0	1.000000E+0	1.000000E+0	1.000000E+0	1.000000E+0	1.850000E+2
4.632732E+0	-3.600000E+2	-3.613000E-1	-7.626000E-3	4.737739E+4	5.737986E+4	1.748000E-3	1.003000E-1	6.134000E-3	-7.626000E-3	-8.043535E+2	4.025744E+3	1.748000E-3	7.037000E-3	1.000000E-4	0.000000E+0	1.000000E+0	1.000000E+0	1.000000E+0	1.000000E+0	1.000000E+0	1.860000E+2
4.653750E+0	-3.400000E+2	-3.387000E-1	-7.077000E-3	4.785926E+4	6.743712E+4	1.471000E-3	9.920000E-2	6.262000E-3	-7.077000E-3	-8.848382E+2	5.148199E+3	1.471000E-3	7.573000E-3	1.000000E-4	0.000000E+0	1.000000E+0	1.000000E+0	1.000000E+0	1.000000E+0	1.000000E+0	1.870000E+2
4.675534E+0	-3.200000E+2	-3.191000E-1	-7.214000E-3	4.423343E+4	8.675838E+4	1.163000E-3	1.009000E-1	7.072000E-3	-7.214000E-3	-9.803161E+2	6.753224E+3	1.163000E-3	7.854000E-3	1.000000E-4	0.000000E+0	1.000000E+0	1.000000E+0	1.000000E+0	1.000000E+0	1.000000E+0	1.880000E+2
4.696535E+0	-3.000000E+2	-3.001000E-1	-4.702000E-3	6.382390E+4	5.897285E+4	1.694000E-3	9.990000E-2	6.656000E-3	-4.702000E-3	-1.415568E+3	4.461039E+3	1.694000E-3	7.557000E-3	1.000000E-4	0.000000E+0	1.000000E+0	1.000000E+0	1.000000E+0	1.000000E+0	1.000000E+0	1.890000E+2
4.718120E+0	-2.800000E+2	-2.796000E-1	-5.570000E-3	5.019749E+4	4.283877E+4	2.332000E-3	9.990000E-2	7.051000E-3	-5.570000E-3	-1.265889E+3	2.656947E+3	2.332000E-3	6.196000E-3	1.000000E-4	0.000000E+0	1.000000E+0	1.000000E+0	1.000000E+0	1.000000E+0	1.000000E+0	1.900000E+2
4.739254E+0	-2.600000E+2	-2.597000E-1	-6.725000E-3	3.861710E+4	7.385524E+4	1.354000E-3	1.000000E-1	6.833000E-3	-6.725000E-3	-1.016059E+3	5.416544E+3	1.354000E-3	7.334000E-3	1.000000E-4	0.000000E+0	1.000000E+0	1.000000E+0	1.000000E+0	1.000000E+0	1.000000E+0	1.910000E+2
4.760922E+0	-2.400000E+2	-2.404000E-1	-5.309000E-3	4.528160E+4	3.806752E+4	2.577000E-3	9.810000E-2	7.281000E-3	-5.309000E-3	-1.371445E+3	3.012418E+3	2.577000E-3	7.763000E-3	1.000000E-4	0.000000E+0	1.000000E+0	1.000000E+0	1.000000E+0	1.000000E+0	1.000000E+0	1.920000E+2
4.782190E+0	-2.200000E+2	-2.206000E-1	-4.561000E-3	4.836659E+4	4.384042E+4	2.281000E-3	1.000000E-1	7.748000E-3	-4.561000E-3	-1.698750E+3	3.464708E+3	2.281000E-3	7.903000E-3	1.000000E-4	0.000000E+0	1.000000E+0	1.000000E+0	1.000000E+0	1.000000E+0	1.000000E+0	1.930000E+2
4.803758E+0	-1.800000E+2	-1.796000E-1	-5.149000E-3	3.488056E+4	3.483692E+4	2.882000E-3	1.004000E-1	8.169000E-3	-5.149000E-3	-1.586522E+3	2.576336E+3	2.882000E-3	7.425000E-3	1.000000E-4	0.000000E+0	1.000000E+0	1.000000E+0	1.000000E+0	1.000000E+0	1.000000E+0	1.940000E+2
4.824943E+0	-1.400000E+2	-1.401000E-1	-2.968000E-3	4.720350E+4	6.510883E+4	1.562000E-3	1.017000E-1	7.338000E-3	-2.968000E-3	-2.472372E+3	5.010883E+3	1.562000E-3	7.827000E-3	1.000000E-4	0.000000E+0	1.000000E+0	1.000000E+0	1.000000E+0	1.000000E+0	1.000000E+0	1.950000E+2
4.846594E+0	-1.000000E+2	-9.920000E-2	-2.462000E-3	4.029245E+4	3.280684E+4	3.039000E-3	9.970000E-2	7.595000E-3	-2.462000E-3	-3.084890E+3	2.498190E+3	3.039000E-3	7.592000E-3	1.000000E-4	0.000000E+0	1.000000E+0	1.000000E+0	1.000000E+0	1.000000E+0	1.000000E+0	1.960000E+2
4.867712E+0	-6.000000E+1	-6.080000E-2	-8.370000E-4	7.264038E+4	5.990425E+4	1.671000E-3	1.001000E-1	8.217000E-3	-8.370000E-4	-9.817204E+3	3.946738E+3	1.671000E-3	6.595000E-3	1.000000E-4	0.000000E+0	1.000000E+0	1.000000E+0	1.000000E+0	1.000000E+0	1.000000E+0	1.970000E+2
4.889413E+0	-2.000000E+1	-1.900000E-2	-7.370000E-4	2.578019E+4	4.423592E+4	2.238000E-3	9.900000E-2	7.305000E-3	-7.370000E-4	-9.911805E+3	3.628239E+3	2.238000E-3	8.120000E-3	1.000000E-4	0.000000E+0	1.000000E+0	1.000000E+0	1.000000E+0	1.000000E+0	1.000000E+0	1.980000E+2
4.910381E+0	2.000000E+1	1.980000E-2	7.560000E-4	2.619048E+4	8.329198E+4	1.209000E-3	1.007000E-1	7.700000E-3	7.560000E-4	1.018519E+4	5.995864E+3	1.209000E-3	7.249000E-3	1.000000E-4	0.000000E+0	1.000000E+0	1.000000E+0	1.000000E+0	1.000000E+0	1.000000E+0	1.990000E+2
4.932065E+0	6.000000E+1	6.060000E-2	1.174000E-3	5.161840E+4	4.761003E+4	2.113000E-3	1.006000E-1	7.814000E-3	1.174000E-3	6.655877E+3	3.476574E+3	2.113000E-3	7.346000E-3	1.000000E-4	0.000000E+0	1.000000E+0	1.000000E+0	1.000000E+0	1.000000E+0	1.000000E+0	2.000000E+2
4.953283E+0	1.000000E+2	9.920000E-2	2.423000E-3	4.094098E+4	5.104326E+4	1.965000E-3	1.003000E-1	7.927000E-3	2.423000E-3	3.271564E+3	3.684987E+3	1.965000E-3	7.241000E-3	1.000000E-4	0.000000E+0	1.000000E+0	1.000000E+0	1.000000E+0	1.000000E+0	1.000000E+0	2.010000E+2
4.975368E+0	1.400000E+2	1.410000E-1	2.001000E-3	7.046477E+4	4.078947E+4	2.432000E-3	9.920000E-2	8.030000E-3	2.001000E-3	4.012994E+3	3.212993E+3	2.432000E-3	7.814000E-3	1.000000E-4	0.000000E+0	1.000000E+0	1.000000E+0	1.000000E+0	1.000000E+0	1.000000E+0	2.020000E+2
4.996402E+0	1.800000E+2	1.781000E-1	3.588000E-3	4.963768E+4	6.378309E+4	1.549000E-3	9.880000E-2	7.692000E-3	3.588000E-3	2.143813E+3	5.287282E+3	1.549000E-3	8.190000E-3	1.000000E-4	0.000000E+0	1.000000E+0	1.000000E+0	1.000000E+0	1.000000E+0	1.000000E+0	2.030000E+2
5.018004E+0	2.200000E+2	2.203000E-1	3.708000E-3	5.941208E+4	5.939177E+4	1.677000E-3	9.960000E-2	8.306000E-3	3.708000E-3	2.240022E+3	4.274299E+3	1.677000E-3	7.168000E-3	1.000000E-4	0.000000E+0	1.000000E+0	1.000000E+0	1.000000E+0	1.000000E+0	1.000000E+0	2.040000E+2
5.039155E+0	2.600000E+2	2.596000E-1	5.345000E-3	4.856876E+4	7.719569E+4	1.298000E-3	1.002000E-1	7.912000E-3	5.345000E-3	1.480262E+3	5.957627E+3	1.298000E-3	7.733000E-3	1.000000E-4	0.000000E+0	1.000000E+0	1.000000E+0	1.000000E+0	1.000000E+0	1.000000E+0	2.050000E+2
5.060873E+0	3.000000E+2	3.004000E-1	5.366000E-3	5.598211E+4	4.153074E+4	2.391000E-3	9.930000E-2	8.391000E-3	5.366000E-3	1.563735E+3	3.562108E+3	2.391000E-3	8.517000E-3	1.000000E-4	0.000000E+0	1.000000E+0	1.000000E+0	1.000000E+0	1.000000E+0	1.000000E+0	2.060000E+2
5.081991E+0	3.400000E+2	3.414000E-1	7.475000E-3	4.567224E+4	3.638668E+4	2.762000E-3	1.005000E-1	9.020000E-3	7.475000E-3	1.206689E+3	2.852643E+3	2.762000E-3	7.879000E-3	1.000000E-4	0.000000E+0	1.000000E+0	1.000000E+0	1.000000E+0	1.000000E+0	1.000000E+0	2.070000E+2
5.103892E+0	3.800000E+2	3.800000E-1	7.323000E-3	5.189130E+4	3.879112E+4	2.614000E-3	1.014000E-1	7.543000E-3	7.323000E-3	1.030042E+3	2.960214E+3	2.614000E-3	7.738000E-3	1.000000E-4	0.000000E+0	1.000000E+0	1.000000E+0	1.000000E+0	1.000000E+0	1.000000E+0	2.080000E+2
5.125060E+0	4.200000E+2	4.204000E-1	9.158000E-3	4.590522E+4	3.504755E+4	2.839000E-3	9.950000E-2	7.986000E-3	9.158000E-3	8.720245E+2	2.842902E+3	2.839000E-3	8.071000E-3	1.000000E-4	0.000000E+0	1.000000E+0	1.000000E+0	1.000000E+0	1.000000E+0	1.000000E+0	2.090000E+2
5.147111E+0	4.600000E+2	4.597000E-1	8.997000E-3	5.109481E+4	5.216710E+4	1.915000E-3	9.990000E-2	8.018000E-3	8.997000E-3	8.911860E+2	3.892428E+3	1.915000E-3	7.454000E-3	1.000000E-4	0.000000E+0	1.000000E+0	1.000000E+0	1.000000E+0	1.000000E+0	1.000000E+0	2.100000E+2
5.168346E+0	5.000000E+2	5.017000E-1	9.838000E-3	5.099614E+4	7.425373E+4	1.340000E-3	9.950000E-2	8.126000E-3	9.838000E-3	8.259809E+2	5.891045E+3	1.340000E-3	7.894000E-3	1.000000E-4	0.000000E+0	1.000000E+0	1.000000E+0	1.000000E+0	1.000000E+0	1.000000E+0	2.110000E+2
5.190530E+0	5.400000E+2	5.411000E-1	1.151800E-2	4.697864E+4	8.290456E+4	1.205000E-3	9.990000E-2	7.880000E-3	1.151800E-2	6.841466E+2	6.453942E+3	1.205000E-3	7.777000E-3	1.000000E-4	0.000000E+0	1.000000E+0	1.000000E+0	1.000000E+0	1.000000E+0	1.000000E+0	2.120000E+2
5.211781E+0	5.800000E+2	5.809000E-1	1.090900E-2	5.324961E+4	5.301521E+4	1.907000E-3	1.011000E-1	7.928000E-3	1.090900E-2	7.267394E+2	4.177766E+3	1.907000E-3	7.967000E-3	1.000000E-4	0.000000E+0	1.000000E+0	1.000000E+0	1.000000E+0	1.000000E+0	1.000000E+0	2.130000E+2
5.234033E+0	6.200000E+2	6.206000E-1	1.246900E-2	4.977143E+4	6.679894E+4	1.512000E-3	1.010000E-1	8.548000E-3	1.246900E-2	6.855401E+2	5.979497E+3	1.512000E-3	9.041000E-3	1.000000E-4	0.000000E+0	1.000000E+0	1.000000E+0	1.000000E+0	1.000000E+0	1.000000E+0	2.140000E+2
5.255334E+0	6.600000E+2	6.612000E-1	1.445700E-2	4.573563E+4	3.857868E+4	2.561000E-3	9.880000E-2	9.369000E-3	1.445700E-2	6.480598E+2	3.105818E+3	2.561000E-3	7.954000E-3	1.000000E-4	0.000000E+0	1.000000E+0	1.000000E+0	1.000000E+0	1.000000E+0	1.000000E+0	2.150000E+2
5.277452E+0	7.000000E+2	7.011000E-1	1.378500E-2	5.085963E+4	5.623941E+4	1.771000E-3	9.960000E-2	7.794000E-3	1.378500E-2	5.653972E+2	4.882552E+3	1.771000E-3	8.647000E-3	1.000000E-4	0.000000E+0	1.000000E+0	1.000000E+0	1.000000E+0	1.000000E+0	1.000000E+0	2.160000E+2
5.298536E+0	7.400000E+2	7.405000E-1	1.648700E-2	4.491417E+4	5.186335E+4	1.932000E-3	1.002000E-1	8.921000E-3	1.648700E-2	5.410930E+2	4.506729E+3	1.932000E-3	8.707000E-3	1.000000E-4	0.000000E+0	1.000000E+0	1.000000E+0	1.000000E+0	1.000000E+0	1.000000E+0	2.170000E+2
5.320404E+0	7.800000E+2	7.803000E-1	1.658700E-2	4.704286E+4	6.904598E+4	1.457000E-3	1.006000E-1	8.125000E-3	1.658700E-2	4.898414E+2	5.416609E+3	1.457000E-3	7.892000E-3	1.000000E-4	0.000000E+0	1.000000E+0	1.000000E+0	1.000000E+0	1.000000E+0	1.000000E+0	2.180000E+2
5.341706E+0	8.200000E+2	8.193000E-1	1.794300E-2	4.566126E+4	7.242136E+4	1.367000E-3	9.900000E-2	8.566000E-3	1.794300E-2	4.774007E+2	5.293343E+3	1.367000E-3	7.236000E-3	1.000000E-4	0.000000E+0	1.000000E+0	1.000000E+0	1.000000E+0	1.000000E+0	1.000000E+0	2.190000E+2
5.363340E+0	8.600000E+2	8.603000E-1	1.833300E-2	4.692631E+4	6.154313E+4	1.646000E-3	1.013000E-1	9.194000E-3	1.833300E-2	5.015000E+2	5.335966E+3	1.646000E-3	8.783000E-3	1.000000E-4	0.000000E+0	1.000000E+0	1.000000E+0	1.000000E+0	1.000000E+0	1.000000E+0	2.200000E+2
5.384441E+0	9.000000E+2	8.993000E-1	1.861900E-2	4.830012E+4	4.160164E+4	2.435000E-3	1.013000E-1	8.731000E-3	1.861900E-2	4.689296E+2	3.317454E+3	2.435000E-3	8.078000E-3	1.000000E-4	0.000000E+0	1.000000E+0	1.000000E+0	1.000000E+0	1.000000E+0	1.000000E+0	2.210000E+2
5.406276E+0	9.400000E+2	9.395000E-1	1.911900E-2	4.913960E+4	8.142165E+4	1.238000E-3	1.008000E-1	9.020000E-3	1.911900E-2	4.717820E+2	7.002423E+3	1.238000E-3	8.669000E-3	1.000000E-4	0.000000E+0	1.000000E+0	1.000000E+0	1.000000E+0	1.000000E+0	1.000000E+0	2.220000E+2
5.427410E+0	9.800000E+2	9.810000E-1	1.922500E-2	5.102731E+4	6.078313E+4	1.660000E-3	1.009000E-1	9.471000E-3	1.922500E-2	4.926398E+2	5.083735E+3	1.660000E-3	8.439000E-3	1.000000E-4	0.000000E+0	1.000000E+0	1.000000E+0	1.000000E+0	1.000000E+0	1.000000E+0	2.230000E+2
5.449562E+0	1.000000E+3	9.998000E-1	2.154000E-2	4.641597E+4	5.665138E+4	1.744000E-3	9.880000E-2	8.308000E-3	2.154000E-2	3.857010E+2	5.151376E+3	1.744000E-3	8.984000E-3	1.000000E-4	0.000000E+0	1.000000E+0	1.000000E+0	1.000000E+0	1.000000E+0	1.000000E+0	2.240000E+2
5.470830E+0	9.600000E+2	9.604000E-1	2.028900E-2	4.733599E+4	2.828339E+4	3.571000E-3	1.010000E-1	9.662000E-3	2.028900E-2	4.762186E+2	2.352842E+3	3.571000E-3	8.402000E-3	1.000000E-4	0.000000E+0	1.000000E+0	1.000000E+0	1.000000E+0	1.000000E+0	1.000000E+0	2.250000E+2
5.492848E+0	9.200000E+2	9.194000E-1	1.915400E-2	4.800042E+4	1.618033E+6	6.100000E-5	9.870000E-2	9.729000E-3	1.915400E-2	5.079357E+2	1.354918E+5	6.100000E-5	8.265000E-3	1.000000E-4	0.000000E+0	1.000000E+0	1.000000E+0	1.000000E+0	1.000000E+0	1.000000E+0	2.260000E+2
5.513932E+0	8.800000E+2	8.810000E-1	1.805400E-2	4.879805E+4	5.918612E+4	1.671000E-3	9.890000E-2	9.221000E-3	1.805400E-2	5.107455E+2	4.932974E+3	1.671000E-3	8.243000E-3	1.000000E-4	0.000000E+0	1.000000E+0	1.000000E+0	1.000000E+0	1.000000E+0	1.000000E+0	2.270000E+2
5.535633E+0	8.400000E+2	8.397000E-1	1.823000E-2	4.606144E+4	6.785474E+4	1.487000E-3	1.009000E-1	9.324000E-3	1.823000E-2	5.114646E+2	5.650303E+3	1.487000E-3	8.402000E-3	1.000000E-4	0.000000E+0	1.000000E+0	1.000000E+0	1.000000E+0	1.000000E+0	1.000000E+0	2.280000E+2
5.556718E+0	8.000000E+2	8.008000E-1	1.691100E-2	4.735379E+4	5.192802E+4	1.945000E-3	1.010000E-1	1.022800E-2	1.691100E-2	6.048134E+2	4.432905E+3	1.945000E-3	8.622000E-3	1.000000E-4	0.000000E+0	1.000000E+0	1.000000E+0	1.000000E+0	1.000000E+0	1.000000E+0	2.290000E+2
5.578319E+0	7.600000E+2	7.595000E-1	1.558600E-2	4.872963E+4	4.656134E+4	2.152000E-3	1.002000E-1	9.992000E-3	1.558600E-2	6.410882E+2	4.230019E+3	2.152000E-3	9.103000E-3	1.000000E-4	0.000000E+0	1.000000E+0	1.000000E+0	1.000000E+0	1.000000E+0	1.000000E+0	2.300000E+2
5.599437E+0	7.200000E+2	7.201000E-1	1.420800E-2	5.068271E+4	4.593968E+4	2.155000E-3	9.900000E-2	9.204000E-3	1.420800E-2	6.478041E+2	4.206032E+3	2.155000E-3	9.064000E-3	1.000000E-4	0.000000E+0	1.000000E+0	1.000000E+0	1.000000E+0	1.000000E+0	1.000000E+0	2.310000E+2
5.621088E+0	6.800000E+2	6.803000E-1	1.497200E-2	4.543815E+4	5.099541E+4	1.959000E-3	9.990000E-2	9.996000E-3	1.497200E-2	6.676463E+2	4.867279E+3	1.959000E-3	9.535000E-3	1.000000E-4	0.000000E+0	1.000000E+0	1.000000E+0	1.000000E+0	1.000000E+0	1.000000E+0	2.320000E+2
5.642323E+0	6.400000E+2	6.399000E-1	1.320000E-2	4.847727E+4	5.060000E+5	2.000000E-4	1.012000E-1	9.735000E-3	1.320000E-2	7.375000E+2	5.324500E+4	2.000000E-4	1.064900E-2	1.000000E-4	0.000000E+0	1.000000E+0	1.000000E+0	1.000000E+0	1.000000E+0	1.000000E+0	2.330000E+2
5.664024E+0	6.000000E+2	5.999000E-1	1.265800E-2	4.739295E+4	6.896312E+4	1.437000E-3	9.910000E-2	9.015000E-3	1.265800E-2	7.121978E+2	6.382046E+3	1.437000E-3	9.171000E-3	1.000000E-4	0.000000E+0	1.000000E+0	1.000000E+0	1.000000E+0	1.000000E+0	1.000000E+0	2.340000E+2
5.685359E+0	5.600000E+2	5.603000E-1	1.114400E-2	5.027818E+4	4.349345E+4	2.290000E-3	9.960000E-2	8.564000E-3	1.114400E-2	7.684853E+2	3.848472E+3	2.290000E-3	8.813000E-3	1.000000E-4	0.000000E+0	1.000000E+0	1.000000E+0	1.000000E+0	1.000000E+0	1.000000E+0	2.350000E+2
5.707410E+0	5.200000E+2	5.215000E-1	1.070800E-2	4.870191E+4	1.697952E+5	5.860000E-4	9.950000E-2	1.000400E-2	1.070800E-2	9.342548E+2	1.376280E+4	5.860000E-4	8.065000E-3	1.000000E-4	0.000000E+0	1.000000E+0	1.000000E+0	1.000000E+0	1.000000E+0	1.000000E+0	2.360000E+2
5.728344E+0	4.800000E+2	4.793000E-1	1.081100E-2	4.433447E+4	4.040404E+4	2.475000E-3	1.000000E-1	9.662000E-3	1.081100E-2	8.937194E+2	3.458586E+3	2.475000E-3	8.560000E-3	1.000000E-4	0.000000E+0	1.000000E+0	1.000000E+0	1.000000E+0	1.000000E+0	1.000000E+0	2.370000E+2
5.750129E+0	4.400000E+2	4.407000E-1	8.246000E-3	5.344409E+4	5.714286E+4	1.750000E-3	1.000000E-1	9.731000E-3	8.246000E-3	1.180087E+3	5.667429E+3	1.750000E-3	9.918000E-3	1.000000E-4	0.000000E+0	1.000000E+0	1.000000E+0	1.000000E+0	1.000000E+0	1.000000E+0	2.380000E+2
5.771463E+0	4.000000E+2	4.001000E-1	9.430000E-3	4.242842E+4	5.183084E+4	1.939000E-3	1.005000E-1	8.851000E-3	9.430000E-3	9.386002E+2	4.884992E+3	1.939000E-3	9.472000E-3	1.000000E-4	0.000000E+0	1.000000E+0	1.000000E+0	1.000000E+0	1.000000E+0	1.000000E+0	2.390000E+2
5.793698E+0	3.600000E+2	3.597000E-1	7.089000E-3	5.074058E+4	4.374730E+4	2.311000E-3	1.011000E-1	9.618000E-3	7.089000E-3	1.356750E+3	4.093033E+3	2.311000E-3	9.459000E-3	1.000000E-4	0.000000E+0	1.000000E+0	1.000000E+0	1.000000E+0	1.000000E+0	1.000000E+0	2.400000E+2
5.814916E+0	3.200000E+2	3.200000E-1	6.586000E-3	4.858791E+4	7.879026E+4	1.273000E-3	1.003000E-1	1.072800E-2	6.586000E-3	1.628910E+3	7.855460E+3	1.273000E-3	1.000000E-2	1.000000E-4	0.000000E+0	1.000000E+0	1.000000E+0	1.000000E+0	1.000000E+0	1.000000E+0	2.410000E+2
5.837067E+0	2.800000E+2	2.791000E-1	5.729000E-3	4.871705E+4	1.951172E+5	5.120000E-4	9.990000E-2	9.669000E-3	5.729000E-3	1.687729E+3	1.610352E+4	5.120000E-4	8.245000E-3	1.000000E-4	0.000000E+0	1.000000E+0	1.000000E+0	1.000000E+0	1.000000E+0	1.000000E+0	2.420000E+2
5.858335E+0	2.400000E+2	2.404000E-1	4.997000E-3	4.810887E+4	4.776403E+4	2.102000E-3	1.004000E-1	9.868000E-3	4.997000E-3	1.974785E+3	4.658896E+3	2.102000E-3	9.793000E-3	1.000000E-4	0.000000E+0	1.000000E+0	1.000000E+0	1.000000E+0	1.000000E+0	1.000000E+0	2.430000E+2
5.880453E+0	2.000000E+2	2.000000E-1	3.625000E-3	5.517241E+4	1.222766E+5	8.170000E-4	9.990000E-2	9.759000E-3	3.625000E-3	2.692138E+3	1.152999E+4	8.170000E-4	9.420000E-3	1.000000E-4	0.000000E+0	1.000000E+0	1.000000E+0	1.000000E+0	1.000000E+0	1.000000E+0	2.440000E+2
5.901854E+0	1.600000E+2	1.600000E-1	2.968000E-3	5.390836E+4	3.749064E+4	2.670000E-3	1.001000E-1	9.330000E-3	2.968000E-3	3.143531E+3	3.317228E+3	2.670000E-3	8.857000E-3	1.000000E-4	0.000000E+0	1.000000E+0	1.000000E+0	1.000000E+0	1.000000E+0	1.000000E+0	2.450000E+2
5.923905E+0	1.200000E+2	1.202000E-1	2.535000E-3	4.741617E+4	9.353327E+4	1.067000E-3	9.980000E-2	9.147000E-3	2.535000E-3	3.608284E+3	9.057170E+3	1.067000E-3	9.664000E-3	1.000000E-4	0.000000E+0	1.000000E+0	1.000000E+0	1.000000E+0	1.000000E+0	1.000000E+0	2.460000E+2
5.944957E+0	8.000000E+1	7.900000E-2	1.425000E-3	5.543860E+4	4.148671E+4	2.408000E-3	9.990000E-2	8.798000E-3	1.425000E-3	6.174035E+3	4.069352E+3	2.408000E-3	9.799000E-3	1.000000E-4	0.000000E+0	1.000000E+0	3.000000E+0	1.000000E+0	1.000000E+0	1.000000E+0	2.470000E+2
5.966808E+0	4.000000E+1	3.980000E-2	7.070000E-4	5.629420E+4	4.592593E+4	2.160000E-3	9.920000E-2	9.784000E-3	7.070000E-4	1.383876E+4	5.879630E+2	2.160000E-3	1.270000E-3	1.000000E-4	0.000000E+0	1.000000E+0	3.000000E+0	1.000000E+0	3.000000E+0	1.000000E+0	2.480000E+2
5.987959E+0	0.000000E+0	1.000000E-4	-1.194000E-3	-8.375209E+1	3.903869E+4	2.559000E-3	9.990000E-2	-1.410000E-3	-1.194000E-3	1.180905E+3	-7.463853E+2	2.559000E-3	-1.910000E-3	1.000000E-4	0.000000E+0	1.000000E+0	3.000000E+0	1.000000E+0	3.000000E+0	1.000000E+0	2.490000E+2
6.009744E+0	-4.000000E+1	-4.020000E-2	1.700000E-5	-2.364706E+6	7.230550E+4	1.401000E-3	1.013000E-1	-1.960000E-3	1.700000E-5	-1.152941E+5	1.349036E+3	1.401000E-3	1.890000E-3	1.000000E-4	0.000000E+0	1.000000E+0	3.000000E+0	1.000000E+0	3.000000E+0	1.000000E+0	2.500000E+2
6.030912E+0	-8.000000E+1	-7.930000E-2	-1.593000E-3	4.978029E+4	1.902256E+5	5.320000E-4	1.012000E-1	-1.900000E-3	-1.593000E-3	1.192718E+3	9.210526E+2	5.320000E-4	4.900000E-4	1.000000E-4	0.000000E+0	1.000000E+0	3.000000E+0	1.000000E+0	3.000000E+0	1.000000E+0	2.510000E+2
6.052580E+0	-1.200000E+2	-1.193000E-1	-3.226000E-3	3.698078E+4	4.738824E+4	2.125000E-3	1.007000E-1	-2.260000E-3	-3.226000E-3	7.005580E+2	8.376471E+2	2.125000E-3	1.780000E-3	1.000000E-4	0.000000E+0	1.000000E+0	3.000000E+0	1.000000E+0	3.000000E+0	1.000000E+0	2.520000E+2
6.073831E+0	-1.600000E+2	-1.591000E-1	-3.964000E-3	4.013623E+4	3.409634E+4	2.927000E-3	9.980000E-2	-1.000000E-5	-3.964000E-3	2.522704E+0	-7.208746E+2	2.927000E-3	-2.110000E-3	1.000000E-4	0.000000E+0	1.000000E+0	3.000000E+0	1.000000E+0	3.000000E+0	1.000000E+0	2.530000E+2
6.095499E+0	-2.000000E+2	-2.006000E-1	-3.226000E-3	6.218227E+4	3.654195E+4	2.753000E-3	1.006000E-1	-2.340000E-3	-3.226000E-3	7.253565E+2	-8.063930E+2	2.753000E-3	-2.220000E-3	1.000000E-4	0.000000E+0	1.000000E+0	3.000000E+0	1.000000E+0	3.000000E+0	1.000000E+0	2.540000E+2
6.116550E+0	-2.400000E+2	-2.405000E-1	-4.767000E-3	5.045102E+4	5.234375E+4	1.920000E-3	1.005000E-1	-2.450000E-3	-4.767000E-3	5.139501E+2	-7.812500E+1	1.920000E-3	-1.500000E-4	1.000000E-4	0.000000E+0	1.000000E+0	3.000000E+0	1.000000E+0	3.000000E+0	1.000000E+0	2.550000E+2
6.138284E+0	-2.800000E+2	-2.793000E-1	-6.050000E-3	4.616529E+4	1.477876E+5	6.780000E-4	1.002000E-1	-1.630000E-3	-6.050000E-3	2.694215E+2	6.932153E+2	6.780000E-4	4.700000E-4	1.000000E-4	0.000000E+0	1.000000E+0	3.000000E+0	1.000000E+0	3.000000E+0	1.000000E+0	2.560000E+2
6.159336E+0	-3.200000E+2	-3.208000E-1	-6.773000E-3	4.736454E+4	4.431111E+4	2.250000E-3	9.970000E-2	-1.030000E-3	-6.773000E-3	1.520744E+2	8.933333E+2	2.250000E-3	2.010000E-3	1.000000E-4	0.000000E+0	1.000000E+0	3.000000E+0	1.000000E+0	3.000000E+0	1.000000E+0	2.570000E+2
6.181054E+0	-4.000000E+2	-3.999000E-1	-9.472000E-3	4.221917E+4	4.056566E+4	2.475000E-3	1.004000E-1	-1.110000E-3	-9.472000E-3	1.171875E+2	-9.292929E+1	2.475000E-3	-2.300000E-4	1.000000E-4	0.000000E+0	1.000000E+0	3.000000E+0	1.000000E+0	3.000000E+0	1.000000E+0	2.580000E+2
6.202138E+0	-4.800000E+2	-4.803000E-1	-9.764000E-3	4.919091E+4	5.168481E+4	1.929000E-3	9.970000E-2	-3.470000E-3	-9.764000E-3	3.553871E+2	1.010886E+3	1.929000E-3	1.950000E-3	1.000000E-4	0.000000E+0	1.000000E+0	3.000000E+0	1.000000E+0	3.000000E+0	1.000000E+0	2.590000E+2
6.223739E+0	-5.600000E+2	-5.599000E-1	-1.177700E-2	4.754182E+4	7.957075E+4	1.258000E-3	1.001000E-1	-3.480000E-3	-1.177700E-2	2.954912E+2	3.577107E+3	1.258000E-3	4.500000E-3	1.000000E-4	0.000000E+0	1.000000E+0	3.000000E+0	1.000000E+0	3.000000E+0	1.000000E+0	2.600000E+2
6.244741E+0	-6.400000E+2	-6.396000E-1	-1.467500E-2	4.358433E+4	3.258827E+4	3.087000E-3	1.006000E-1	2.200000E-4	-1.467500E-2	-1.499148E+1	5.506965E+2	3.087000E-3	1.700000E-3	1.000000E-4	0.000000E+0	1.000000E+0	3.000000E+0	1.000000E+0	3.000000E+0	1.000000E+0	2.610000E+2
6.266625E+0	-7.200000E+2	-7.205000E-1	-1.595200E-2	4.516675E+4	6.272040E+4	1.588000E-3	9.960000E-2	-3.390000E-3	-1.595200E-2	2.125125E+2	2.329975E+3	1.588000E-3	3.700000E-3	1.000000E-4	0.000000E+0	1.000000E+0	3.000000E+0	1.000000E+0	3.000000E+0	1.000000E+0	2.620000E+2
6.287793E+0	-8.000000E+2	-8.009000E-1	-1.697500E-2	4.718115E+4	4.918679E+4	2.029000E-3	9.980000E-2	-9.200000E-4	-1.697500E-2	5.419735E+1	5.963529E+2	2.029000E-3	1.210000E-3	1.000000E-4	0.000000E+0	1.000000E+0	3.000000E+0	1.000000E+0	3.000000E+0	1.000000E+0	2.630000E+2
6.310011E+0	-8.800000E+2	-8.795000E-1	-1.760600E-2	4.995456E+4	4.024242E+4	2.475000E-3	9.960000E-2	-3.820000E-3	-1.760600E-2	2.169715E+2	8.565657E+2	2.475000E-3	2.120000E-3	1.000000E-4	0.000000E+0	1.000000E+0	3.000000E+0	1.000000E+0	3.000000E+0	1.000000E+0	2.640000E+2
6.331529E+0	-9.600000E+2	-9.591000E-1	-2.153900E-2	4.452853E+4	3.970293E+4	2.491000E-3	9.890000E-2	-3.760000E-3	-2.153900E-2	1.745671E+2	-1.605781E+1	2.491000E-3	-4.000000E-5	1.000000E-4	0.000000E+0	1.000000E+0	3.000000E+0	1.000000E+0	3.000000E+0	1.000000E+0	2.650000E+2
6.353663E+0	-1.040000E+3	-1.039900E+0	-2.319600E-2	4.483101E+4	6.380952E+4	1.575000E-3	1.005000E-1	0.000000E+0	-2.319600E-2	0.000000E+0	9.015873E+2	1.575000E-3	1.420000E-3	1.000000E-4	0.000000E+0	1.000000E+0	3.000000E+0	1.000000E+0	3.000000E+0	1.000000E+0	2.660000E+2
6.374915E+0	-1.120000E+3	-1.119700E+0	-2.398200E-2	4.668918E+4	4.619640E+4	2.169000E-3	1.002000E-1	-1.550000E-3	-2.398200E-2	6.463181E+1	2.581835E+2	2.169000E-3	5.600000E-4	1.000000E-4	0.000000E+0	1.000000E+0	3.000000E+0	1.000000E+0	3.000000E+0	1.000000E+0	2.670000E+2
6.397266E+0	-1.200000E+3	-1.201900E+0	-2.710600E-2	4.434074E+4	5.318693E+4	1.867000E-3	9.930000E-2	-2.470000E-3	-2.710600E-2	9.112374E+1	-7.605785E+2	1.867000E-3	-1.420000E-3	1.000000E-4	0.000000E+0	1.000000E+0	3.000000E+0	1.000000E+0	3.000000E+0	1.000000E+0	2.680000E+2
6.418450E+0	-1.280000E+3	-1.280200E+0	-2.787700E-2	4.592316E+4	7.218638E+4	1.395000E-3	1.007000E-1	-5.300000E-3	-2.787700E-2	1.901209E+2	-1.290323E+3	1.395000E-3	-1.800000E-3	1.000000E-4	0.000000E+0	1.000000E+0	3.000000E+0	1.000000E+0	3.000000E+0	1.000000E+0	2.690000E+2
6.440102E+0	-1.360000E+3	-1.359600E+0	-3.069800E-2	4.428953E+4	5.287599E+4	1.895000E-3	1.002000E-1	-5.240000E-3	-3.069800E-2	1.706952E+2	-1.013193E+3	1.895000E-3	-1.920000E-3	1.000000E-4	0.000000E+0	1.000000E+0	3.000000E+0	1.000000E+0	3.000000E+0	1.000000E+0	2.700000E+2
6.461203E+0	-1.440000E+3	-1.439700E+0	-3.225700E-2	4.463217E+4	4.593838E+4	2.142000E-3	9.840000E-2	-5.210000E-3	-3.225700E-2	1.615153E+2	-3.921569E+2	2.142000E-3	-8.400000E-4	1.000000E-4	0.000000E+0	1.000000E+0	3.000000E+0	1.000000E+0	3.000000E+0	1.000000E+0	2.710000E+2
6.483054E+0	-1.520000E+3	-1.520100E+0	-3.392700E-2	4.480502E+4	3.527118E+4	2.821000E-3	9.950000E-2	-1.850000E-3	-3.392700E-2	5.452884E+1	8.507621E+1	2.821000E-3	2.400000E-4	1.000000E-4	0.000000E+0	1.000000E+0	3.000000E+0	1.000000E+0	3.000000E+0	1.000000E+0	2.720000E+2
6.504155E+0	-1.600000E+3	-1.600400E+0	-3.838300E-2	4.169554E+4	9.654842E+4	1.043000E-3	1.007000E-1	-2.570000E-3	-3.838300E-2	6.695673E+1	1.821668E+2	1.043000E-3	1.900000E-4	1.000000E-4	0.000000E+0	1.000000E+0	3.000000E+0	1.000000E+0	3.000000E+0	1.000000E+0	2.730000E+2
6.526123E+0	-1.680000E+3	-1.680500E+0	-3.821700E-2	4.397258E+4	8.953901E+4	1.128000E-3	1.010000E-1	-5.610000E-3	-3.821700E-2	1.467933E+2	7.801418E+2	1.128000E-3	8.800000E-4	1.000000E-4	0.000000E+0	1.000000E+0	3.000000E+0	1.000000E+0	3.000000E+0	1.000000E+0	2.740000E+2
6.547241E+0	-1.760000E+3	-1.759600E+0	-4.131800E-2	4.258677E+4	5.356763E+4	1.878000E-3	1.006000E-1	-4.080000E-3	-4.131800E-2	9.874631E+1	6.869010E+2	1.878000E-3	1.290000E-3	1.000000E-4	0.000000E+0	1.000000E+0	3.000000E+0	1.000000E+0	3.000000E+0	1.000000E+0	2.750000E+2
6.569276E+0	-1.840000E+3	-1.840700E+0	-4.299600E-2	4.281096E+4	1.365253E+5	7.310000E-4	9.980000E-2	-5.280000E-3	-4.299600E-2	1.228021E+2	4.514364E+3	7.310000E-4	3.300000E-3	1.000000E-4	0.000000E+0	1.000000E+0	3.000000E+0	1.000000E+0	3.000000E+0	1.000000E+0	2.760000E+2
6.590577E+0	-1.920000E+3	-1.920100E+0	-4.504300E-2	4.262816E+4	7.913043E+4	1.265000E-3	1.001000E-1	-1.480000E-3	-4.504300E-2	3.285749E+1	-1.256917E+3	1.265000E-3	-1.590000E-3	1.000000E-4	0.000000E+0	1.000000E+0	3.000000E+0	1.000000E+0	3.000000E+0	1.000000E+0	2.770000E+2
6.612828E+0	-2.000000E+3	-2.000500E+0	-4.786800E-2	4.179201E+4	2.530000E+5	4.000000E-4	1.012000E-1	5.300000E-4	-4.786800E-2	-1.107211E+1	2.025000E+3	4.000000E-4	8.100000E-4	1.000000E-4	0.000000E+0	1.000000E+0	3.000000E+0	1.000000E+0	3.000000E+0	1.000000E+0	2.780000E+2
6.633996E+0	-2.000000E+3	-2.000000E+0	-4.723900E-2	4.233790E+4	3.579283E+4	2.819000E-3	1.009000E-1	-1.940000E-3	-4.723900E-2	4.106776E+1	7.555871E+2	2.819000E-3	2.130000E-3	1.000000E-4	0.000000E+0	1.000000E+0	3.000000E+0	1.000000E+0	3.000000E+0	1.000000E+0	2.790000E+2
6.655881E+0	-1.920000E+3	-1.919700E+0	-4.437400E-2	4.326182E+4	5.138462E+4	1.950000E-3	1.002000E-1	-2.710000E-3	-4.437400E-2	6.107180E+1	1.907692E+3	1.950000E-3	3.720000E-3	1.000000E-4	0.000000E+0	1.000000E+0	3.000000E+0	1.000000E+0	3.000000E+0	1.000000E+0	2.800000E+2
6.676932E+0	-1.840000E+3	-1.840000E+0	-4.220800E-2	4.359363E+4	3.639010E+4	2.748000E-3	1.000000E-1	-2.960000E-3	-4.220800E-2	7.012889E+1	8.187773E+2	2.748000E-3	2.250000E-3	1.000000E-4	0.000000E+0	1.000000E+0	3.000000E+0	1.000000E+0	3.000000E+0	1.000000E+0	2.810000E+2
6.698600E+0	-1.760000E+3	-1.760300E+0	-4.056600E-2	4.339348E+4	7.856586E+4	1.283000E-3	1.008000E-1	-4.070000E-3	-4.056600E-2	1.003303E+2	-8.495713E+2	1.283000E-3	-1.090000E-3	1.000000E-4	0.000000E+0	1.000000E+0	3.000000E+0	1.000000E+0	3.000000E+0	1.000000E+0	2.820000E+2
6.719668E+0	-1.680000E+3	-1.680100E+0	-3.986000E-2	4.215003E+4	5.860277E+4	1.732000E-3	1.015000E-1	-2.020000E-3	-3.986000E-2	5.067737E+1	1.530023E+3	1.732000E-3	2.650000E-3	1.000000E-4	0.000000E+0	1.000000E+0	3.000000E+0	1.000000E+0	3.000000E+0	1.000000E+0	2.830000E+2
6.741536E+0	-1.600000E+3	-1.599400E+0	-3.679900E-2	4.346314E+4	3.992791E+4	2.497000E-3	9.970000E-2	1.000000E-5	-3.679900E-2	-2.717465E-1	1.137365E+3	2.497000E-3	2.840000E-3	1.000000E-4	0.000000E+0	1.000000E+0	3.000000E+0	1.000000E+0	3.000000E+0	1.000000E+0	2.840000E+2
6.763137E+0	-1.520000E+3	-1.520000E+0	-3.506100E-2	4.335301E+4	5.283519E+4	1.887000E-3	9.970000E-2	-3.200000E-4	-3.506100E-2	9.126950E+0	2.310546E+3	1.887000E-3	4.360000E-3	1.000000E-4	0.000000E+0	1.000000E+0	3.000000E+0	1.000000E+0	3.000000E+0	1.000000E+0	2.850000E+2
6.785955E+0	-1.440000E+3	-1.439200E+0	-3.200600E-2	4.496657E+4	8.801400E+4	1.143000E-3	1.006000E-1	-2.290000E-3	-3.200600E-2	7.154908E+1	5.336833E+2	1.143000E-3	6.100000E-4	1.000000E-4	0.000000E+0	1.000000E+0	3.000000E+0	1.000000E+0	3.000000E+0	1.000000E+0	2.860000E+2
6.806889E+0	-1.360000E+3	-1.359100E+0	-2.983000E-2	4.556152E+4	8.948787E+4	1.113000E-3	9.960000E-2	-2.130000E-3	-2.983000E-2	7.140463E+1	6.109614E+2	1.113000E-3	6.800000E-4	1.000000E-4	0.000000E+0	1.000000E+0	3.000000E+0	1.000000E+0	3.000000E+0	1.000000E+0	2.870000E+2
6.828657E+0	-1.280000E+3	-1.279900E+0	-2.904100E-2	4.407217E+4	3.425798E+4	2.884000E-3	9.880000E-2	-2.270000E-3	-2.904100E-2	7.816535E+1	2.253814E+2	2.884000E-3	6.500000E-4	1.000000E-4	0.000000E+0	1.000000E+0	3.000000E+0	1.000000E+0	3.000000E+0	1.000000E+0	2.880000E+2
6.849842E+0	-1.200000E+3	-1.199400E+0	-2.658000E-2	4.512415E+4	5.371857E+4	1.869000E-3	1.004000E-1	4.600000E-4	-2.658000E-2	-1.730625E+1	1.856608E+3	1.869000E-3	3.470000E-3	1.000000E-4	0.000000E+0	1.000000E+0	3.000000E+0	1.000000E+0	3.000000E+0	1.000000E+0	2.890000E+2
6.871660E+0	-1.120000E+3	-1.120200E+0	-2.404800E-2	4.658184E+4	4.729794E+4	2.091000E-3	9.890000E-2	-3.110000E-3	-2.404800E-2	1.293247E+2	9.469154E+2	2.091000E-3	1.980000E-3	1.000000E-4	0.000000E+0	1.000000E+0	3.000000E+0	1.000000E+0	3.000000E+0	1.000000E+0	2.900000E+2
6.892944E+0	-1.040000E+3	-1.040200E+0	-2.308800E-2	4.505371E+4	5.358104E+4	1.857000E-3	9.950000E-2	-1.700000E-4	-2.308800E-2	7.363132E+0	-3.769521E+2	1.857000E-3	-7.000000E-4	1.000000E-4	0.000000E+0	1.000000E+0	3.000000E+0	1.000000E+0	3.000000E+0	1.000000E+0	2.910000E+2
6.915162E+0	-9.600000E+2	-9.598000E-1	-2.115500E-2	4.536989E+4	4.758258E+4	2.089000E-3	9.940000E-2	-7.700000E-4	-2.115500E-2	3.639801E+1	8.042125E+2	2.089000E-3	1.680000E-3	1.000000E-4	0.000000E+0	1.000000E+0	3.000000E+0	1.000000E+0	3.000000E+0	1.000000E+0	2.920000E+2
6.936313E+0	-8.800000E+2	-8.794000E-1	-1.837200E-2	4.786632E+4	5.065065E+4	1.998000E-3	1.012000E-1	-4.700000E-4	-1.837200E-2	2.558241E+1	-4.504505E+1	1.998000E-3	-9.000000E-5	1.000000E-4	0.000000E+0	1.000000E+0	3.000000E+0	1.000000E+0	3.000000E+0	1.000000E+0	2.930000E+2
6.958548E+0	-8.000000E+2	-7.998000E-1	-1.662600E-2	4.810538E+4	3.637347E+4	2.774000E-3	1.009000E-1	1.050000E-3	-1.662600E-2	-6.315410E+1	5.046864E+2	2.774000E-3	1.400000E-3	1.000000E-4	0.000000E+0	1.000000E+0	3.000000E+0	1.000000E+0	3.000000E+0	1.000000E+0	2.940000E+2
6.979783E+0	-7.200000E+2	-7.200000E-1	-1.447400E-2	4.974437E+4	3.372523E+4	2.977000E-3	1.004000E-1	9.700000E-4	-1.447400E-2	-6.701672E+1	2.687269E+1	2.977000E-3	8.000000E-5	1.000000E-4	0.000000E+0	1.000000E+0	3.000000E+0	1.000000E+0	3.000000E+0	1.000000E+0	2.950000E+2
7.001884E+0	-6.400000E+2	-6.396000E-1	-1.370800E-2	4.665889E+4	5.856808E+4	1.704000E-3	9.980000E-2	9.800000E-4	-1.370800E-2	-7.149110E+1	9.741784E+2	1.704000E-3	1.660000E-3	1.000000E-4	0.000000E+0	1.000000E+0	3.000000E+0	1.000000E+0	3.000000E+0	1.000000E+0	2.960000E+2
7.023135E+0	-5.600000E+2	-5.601000E-1	-1.276200E-2	4.388811E+4	6.226183E+4	1.627000E-3	1.013000E-1	-9.800000E-4	-1.276200E-2	7.679047E+1	2.827289E+3	1.627000E-3	4.600000E-3	1.000000E-4	0.000000E+0	1.000000E+0	3.000000E+0	1.000000E+0	3.000000E+0	1.000000E+0	2.970000E+2
7.044753E+0	-4.800000E+2	-4.805000E-1	-9.762000E-3	4.922147E+4	4.182125E+4	2.372000E-3	9.920000E-2	3.750000E-3	-9.762000E-3	-3.841426E+2	1.340641E+3	2.372000E-3	3.180000E-3	1.000000E-4	0.000000E+0	1.000000E+0	3.000000E+0	1.000000E+0	3.000000E+0	1.000000E+0	2.980000E+2
7.065904E+0	-4.000000E+2	-4.000000E-1	-8.151000E-3	4.907373E+4	6.713900E+4	1.482000E-3	9.950000E-2	1.880000E-3	-8.151000E-3	-2.306465E+2	2.834008E+2	1.482000E-3	4.200000E-4	1.000000E-4	0.000000E+0	1.000000E+0	3.000000E+0	1.000000E+0	3.000000E+0	1.000000E+0	2.990000E+2
7.088022E+0	-3.200000E+2	-3.195000E-1	-6.693000E-3	4.773644E+4	3.918495E+4	2.552000E-3	1.000000E-1	1.330000E-3	-6.693000E-3	-1.987151E+2	-5.094044E+1	2.552000E-3	-1.300000E-4	1.000000E-4	0.000000E+0	1.000000E+0	3.000000E+0	1.000000E+0	3.000000E+0	1.000000E+0	3.000000E+2
7.109140E+0	-2.400000E+2	-2.394000E-1	-4.397000E-3	5.444621E+4	6.493256E+4	1.557000E-3	1.011000E-1	2.320000E-3	-4.397000E-3	-5.276325E+2	1.483622E+3	1.557000E-3	2.310000E-3	1.000000E-4	0.000000E+0	1.000000E+0	3.000000E+0	1.000000E+0	3.000000E+0	1.000000E+0	3.010000E+2
7.130775E+0	-1.600000E+2	-1.591000E-1	-2.911000E-3	5.465476E+4	4.775977E+4	2.098000E-3	1.002000E-1	5.190000E-3	-2.911000E-3	-1.782892E+3	1.444233E+3	2.098000E-3	3.030000E-3	1.000000E-4	0.000000E+0	1.000000E+0	3.000000E+0	1.000000E+0	3.000000E+0	1.000000E+0	3.020000E+2
7.151842E+0	-8.000000E+1	-7.990000E-2	-6.130000E-4	1.303426E+5	9.251386E+4	1.082000E-3	1.001000E-1	-3.300000E-4	-6.130000E-4	5.383361E+2	2.587800E+3	1.082000E-3	2.800000E-3	1.000000E-4	0.000000E+0	1.000000E+0	3.000000E+0	1.000000E+0	3.000000E+0	1.000000E+0	3.030000E+2
7.173660E+0	0.000000E+0	-7.000000E-4	2.000000E-4	-3.500000E+3	6.809233E+4	1.473000E-3	1.003000E-1	3.640000E-3	2.000000E-4	1.820000E+4	2.511881E+3	1.473000E-3	3.700000E-3	1.000000E-4	0.000000E+0	1.000000E+0	3.000000E+0	1.000000E+0	3.000000E+0	1.000000E+0	3.040000E+2
7.194778E+0	8.000000E+1	7.980000E-2	1.488000E-3	5.362903E+4	1.296675E+5	7.820000E-4	1.014000E-1	-1.000000E-5	1.488000E-3	-6.720430E+0	4.744246E+3	7.820000E-4	3.710000E-3	1.000000E-4	0.000000E+0	1.000000E+0	3.000000E+0	1.000000E+0	3.000000E+0	1.000000E+0	3.050000E+2
7.216663E+0	1.600000E+2	1.609000E-1	3.769000E-3	4.269037E+4	5.402667E+4	1.875000E-3	1.013000E-1	4.210000E-3	3.769000E-3	1.117007E+3	2.229333E+3	1.875000E-3	4.180000E-3	1.000000E-4	0.000000E+0	1.000000E+0	3.000000E+0	1.000000E+0	3.000000E+0	1.000000E+0	3.060000E+2
7.237931E+0	2.400000E+2	2.402000E-1	4.792000E-3	5.012521E+4	8.326360E+4	1.195000E-3	9.950000E-2	2.690000E-3	4.792000E-3	5.613523E+2	1.430962E+3	1.195000E-3	1.710000E-3	1.000000E-4	0.000000E+0	1.000000E+0	3.000000E+0	1.000000E+0	3.000000E+0	1.000000E+0	3.070000E+2
7.260065E+0	3.200000E+2	3.202000E-1	6.715000E-3	4.768429E+4	4.360902E+4	2.261000E-3	9.860000E-2	1.090000E-3	6.715000E-3	1.623232E+2	1.092437E+3	2.261000E-3	2.470000E-3	1.000000E-4	0.000000E+0	1.000000E+0	3.000000E+0	1.000000E+0	3.000000E+0	1.000000E+0	3.080000E+2
7.281383E+0	4.000000E+2	3.993000E-1	8.341000E-3	4.787196E+4	4.460432E+4	2.224000E-3	9.920000E-2	3.170000E-3	8.341000E-3	3.800504E+2	1.528777E+2	2.224000E-3	3.400000E-4	1.000000E-4	0.000000E+0	1.000000E+0	3.000000E+0	1.000000E+0	3.000000E+0	1.000000E+0	3.090000E+2
7.303034E+0	4.800000E+2	4.807000E-1	9.060000E-3	5.305740E+4	2.593264E+5	3.860000E-4	1.001000E-1	2.870000E-3	9.060000E-3	3.167770E+2	1.310881E+4	3.860000E-4	5.060000E-3	1.000000E-4	0.000000E+0	1.000000E+0	3.000000E+0	1.000000E+0	3.000000E+0	1.000000E+0	3.100000E+2
7.324452E+0	5.600000E+2	5.604000E-1	1.089500E-2	5.143644E+4	3.995177E+4	2.488000E-3	9.940000E-2	5.080000E-3	1.089500E-2	4.662689E+2	1.611736E+3	2.488000E-3	4.010000E-3	1.000000E-4	0.000000E+0	1.000000E+0	3.000000E+0	1.000000E+0	3.000000E+0	1.000000E+0	3.110000E+2
7.347170E+0	6.400000E+2	6.399000E-1	1.301000E-2	4.918524E+4	5.402051E+4	1.853000E-3	1.001000E-1	8.000000E-3	1.301000E-2	6.149116E+2	9.174312E+2	1.853000E-3	1.700000E-3	1.000000E-4	0.000000E+0	1.000000E+0	3.000000E+0	1.000000E+0	3.000000E+0	1.000000E+0	3.120000E+2
7.368338E+0	7.200000E+2	7.194000E-1	1.324600E-2	5.431074E+4	4.174717E+4	2.381000E-3	9.940000E-2	6.530000E-3	1.324600E-2	4.929790E+2	1.301974E+3	2.381000E-3	3.100000E-3	1.000000E-4	0.000000E+0	1.000000E+0	3.000000E+0	1.000000E+0	3.000000E+0	1.000000E+0	3.130000E+2
7.389973E+0	8.000000E+2	8.004000E-1	1.714600E-2	4.668144E+4	1.839709E+5	5.490000E-4	1.010000E-1	5.770000E-3	1.714600E-2	3.365216E+2	1.566485E+3	5.490000E-4	8.600000E-4	1.000000E-4	0.000000E+0	1.000000E+0	3.000000E+0	1.000000E+0	3.000000E+0	1.000000E+0	3.140000E+2
7.411091E+0	8.800000E+2	8.806000E-1	1.947000E-2	4.522856E+4	4.714757E+4	2.121000E-3	1.000000E-1	8.680000E-3	1.947000E-2	4.458141E+2	1.221122E+3	2.121000E-3	2.590000E-3	1.000000E-4	0.000000E+0	1.000000E+0	3.000000E+0	1.000000E+0	3.000000E+0	1.000000E+0	3.150000E+2
7.432708E+0	9.600000E+2	9.605000E-1	2.024800E-2	4.743678E+4	4.229798E+4	2.376000E-3	1.005000E-1	7.270000E-3	2.024800E-2	3.590478E+2	1.637205E+3	2.376000E-3	3.890000E-3	1.000000E-4	0.000000E+0	1.000000E+0	3.000000E+0	1.000000E+0	3.000000E+0	1.000000E+0	3.160000E+2
7.453860E+0	1.040000E+3	1.039300E+0	2.237800E-2	4.644294E+4	3.946846E+4	2.521000E-3	9.950000E-2	8.000000E-3	2.237800E-2	3.574940E+2	8.726696E+2	2.521000E-3	2.200000E-3	1.000000E-4	0.000000E+0	1.000000E+0	3.000000E+0	1.000000E+0	3.000000E+0	1.000000E+0	3.170000E+2
7.476044E+0	1.120000E+3	1.120800E+0	2.437400E-2	4.598342E+4	1.054852E+5	9.480000E-4	1.000000E-1	8.350000E-3	2.437400E-2	3.425782E+2	4.493671E+3	9.480000E-4	4.260000E-3	1.000000E-4	0.000000E+0	1.000000E+0	3.000000E+0	1.000000E+0	3.000000E+0	1.000000E+0	3.180000E+2
7.497362E+0	1.200000E+3	1.199800E+0	2.600700E-2	4.613373E+4	4.065173E+4	2.455000E-3	9.980000E-2	8.310000E-3	2.600700E-2	3.195294E+2	2.077393E+3	2.455000E-3	5.100000E-3	1.000000E-4	0.000000E+0	1.000000E+0	3.000000E+0	1.000000E+0	3.000000E+0	1.000000E+0	3.190000E+2
7.519597E+0	1.280000E+3	1.278600E+0	2.752000E-2	4.646076E+4	7.206623E+4	1.389000E-3	1.001000E-1	7.940000E-3	2.752000E-2	2.885174E+2	4.024478E+3	1.389000E-3	5.590000E-3	1.000000E-4	0.000000E+0	1.000000E+0	3.000000E+0	1.000000E+0	3.000000E+0	1.000000E+0	3.200000E+2
7.540781E+0	1.360000E+3	1.360400E+0	3.042800E-2	4.470882E+4	1.023374E+5	9.840000E-4	1.007000E-1	9.460000E-3	3.042800E-2	3.108979E+2	5.132114E+3	9.840000E-4	5.050000E-3	1.000000E-4	0.000000E+0	1.000000E+0	3.000000E+0	1.000000E+0	3.000000E+0	1.000000E+0	3.210000E+2
7.563733E+0	1.440000E+3	1.440800E+0	3.152800E-2	4.569906E+4	4.354067E+4	2.299000E-3	1.001000E-1	8.490000E-3	3.152800E-2	2.692844E+2	2.557634E+3	2.299000E-3	5.880000E-3	1.000000E-4	0.000000E+0	1.000000E+0	3.000000E+0	1.000000E+0	3.000000E+0	1.000000E+0	3.220000E+2
7.584884E+0	1.520000E+3	1.520100E+0	3.424500E-2	4.438896E+4	6.331026E+4	1.589000E-3	1.006000E-1	9.330000E-3	3.424500E-2	2.724485E+2	2.781624E+3	1.589000E-3	4.420000E-3	1.000000E-4	0.000000E+0	1.000000E+0	3.000000E+0	1.000000E+0	3.000000E+0	1.000000E+0	3.230000E+2
7.606868E+0	1.600000E+3	1.600500E+0	3.599800E-2	4.446080E+4	7.925574E+4	1.263000E-3	1.001000E-1	1.114000E-2	3.599800E-2	3.094616E+2	5.653207E+3	1.263000E-3	7.140000E-3	1.000000E-4	0.000000E+0	1.000000E+0	3.000000E+0	1.000000E+0	3.000000E+0	1.000000E+0	3.240000E+2
7.628003E+0	1.680000E+3	1.680700E+0	3.690800E-2	4.553755E+4	5.453564E+4	1.852000E-3	1.010000E-1	9.130000E-3	3.690800E-2	2.473718E+2	2.224622E+3	1.852000E-3	4.120000E-3	1.000000E-4	0.000000E+0	1.000000E+0	3.000000E+0	1.000000E+0	3.000000E+0	1.000000E+0	3.250000E+2
7.649904E+0	1.760000E+3	1.759800E+0	3.969700E-2	4.433081E+4	1.075512E+5	9.270000E-4	9.970000E-2	1.033000E-2	3.969700E-2	2.602212E+2	8.975189E+3	9.270000E-4	8.320000E-3	1.000000E-4	0.000000E+0	1.000000E+0	3.000000E+0	1.000000E+0	3.000000E+0	1.000000E+0	3.260000E+2
7.671089E+0	1.840000E+3	1.840500E+0	4.154100E-2	4.430563E+4	4.813559E+4	2.065000E-3	9.940000E-2	8.870000E-3	4.154100E-2	2.135240E+2	1.869249E+3	2.065000E-3	3.860000E-3	1.000000E-4	0.000000E+0	1.000000E+0	3.000000E+0	1.000000E+0	3.000000E+0	1.000000E+0	3.270000E+2
7.693157E+0	1.920000E+3	1.920200E+0	4.314300E-2	4.450780E+4	5.350184E+4	1.899000E-3	1.016000E-1	1.119000E-2	4.314300E-2	2.593700E+2	3.175355E+3	1.899000E-3	6.030000E-3	1.000000E-4	0.000000E+0	1.000000E+0	3.000000E+0	1.000000E+0	3.000000E+0	1.000000E+0	3.280000E+2
7.714091E+0	2.000000E+3	1.999900E+0	4.576500E-2	4.369933E+4	4.308874E+4	2.344000E-3	1.010000E-1	1.070000E-2	4.576500E-2	2.338031E+2	8.489761E+2	2.344000E-3	1.990000E-3	1.000000E-4	0.000000E+0	1.000000E+0	3.000000E+0	1.000000E+0	3.000000E+0	1.000000E+0	3.290000E+2
7.735809E+0	2.000000E+3	2.000700E+0	4.492100E-2	4.453819E+4	1.458755E+5	6.910000E-4	1.008000E-1	1.059000E-2	4.492100E-2	2.357472E+2	3.979740E+3	6.910000E-4	2.750000E-3	1.000000E-4	0.000000E+0	1.000000E+0	3.000000E+0	1.000000E+0	3.000000E+0	1.000000E+0	3.300000E+2
7.757060E+0	1.920000E+3	1.920900E+0	4.387600E-2	4.378020E+4	2.992571E+4	3.365000E-3	1.007000E-1	8.250000E-3	4.387600E-2	1.880299E+2	1.271917E+3	3.365000E-3	4.280000E-3	1.000000E-4	0.000000E+0	1.000000E+0	3.000000E+0	1.000000E+0	3.000000E+0	1.000000E+0	3.310000E+2
7.779095E+0	1.840000E+3	1.841500E+0	4.122200E-2	4.467275E+4	9.333959E+4	1.066000E-3	9.950000E-2	9.460000E-3	4.122200E-2	2.294891E+2	4.840525E+3	1.066000E-3	5.160000E-3	1.000000E-4	0.000000E+0	1.000000E+0	3.000000E+0	1.000000E+0	3.000000E+0	1.000000E+0	3.320000E+2
7.800379E+0	1.760000E+3	1.761100E+0	3.940000E-2	4.469797E+4	3.965927E+4	2.524000E-3	1.001000E-1	9.230000E-3	3.940000E-2	2.342640E+2	3.347861E+3	2.524000E-3	8.450000E-3	1.000000E-4	0.000000E+0	1.000000E+0	3.000000E+0	1.000000E+0	3.000000E+0	1.000000E+0	3.330000E+2
7.822097E+0	1.680000E+3	1.679700E+0	3.796400E-2	4.424455E+4	6.078431E+4	1.632000E-3	9.920000E-2	6.980000E-3	3.796400E-2	1.838584E+2	3.247549E+3	1.632000E-3	5.300000E-3	1.000000E-4	0.000000E+0	1.000000E+0	3.000000E+0	1.000000E+0	3.000000E+0	1.000000E+0	3.340000E+2
7.843299E+0	1.600000E+3	1.600000E+0	3.564400E-2	4.488834E+4	6.974144E+4	1.431000E-3	9.980000E-2	7.790000E-3	3.564400E-2	2.185501E+2	6.051712E+3	1.431000E-3	8.660000E-3	1.000000E-4	0.000000E+0	1.000000E+0	3.000000E+0	1.000000E+0	3.000000E+0	1.000000E+0	3.350000E+2
7.865483E+0	1.520000E+3	1.520000E+0	3.295700E-2	4.612070E+4	3.906126E+4	2.514000E-3	9.820000E-2	5.410000E-3	3.295700E-2	1.641533E+2	1.933174E+3	2.514000E-3	4.860000E-3	1.000000E-4	0.000000E+0	1.000000E+0	3.000000E+0	1.000000E+0	3.000000E+0	1.000000E+0	3.360000E+2
7.886518E+0	1.440000E+3	1.440100E+0	3.072800E-2	4.686605E+4	3.829212E+4	2.588000E-3	9.910000E-2	9.090000E-3	3.072800E-2	2.958214E+2	2.897991E+3	2.588000E-3	7.500000E-3	1.000000E-4	0.000000E+0	1.000000E+0	3.000000E+0	1.000000E+0	3.000000E+0	1.000000E+0	3.370000E+2
7.908319E+0	1.360000E+3	1.360300E+0	2.892700E-2	4.702527E+4	3.113940E+4	3.221000E-3	1.003000E-1	8.060000E-3	2.892700E-2	2.786324E+2	1.800683E+3	3.221000E-3	5.800000E-3	1.000000E-4	0.000000E+0	1.000000E+0	3.000000E+0	1.000000E+0	3.000000E+0	1.000000E+0	3.380000E+2
7.929354E+0	1.280000E+3	1.280100E+0	2.945500E-2	4.345951E+4	5.378378E+4	1.850000E-3	9.950000E-2	6.270000E-3	2.945500E-2	2.128671E+2	2.254054E+3	1.850000E-3	4.170000E-3	1.000000E-4	0.000000E+0	1.000000E+0	3.000000E+0	1.000000E+0	3.000000E+0	1.000000E+0	3.390000E+2
7.951171E+0	1.200000E+3	1.199900E+0	2.570400E-2	4.668145E+4	3.407279E+4	2.885000E-3	9.830000E-2	7.810000E-3	2.570400E-2	3.038438E+2	2.606586E+3	2.885000E-3	7.520000E-3	1.000000E-4	0.000000E+0	1.000000E+0	3.000000E+0	1.000000E+0	3.000000E+0	1.000000E+0	3.400000E+2
7.972356E+0	1.120000E+3	1.119200E+0	2.475900E-2	4.520376E+4	8.931095E+4	1.132000E-3	1.011000E-1	9.370000E-3	2.475900E-2	3.784482E+2	6.024735E+3	1.132000E-3	6.820000E-3	1.000000E-4	0.000000E+0	1.000000E+0	3.000000E+0	1.000000E+0	3.000000E+0	1.000000E+0	3.410000E+2
7.994974E+0	1.040000E+3	1.040300E+0	2.127100E-2	4.890696E+4	5.498904E+4	1.824000E-3	1.003000E-1	6.840000E-3	2.127100E-2	3.215646E+2	2.730263E+3	1.824000E-3	4.980000E-3	1.000000E-4	0.000000E+0	1.000000E+0	3.000000E+0	1.000000E+0	3.000000E+0	1.000000E+0	3.420000E+2
8.016375E+0	9.600000E+2	9.596000E-1	2.147500E-2	4.468452E+4	1.562597E+5	6.470000E-4	1.011000E-1	5.120000E-3	2.147500E-2	2.384168E+2	1.159196E+4	6.470000E-4	7.500000E-3	1.000000E-4	0.000000E+0	1.000000E+0	3.000000E+0	1.000000E+0	3.000000E+0	1.000000E+0	3.430000E+2
1.007491E+1	8.800000E+2	8.806000E-1	1.855700E-2	4.745379E+4	7.040960E+4	1.416000E-3	9.970000E-2	7.140000E-3	1.855700E-2	3.847605E+2	4.964689E+3	1.416000E-3	7.030000E-3	1.000000E-4	0.000000E+0	1.000000E+0	3.000000E+0	1.000000E+0	3.000000E+0	1.000000E+0	3.440000E+2
1.009604E+1	8.000000E+2	8.007000E-1	1.636100E-2	4.893955E+4	7.740200E+4	1.301000E-3	1.007000E-1	9.050000E-3	1.636100E-2	5.531447E+2	6.133743E+3	1.301000E-3	7.980000E-3	1.000000E-4	0.000000E+0	1.000000E+0	3.000000E+0	1.000000E+0	3.000000E+0	1.000000E+0	3.450000E+2
1.011773E+1	7.200000E+2	7.198000E-1	1.610600E-2	4.469142E+4	6.666667E+4	1.515000E-3	1.010000E-1	9.150000E-3	1.610600E-2	5.681113E+2	5.267327E+3	1.515000E-3	7.980000E-3	1.000000E-4	0.000000E+0	1.000000E+0	3.000000E+0	1.000000E+0	3.000000E+0	1.000000E+0	3.460000E+2
1.013875E+1	6.400000E+2	6.412000E-1	1.298400E-2	4.938386E+4	1.116740E+5	9.080000E-4	1.014000E-1	1.273000E-2	1.298400E-2	9.804375E+2	1.081498E+4	9.080000E-4	9.820000E-3	1.000000E-4	0.000000E+0	1.000000E+0	3.000000E+0	1.000000E+0	3.000000E+0	1.000000E+0	3.470000E+2
1.016043E+1	5.600000E+2	5.601000E-1	1.205500E-2	4.646205E+4	5.890330E+4	1.696000E-3	9.990000E-2	9.620000E-3	1.205500E-2	7.980091E+2	3.867925E+3	1.696000E-3	6.560000E-3	1.000000E-4	0.000000E+0	1.000000E+0	3.000000E+0	1.000000E+0	3.000000E+0	1.000000E+0	3.480000E+2
1.018157E+1	4.800000E+2	4.806000E-1	9.039000E-3	5.316960E+4	5.436681E+4	1.832000E-3	9.960000E-2	7.370000E-3	9.039000E-3	8.153557E+2	5.469432E+3	1.832000E-3	1.002000E-2	1.000000E-4	0.000000E+0	1.000000E+0	3.000000E+0	1.000000E+0	3.000000E+0	1.000000E+0	3.490000E+2
1.020332E+1	4.000000E+2	4.003000E-1	8.478000E-3	4.721632E+4	1.388350E+5	7.210000E-4	1.001000E-1	8.080000E-3	8.478000E-3	9.530550E+2	1.450763E+4	7.210000E-4	1.046000E-2	1.000000E-4	0.000000E+0	1.000000E+0	3.000000E+0	1.000000E+0	3.000000E+0	1.000000E+0	3.500000E+2
1.022438E+1	3.200000E+2	3.198000E-1	7.263000E-3	4.403139E+4	3.612223E+4	2.749000E-3	9.930000E-2	9.980000E-3	7.263000E-3	1.374088E+3	3.892324E+3	2.749000E-3	1.070000E-2	1.000000E-4	0.000000E+0	1.000000E+0	3.000000E+0	1.000000E+0	3.000000E+0	1.000000E+0	3.510000E+2
1.024612E+1	2.400000E+2	2.399000E-1	5.017000E-3	4.781742E+4	8.705162E+4	1.143000E-3	9.950000E-2	1.090000E-2	5.017000E-3	2.172613E+3	8.608924E+3	1.143000E-3	9.840000E-3	1.000000E-4	0.000000E+0	1.000000E+0	3.000000E+0	1.000000E+0	3.000000E+0	1.000000E+0	3.520000E+2
1.026717E+1	1.600000E+2	1.602000E-1	3.013000E-3	5.316960E+4	6.150990E+4	1.616000E-3	9.940000E-2	7.550000E-3	3.013000E-3	2.505808E+3	6.089109E+3	1.616000E-3	9.840000E-3	1.000000E-4	0.000000E+0	1.000000E+0	3.000000E+0	1.000000E+0	3.000000E+0	1.000000E+0	3.530000E+2
1.028911E+1	8.000000E+1	8.150000E-2	1.441000E-3	5.655795E+4	5.142712E+4	1.962000E-3	1.009000E-1	1.016000E-2	1.441000E-3	7.050659E+3	4.322120E+3	1.962000E-3	8.480000E-3	1.000000E-4	0.000000E+0	1.000000E+0	3.000000E+0	1.000000E+0	3.000000E+0	1.000000E+0	3.540000E+2
1.031024E+1	0.000000E+0	0.000000E+0	-5.120000E-4	0.000000E+0	9.152233E+4	1.097000E-3	1.004000E-1	1.188000E-2	-5.120000E-4	-2.320312E+4	1.106655E+4	1.097000E-3	1.214000E-2	1.000000E-4	0.000000E+0	1.000000E+0	3.000000E+0	1.000000E+0	3.000000E+0	1.000000E+0	3.550000E+2
1.033236E+1	-8.000000E+1	-7.990000E-2	-1.001000E-3	7.982018E+4	2.255125E+5	4.390000E-4	9.900000E-2	8.580000E-3	-1.001000E-3	-8.571429E+3	2.464692E+4	4.390000E-4	1.082000E-2	1.000000E-4	0.000000E+0	1.000000E+0	3.000000E+0	1.000000E+0	3.000000E+0	1.000000E+0	3.560000E+2
1.035379E+1	-1.600000E+2	-1.602000E-1	-2.797000E-3	5.727565E+4	6.341463E+4	1.599000E-3	1.014000E-1	8.230000E-3	-2.797000E-3	-2.942438E+3	7.148218E+3	1.599000E-3	1.143000E-2	1.000000E-4	0.000000E+0	1.000000E+0	3.000000E+0	1.000000E+0	3.000000E+0	1.000000E+0	3.570000E+2
1.037581E+1	-2.400000E+2	-2.398000E-1	-5.587000E-3	4.292107E+4	4.195184E+4	2.367000E-3	9.930000E-2	7.700000E-3	-5.587000E-3	-1.378199E+3	3.675539E+3	2.367000E-3	8.700000E-3	1.000000E-4	0.000000E+0	1.000000E+0	3.000000E+0	1.000000E+0	3.000000E+0	1.000000E+0	3.580000E+2
1.039691E+1	-3.200000E+2	-3.200000E-1	-5.789000E-3	5.527725E+4	4.443952E+4	2.257000E-3	1.003000E-1	7.390000E-3	-5.789000E-3	-1.276559E+3	5.281347E+3	2.257000E-3	1.192000E-2	1.000000E-4	0.000000E+0	1.000000E+0	3.000000E+0	1.000000E+0	3.000000E+0	1.000000E+0	3.590000E+2
1.041870E+1	-4.000000E+2	-3.998000E-1	-8.893000E-3	4.495671E+4	6.487549E+4	1.526000E-3	9.900000E-2	1.060000E-2	-8.893000E-3	-1.191949E+3	7.162516E+3	1.526000E-3	1.093000E-2	1.000000E-4	0.000000E+0	1.000000E+0	3.000000E+0	1.000000E+0	3.000000E+0	1.000000E+0	3.600000E+2
1.043980E+1	-4.800000E+2	-4.787000E-1	-1.012900E-2	4.726034E+4	5.893491E+4	1.690000E-3	9.960000E-2	8.120000E-3	-1.012900E-2	-8.016586E+2	5.781065E+3	1.690000E-3	9.770000E-3	1.000000E-4	0.000000E+0	1.000000E+0	3.000000E+0	1.000000E+0	3.000000E+0	1.000000E+0	3.610000E+2
