Tiempo (min)	I pulso(mA)	Vinst 1 (V)	Iinst 1 (mA)	Rinst 1(Ohm)	Rrem 1 (Ohm)	Ibias 1 (mA)	Vbias 1 (V)	Vinst 2 (V)	Iinst 2 (mA)	Rinst 2(Ohm)	Rrem 2 (Ohm)	Ibias 2 (mA)	Vbias 2 (V)	Ancho pulso (s)	Periodo (s)	Icc 1 (mA)	Vcc 1 (V)	Icc 2 (mA)	Vcc 2 (V)	2W 1?	N1.827938E-1	1.000000E+2	9.960000E-2	3.845100E-4	2.590310E+5	3.135359E+5	1.276090E-3	4.001000E-1	4.763200E-2	3.845100E-4	1.238771E+5	3.772069E+4	1.276090E-3	4.813500E-2	1.000000E-2	0.000000E+0	1.000000E-2	1.000000E+0	1.000000E-2	1.000000E+0	1.000000E+0	1.000000E+0
2.040283E-1	1.250000E+2	1.257000E-1	2.106300E-4	5.967811E+5	3.317985E+5	1.203140E-3	3.992000E-1	4.592900E-2	2.106300E-4	2.180554E+5	3.945177E+4	1.203140E-3	4.746600E-2	1.000000E-2	0.000000E+0	1.000000E-2	1.000000E+0	1.000000E-2	1.000000E+0	1.000000E+0	2.000000E+0
2.249629E-1	1.500000E+2	1.494000E-1	2.782400E-4	5.369465E+5	3.634913E+5	1.102640E-3	4.008000E-1	4.741800E-2	2.782400E-4	1.704212E+5	4.384024E+4	1.102640E-3	4.834000E-2	1.000000E-2	0.000000E+0	1.000000E-2	1.000000E+0	1.000000E-2	1.000000E+0	1.000000E+0	3.000000E+0
2.460974E-1	1.750000E+2	1.739000E-1	5.718800E-4	3.040848E+5	3.056825E+5	1.305930E-3	3.992000E-1	4.828700E-2	5.718800E-4	8.443555E+4	3.712910E+4	1.305930E-3	4.848800E-2	1.000000E-2	0.000000E+0	1.000000E-2	1.000000E+0	1.000000E-2	1.000000E+0	1.000000E+0	4.000000E+0
2.670986E-1	2.000000E+2	1.999000E-1	5.435000E-4	3.678013E+5	3.017222E+5	1.325060E-3	3.998000E-1	4.700700E-2	5.435000E-4	8.648942E+4	3.755075E+4	1.325060E-3	4.975700E-2	1.000000E-2	0.000000E+0	1.000000E-2	1.000000E+0	1.000000E-2	1.000000E+0	1.000000E+0	5.000000E+0
2.881831E-1	2.250000E+2	2.249000E-1	7.774800E-4	2.892679E+5	2.992802E+5	1.336540E-3	4.000000E-1	4.793700E-2	7.774800E-4	6.165689E+4	3.640145E+4	1.336540E-3	4.865200E-2	1.000000E-2	0.000000E+0	1.000000E-2	1.000000E+0	1.000000E-2	1.000000E+0	1.000000E+0	6.000000E+0
3.103677E-1	2.500000E+2	2.498000E-1	7.530000E-4	3.317397E+5	3.355772E+5	1.191380E-3	3.998000E-1	4.695400E-2	7.530000E-4	6.235591E+4	3.915879E+4	1.191380E-3	4.665300E-2	1.000000E-2	0.000000E+0	1.000000E-2	1.000000E+0	1.000000E-2	1.000000E+0	1.000000E+0	7.000000E+0
3.312523E-1	2.750000E+2	2.751000E-1	9.381500E-4	2.932367E+5	3.085733E+5	1.294020E-3	3.993000E-1	4.878900E-2	9.381500E-4	5.200554E+4	3.604349E+4	1.294020E-3	4.664100E-2	1.000000E-2	0.000000E+0	1.000000E-2	1.000000E+0	1.000000E-2	1.000000E+0	1.000000E+0	8.000000E+0
3.531035E-1	3.000000E+2	2.983000E-1	7.742000E-4	3.853010E+5	3.114642E+5	1.285220E-3	4.003000E-1	4.646100E-2	7.742000E-4	6.001162E+4	3.585145E+4	1.285220E-3	4.607700E-2	1.000000E-2	0.000000E+0	1.000000E-2	1.000000E+0	1.000000E-2	1.000000E+0	1.000000E+0	9.000000E+0
3.738214E-1	3.250000E+2	3.242000E-1	9.446800E-4	3.431850E+5	3.448513E+5	1.161660E-3	4.006000E-1	4.661800E-2	9.446800E-4	4.934793E+4	4.094141E+4	1.161660E-3	4.756000E-2	1.000000E-2	0.000000E+0	1.000000E-2	1.000000E+0	1.000000E-2	1.000000E+0	1.000000E+0	1.000000E+1
3.949726E-1	3.500000E+2	3.486000E-1	1.164850E-3	2.992660E+5	3.122634E+5	1.280970E-3	4.000000E-1	4.622700E-2	1.164850E-3	3.968494E+4	3.590951E+4	1.280970E-3	4.599900E-2	1.000000E-2	0.000000E+0	1.000000E-2	1.000000E+0	1.000000E-2	1.000000E+0	1.000000E+0	1.100000E+1
4.162071E-1	3.750000E+2	3.746000E-1	1.135110E-3	3.300121E+5	2.991287E+5	1.335880E-3	3.996000E-1	4.599900E-2	1.135110E-3	4.052383E+4	3.540962E+4	1.335880E-3	4.730300E-2	1.000000E-2	0.000000E+0	1.000000E-2	1.000000E+0	1.000000E-2	1.000000E+0	1.000000E+0	1.200000E+1
4.374584E-1	4.000000E+2	3.996000E-1	1.128130E-3	3.542145E+5	3.558259E+5	1.122740E-3	3.995000E-1	4.798700E-2	1.128130E-3	4.253676E+4	4.153143E+4	1.122740E-3	4.662900E-2	1.000000E-2	0.000000E+0	1.000000E-2	1.000000E+0	1.000000E-2	1.000000E+0	1.000000E+0	1.300000E+1
4.586262E-1	4.250000E+2	4.251000E-1	1.431070E-3	2.970505E+5	3.122273E+5	1.283360E-3	4.007000E-1	4.846600E-2	1.431070E-3	3.386697E+4	3.674417E+4	1.283360E-3	4.715600E-2	1.000000E-2	0.000000E+0	1.000000E-2	1.000000E+0	1.000000E-2	1.000000E+0	1.000000E+0	1.400000E+1
4.798774E-1	4.500000E+2	4.503000E-1	1.379640E-3	3.263895E+5	3.043544E+5	1.315900E-3	4.005000E-1	4.897700E-2	1.379640E-3	3.549984E+4	3.631811E+4	1.315900E-3	4.779100E-2	1.000000E-2	0.000000E+0	1.000000E-2	1.000000E+0	1.000000E-2	1.000000E+0	1.000000E+0	1.500000E+1
5.008786E-1	4.750000E+2	4.754000E-1	1.387110E-3	3.427270E+5	3.251596E+5	1.228320E-3	3.994000E-1	4.651300E-2	1.387110E-3	3.353231E+4	3.883027E+4	1.228320E-3	4.769600E-2	1.000000E-2	0.000000E+0	1.000000E-2	1.000000E+0	1.000000E-2	1.000000E+0	1.000000E+0	1.600000E+1
5.218965E-1	5.000000E+2	5.003000E-1	1.551730E-3	3.224143E+5	3.232322E+5	1.237810E-3	4.001000E-1	4.750700E-2	1.551730E-3	3.061551E+4	3.842027E+4	1.237810E-3	4.755700E-2	1.000000E-2	0.000000E+0	1.000000E-2	1.000000E+0	1.000000E-2	1.000000E+0	1.000000E+0	1.700000E+1
5.429311E-1	5.250000E+2	5.257000E-1	1.718930E-3	3.058298E+5	3.297800E+5	1.212020E-3	3.997000E-1	4.881800E-2	1.718930E-3	2.840023E+4	3.894243E+4	1.212020E-3	4.719900E-2	1.000000E-2	0.000000E+0	1.000000E-2	1.000000E+0	1.000000E-2	1.000000E+0	1.000000E+0	1.800000E+1
5.638989E-1	5.500000E+2	5.505000E-1	1.688390E-3	3.260503E+5	3.261613E+5	1.227920E-3	4.005000E-1	4.806500E-2	1.688390E-3	2.846795E+4	3.922894E+4	1.227920E-3	4.817000E-2	1.000000E-2	0.000000E+0	1.000000E-2	1.000000E+0	1.000000E-2	1.000000E+0	1.000000E+0	1.900000E+1
5.849335E-1	5.750000E+2	5.753000E-1	1.772760E-3	3.245222E+5	2.958926E+5	1.350490E-3	3.996000E-1	4.891300E-2	1.772760E-3	2.759144E+4	3.586846E+4	1.350490E-3	4.844000E-2	1.000000E-2	0.000000E+0	1.000000E-2	1.000000E+0	1.000000E-2	1.000000E+0	1.000000E+0	2.000000E+1
6.060013E-1	6.000000E+2	6.006000E-1	1.993040E-3	3.013487E+5	3.008600E+5	1.327860E-3	3.995000E-1	4.919600E-2	1.993040E-3	2.468390E+4	3.580573E+4	1.327860E-3	4.754500E-2	1.000000E-2	0.000000E+0	1.000000E-2	1.000000E+0	1.000000E-2	1.000000E+0	1.000000E+0	2.100000E+1
6.272525E-1	6.250000E+2	6.245000E-1	1.970150E-3	3.169809E+5	3.073248E+5	1.301880E-3	4.001000E-1	4.859000E-2	1.970150E-3	2.466310E+4	3.619842E+4	1.301880E-3	4.712600E-2	1.000000E-2	0.000000E+0	1.000000E-2	1.000000E+0	1.000000E-2	1.000000E+0	1.000000E+0	2.200000E+1
6.484038E-1	6.500000E+2	6.504000E-1	2.140890E-3	3.037989E+5	3.290133E+5	1.217580E-3	4.006000E-1	4.810000E-2	2.140890E-3	2.246729E+4	3.956783E+4	1.217580E-3	4.817700E-2	1.000000E-2	0.000000E+0	1.000000E-2	1.000000E+0	1.000000E-2	1.000000E+0	1.000000E+0	2.300000E+1
6.691716E-1	6.750000E+2	6.749000E-1	2.018200E-3	3.344069E+5	3.484757E+5	1.148430E-3	4.002000E-1	4.883000E-2	2.018200E-3	2.419483E+4	4.097855E+4	1.148430E-3	4.706100E-2	1.000000E-2	0.000000E+0	1.000000E-2	1.000000E+0	1.000000E-2	1.000000E+0	1.000000E+0	2.400000E+1
6.904395E-1	7.000000E+2	6.994000E-1	2.243070E-3	3.118048E+5	3.235458E+5	1.236610E-3	4.001000E-1	4.895500E-2	2.243070E-3	2.182500E+4	3.760361E+4	1.236610E-3	4.650100E-2	1.000000E-2	0.000000E+0	1.000000E-2	1.000000E+0	1.000000E-2	1.000000E+0	1.000000E+0	2.500000E+1
7.115240E-1	7.250000E+2	7.252000E-1	2.172140E-3	3.338643E+5	3.612390E+5	1.107300E-3	4.000000E-1	4.958100E-2	2.172140E-3	2.282588E+4	4.333243E+4	1.107300E-3	4.798200E-2	1.000000E-2	0.000000E+0	1.000000E-2	1.000000E+0	1.000000E-2	1.000000E+0	1.000000E+0	2.600000E+1
7.325919E-1	7.500000E+2	7.493000E-1	2.261030E-3	3.313976E+5	3.498063E+5	1.143490E-3	4.000000E-1	4.712300E-2	2.261030E-3	2.084139E+4	4.201436E+4	1.143490E-3	4.804300E-2	1.000000E-2	0.000000E+0	1.000000E-2	1.000000E+0	1.000000E-2	1.000000E+0	1.000000E+0	2.700000E+1
7.538598E-1	7.750000E+2	7.748000E-1	2.382750E-3	3.251705E+5	3.591798E+5	1.113370E-3	3.999000E-1	4.920600E-2	2.382750E-3	2.065093E+4	4.145432E+4	1.113370E-3	4.615400E-2	1.000000E-2	0.000000E+0	1.000000E-2	1.000000E+0	1.000000E-2	1.000000E+0	1.000000E+0	2.800000E+1
7.749110E-1	8.000000E+2	7.998000E-1	2.423870E-3	3.299682E+5	3.638177E+5	1.102750E-3	4.012000E-1	4.836100E-2	2.423870E-3	1.995198E+4	4.292723E+4	1.102750E-3	4.733800E-2	1.000000E-2	0.000000E+0	1.000000E-2	1.000000E+0	1.000000E-2	1.000000E+0	1.000000E+0	2.900000E+1
7.970289E-1	8.000000E+2	7.998000E-1	2.420670E-3	3.304044E+5	2.987124E+5	1.339750E-3	4.002000E-1	4.912200E-2	2.420670E-3	2.029273E+4	3.546184E+4	1.339750E-3	4.751000E-2	1.000000E-2	0.000000E+0	1.000000E-2	1.000000E+0	1.000000E-2	1.000000E+0	1.000000E+0	3.000000E+1
8.177468E-1	7.750000E+2	7.742000E-1	2.572850E-3	3.009114E+5	2.960293E+5	1.353920E-3	4.008000E-1	4.811400E-2	2.572850E-3	1.870066E+4	3.654204E+4	1.353920E-3	4.947500E-2	1.000000E-2	0.000000E+0	1.000000E-2	1.000000E+0	1.000000E-2	1.000000E+0	1.000000E+0	3.100000E+1
8.387980E-1	7.500000E+2	7.507000E-1	2.489240E-3	3.015780E+5	3.248698E+5	1.228800E-3	3.992000E-1	4.790200E-2	2.489240E-3	1.924362E+4	3.769613E+4	1.228800E-3	4.632100E-2	1.000000E-2	0.000000E+0	1.000000E-2	1.000000E+0	1.000000E-2	1.000000E+0	1.000000E+0	3.200000E+1
8.600992E-1	7.250000E+2	7.237000E-1	2.415840E-3	2.995645E+5	2.924203E+5	1.368920E-3	4.003000E-1	4.809700E-2	2.415840E-3	1.990902E+4	3.334600E+4	1.368920E-3	4.564800E-2	1.000000E-2	0.000000E+0	1.000000E-2	1.000000E+0	1.000000E-2	1.000000E+0	1.000000E+0	3.300000E+1
8.812004E-1	7.000000E+2	7.003000E-1	2.238330E-3	3.128672E+5	3.200671E+5	1.251300E-3	4.005000E-1	4.705000E-2	2.238330E-3	2.102014E+4	3.761208E+4	1.251300E-3	4.706400E-2	1.000000E-2	0.000000E+0	1.000000E-2	1.000000E+0	1.000000E-2	1.000000E+0	1.000000E+0	3.400000E+1
9.021849E-1	6.750000E+2	6.755000E-1	2.218360E-3	3.045042E+5	3.231101E+5	1.242920E-3	4.016000E-1	4.730200E-2	2.218360E-3	2.132296E+4	3.749316E+4	1.242920E-3	4.660100E-2	1.000000E-2	0.000000E+0	1.000000E-2	1.000000E+0	1.000000E-2	1.000000E+0	1.000000E+0	3.500000E+1
9.231695E-1	6.500000E+2	6.506000E-1	2.095760E-3	3.104363E+5	3.158502E+5	1.265790E-3	3.998000E-1	4.742800E-2	2.095760E-3	2.263045E+4	3.584402E+4	1.265790E-3	4.537100E-2	1.000000E-2	0.000000E+0	1.000000E-2	1.000000E+0	1.000000E-2	1.000000E+0	1.000000E+0	3.600000E+1
9.444707E-1	6.250000E+2	6.250000E-1	2.089330E-3	2.991390E+5	2.978313E+5	1.346400E-3	4.010000E-1	4.800600E-2	2.089330E-3	2.297674E+4	3.476233E+4	1.346400E-3	4.680400E-2	1.000000E-2	0.000000E+0	1.000000E-2	1.000000E+0	1.000000E-2	1.000000E+0	1.000000E+0	3.700000E+1
9.657552E-1	6.000000E+2	6.006000E-1	1.976230E-3	3.039120E+5	2.943359E+5	1.361030E-3	4.006000E-1	4.861000E-2	1.976230E-3	2.459734E+4	3.531737E+4	1.361030E-3	4.806800E-2	1.000000E-2	0.000000E+0	1.000000E-2	1.000000E+0	1.000000E-2	1.000000E+0	1.000000E+0	3.800000E+1
9.876732E-1	5.750000E+2	5.745000E-1	1.735930E-3	3.309465E+5	3.010340E+5	1.329750E-3	4.003000E-1	4.687100E-2	1.735930E-3	2.700051E+4	3.690919E+4	1.329750E-3	4.908000E-2	1.000000E-2	0.000000E+0	1.000000E-2	1.000000E+0	1.000000E-2	1.000000E+0	1.000000E+0	3.900000E+1
1.008841E+0	5.500000E+2	5.504000E-1	1.819830E-3	3.024458E+5	3.230959E+5	1.239570E-3	4.005000E-1	4.765100E-2	1.819830E-3	2.618431E+4	3.913696E+4	1.239570E-3	4.851300E-2	1.000000E-2	0.000000E+0	1.000000E-2	1.000000E+0	1.000000E-2	1.000000E+0	1.000000E+0	4.000000E+1
1.029726E+0	5.250000E+2	5.249000E-1	1.694890E-3	3.096956E+5	2.985598E+5	1.339430E-3	3.999000E-1	4.705600E-2	1.694890E-3	2.776345E+4	3.524036E+4	1.339430E-3	4.720200E-2	1.000000E-2	0.000000E+0	1.000000E-2	1.000000E+0	1.000000E-2	1.000000E+0	1.000000E+0	4.100000E+1
1.051277E+0	5.000000E+2	5.003000E-1	1.434300E-3	3.488113E+5	3.290755E+5	1.217350E-3	4.006000E-1	4.592000E-2	1.434300E-3	3.201562E+4	3.794718E+4	1.217350E-3	4.619500E-2	1.000000E-2	0.000000E+0	1.000000E-2	1.000000E+0	1.000000E-2	1.000000E+0	1.000000E+0	4.200000E+1
1.072545E+0	4.750000E+2	4.747000E-1	1.387190E-3	3.422026E+5	3.587593E+5	1.115790E-3	4.003000E-1	4.561400E-2	1.387190E-3	3.288230E+4	4.145224E+4	1.115790E-3	4.625200E-2	1.000000E-2	0.000000E+0	1.000000E-2	1.000000E+0	1.000000E-2	1.000000E+0	1.000000E+0	4.300000E+1
1.093779E+0	4.500000E+2	4.505000E-1	1.517590E-3	2.968522E+5	3.239562E+5	1.233500E-3	3.996000E-1	4.573600E-2	1.517590E-3	3.013726E+4	3.748358E+4	1.233500E-3	4.623600E-2	1.000000E-2	0.000000E+0	1.000000E-2	1.000000E+0	1.000000E-2	1.000000E+0	1.000000E+0	4.400000E+1
1.114864E+0	4.250000E+2	4.251000E-1	1.239420E-3	3.429830E+5	3.504402E+5	1.140280E-3	3.996000E-1	4.587000E-2	1.239420E-3	3.700925E+4	4.045936E+4	1.140280E-3	4.613500E-2	1.000000E-2	0.000000E+0	1.000000E-2	1.000000E+0	1.000000E-2	1.000000E+0	1.000000E+0	4.500000E+1
1.135982E+0	4.000000E+2	4.004000E-1	1.212800E-3	3.301451E+5	3.020390E+5	1.323670E-3	3.998000E-1	4.734100E-2	1.212800E-3	3.903447E+4	3.506765E+4	1.323670E-3	4.641800E-2	1.000000E-2	0.000000E+0	1.000000E-2	1.000000E+0	1.000000E-2	1.000000E+0	1.000000E+0	4.600000E+1
1.157050E+0	3.750000E+2	3.740000E-1	1.250510E-3	2.990780E+5	3.143440E+5	1.274400E-3	4.006000E-1	4.735500E-2	1.250510E-3	3.786855E+4	3.668079E+4	1.274400E-3	4.674600E-2	1.000000E-2	0.000000E+0	1.000000E-2	1.000000E+0	1.000000E-2	1.000000E+0	1.000000E+0	4.700000E+1
1.178184E+0	3.500000E+2	3.505000E-1	9.789300E-4	3.580440E+5	3.645985E+5	1.096000E-3	3.996000E-1	4.566400E-2	9.789300E-4	4.664685E+4	4.389051E+4	1.096000E-3	4.810400E-2	1.000000E-2	0.000000E+0	1.000000E-2	1.000000E+0	1.000000E-2	1.000000E+0	1.000000E+0	4.800000E+1
1.200485E+0	3.250000E+2	3.247000E-1	1.049870E-3	3.092764E+5	3.358497E+5	1.192200E-3	4.004000E-1	4.710300E-2	1.049870E-3	4.486555E+4	3.902365E+4	1.192200E-3	4.652400E-2	1.000000E-2	0.000000E+0	1.000000E-2	1.000000E+0	1.000000E-2	1.000000E+0	1.000000E+0	4.900000E+1
1.221453E+0	3.000000E+2	2.995000E-1	9.008300E-4	3.324712E+5	3.534554E+5	1.130270E-3	3.995000E-1	4.618500E-2	9.008300E-4	5.126938E+4	3.937732E+4	1.130270E-3	4.450700E-2	1.000000E-2	0.000000E+0	1.000000E-2	1.000000E+0	1.000000E-2	1.000000E+0	1.000000E+0	5.000000E+1
1.243138E+0	2.750000E+2	2.757000E-1	7.948500E-4	3.468579E+5	3.569673E+5	1.118590E-3	3.993000E-1	4.693000E-2	7.948500E-4	5.904259E+4	4.351550E+4	1.118590E-3	4.867600E-2	1.000000E-2	0.000000E+0	1.000000E-2	1.000000E+0	1.000000E-2	1.000000E+0	1.000000E+0	5.100000E+1
1.263856E+0	2.500000E+2	2.497000E-1	6.338600E-4	3.939356E+5	3.656042E+5	1.094900E-3	4.003000E-1	4.592600E-2	6.338600E-4	7.245449E+4	4.142205E+4	1.094900E-3	4.535300E-2	1.000000E-2	0.000000E+0	1.000000E-2	1.000000E+0	1.000000E-2	1.000000E+0	1.000000E+0	5.200000E+1
1.284940E+0	2.250000E+2	2.262000E-1	6.141600E-4	3.683079E+5	3.112659E+5	1.283790E-3	3.996000E-1	4.681100E-2	6.141600E-4	7.621955E+4	3.803893E+4	1.283790E-3	4.883400E-2	1.000000E-2	0.000000E+0	1.000000E-2	1.000000E+0	1.000000E-2	1.000000E+0	1.000000E+0	5.300000E+1
1.306208E+0	2.000000E+2	1.998000E-1	4.688300E-4	4.261673E+5	3.429125E+5	1.166770E-3	4.001000E-1	4.604300E-2	4.688300E-4	9.820831E+4	4.048527E+4	1.166770E-3	4.723700E-2	1.000000E-2	0.000000E+0	1.000000E-2	1.000000E+0	1.000000E-2	1.000000E+0	1.000000E+0	5.400000E+1
1.327209E+0	1.750000E+2	1.749000E-1	4.422200E-4	3.955045E+5	3.437844E+5	1.163520E-3	4.000000E-1	4.843300E-2	4.422200E-4	1.095224E+5	3.949739E+4	1.163520E-3	4.595600E-2	1.000000E-2	0.000000E+0	1.000000E-2	1.000000E+0	1.000000E-2	1.000000E+0	1.000000E+0	5.500000E+1
1.348244E+0	1.500000E+2	1.509000E-1	3.759700E-4	4.013618E+5	3.352961E+5	1.193870E-3	4.003000E-1	4.639600E-2	3.759700E-4	1.234035E+5	3.970952E+4	1.193870E-3	4.740800E-2	1.000000E-2	0.000000E+0	1.000000E-2	1.000000E+0	1.000000E-2	1.000000E+0	1.000000E+0	5.600000E+1
1.369412E+0	1.250000E+2	1.257000E-1	4.006600E-4	3.137323E+5	3.492196E+5	1.146270E-3	4.003000E-1	4.658100E-2	4.006600E-4	1.162607E+5	4.228410E+4	1.146270E-3	4.846900E-2	1.000000E-2	0.000000E+0	1.000000E-2	1.000000E+0	1.000000E-2	1.000000E+0	1.000000E+0	5.700000E+1
1.391246E+0	1.000000E+2	9.900000E-2	1.861900E-4	5.317149E+5	3.060998E+5	1.309050E-3	4.007000E-1	4.645000E-2	1.861900E-4	2.494763E+5	3.543333E+4	1.309050E-3	4.638400E-2	1.000000E-2	0.000000E+0	1.000000E-2	1.000000E+0	1.000000E-2	1.000000E+0	1.000000E+0	5.800000E+1
1.412331E+0	7.500000E+1	7.410000E-2	2.523800E-4	2.936049E+5	2.954894E+5	1.355040E-3	4.004000E-1	4.649100E-2	2.523800E-4	1.842103E+5	3.504841E+4	1.355040E-3	4.749200E-2	1.000000E-2	0.000000E+0	1.000000E-2	1.000000E+0	1.000000E-2	1.000000E+0	1.000000E+0	5.900000E+1
1.433132E+0	5.000000E+1	4.920000E-2	-2.370000E-5	-2.075949E+6	3.590974E+5	1.112790E-3	3.996000E-1	4.640200E-2	-2.370000E-5	-1.957890E+6	4.185875E+4	1.112790E-3	4.658000E-2	1.000000E-2	0.000000E+0	1.000000E-2	1.000000E+0	1.000000E-2	1.000000E+0	1.000000E+0	6.000000E+1
1.454433E+0	2.500000E+1	2.530000E-2	1.750000E-5	1.445714E+6	3.467972E+5	1.151970E-3	3.995000E-1	4.612000E-2	1.750000E-5	2.635429E+6	3.981875E+4	1.151970E-3	4.587000E-2	1.000000E-2	0.000000E+0	1.000000E-2	1.000000E+0	1.000000E-2	1.000000E+0	1.000000E+0	6.100000E+1
1.475451E+0	0.000000E+0	5.000000E-4	-6.527000E-5	-7.660487E+3	3.057926E+5	1.308730E-3	4.002000E-1	4.672000E-2	-6.527000E-5	-7.157959E+5	3.691823E+4	1.308730E-3	4.831600E-2	1.000000E-2	0.000000E+0	1.000000E-2	1.000000E+0	1.000000E-2	1.000000E+0	1.000000E+0	6.200000E+1
1.496369E+0	-2.500000E+1	-2.360000E-2	-6.333000E-5	3.726512E+5	3.081530E+5	1.299030E-3	4.003000E-1	4.733700E-2	-6.333000E-5	-7.474657E+5	3.586522E+4	1.299030E-3	4.659000E-2	1.000000E-2	0.000000E+0	1.000000E-2	1.000000E+0	1.000000E-2	1.000000E+0	1.000000E+0	6.300000E+1
1.518437E+0	-5.000000E+1	-5.070000E-2	-1.702800E-4	2.977449E+5	3.465201E+5	1.155200E-3	4.003000E-1	4.703500E-2	-1.702800E-4	-2.762215E+5	4.110111E+4	1.155200E-3	4.748000E-2	1.000000E-2	0.000000E+0	1.000000E-2	1.000000E+0	1.000000E-2	1.000000E+0	1.000000E+0	6.400000E+1
1.539055E+0	-7.500000E+1	-7.530000E-2	-2.232600E-4	3.372749E+5	3.222818E+5	1.241150E-3	4.000000E-1	4.550500E-2	-2.232600E-4	-2.038207E+5	3.903879E+4	1.241150E-3	4.845300E-2	1.000000E-2	0.000000E+0	1.000000E-2	1.000000E+0	1.000000E-2	1.000000E+0	1.000000E+0	6.500000E+1
1.560873E+0	-1.000000E+2	-9.980000E-2	-5.369900E-4	1.858508E+5	3.298080E+5	1.213130E-3	4.001000E-1	4.487300E-2	-5.369900E-4	-8.356394E+4	3.955058E+4	1.213130E-3	4.798000E-2	1.000000E-2	0.000000E+0	1.000000E-2	1.000000E+0	1.000000E-2	1.000000E+0	1.000000E+0	6.600000E+1
1.581824E+0	-1.250000E+2	-1.253000E-1	-5.914400E-4	2.118558E+5	3.598490E+5	1.115190E-3	4.013000E-1	4.686900E-2	-5.914400E-4	-7.924557E+4	4.151311E+4	1.115190E-3	4.629500E-2	1.000000E-2	0.000000E+0	1.000000E-2	1.000000E+0	1.000000E-2	1.000000E+0	1.000000E+0	6.700000E+1
1.603642E+0	-1.500000E+2	-1.512000E-1	-6.184500E-4	2.444822E+5	2.984930E+5	1.339730E-3	3.999000E-1	4.623800E-2	-6.184500E-4	-7.476433E+4	3.585648E+4	1.339730E-3	4.803800E-2	1.000000E-2	0.000000E+0	1.000000E-2	1.000000E+0	1.000000E-2	1.000000E+0	1.000000E+0	6.800000E+1
1.624610E+0	-1.750000E+2	-1.742000E-1	-7.690900E-4	2.265014E+5	3.085392E+5	1.297080E-3	4.002000E-1	4.641600E-2	-7.690900E-4	-6.035184E+4	3.746955E+4	1.297080E-3	4.860100E-2	1.000000E-2	0.000000E+0	1.000000E-2	1.000000E+0	1.000000E-2	1.000000E+0	1.000000E+0	6.900000E+1
1.646044E+0	-2.000000E+2	-2.003000E-1	-6.426300E-4	3.116879E+5	2.980293E+5	1.339130E-3	3.991000E-1	4.636700E-2	-6.426300E-4	-7.215194E+4	3.594125E+4	1.339130E-3	4.813000E-2	1.000000E-2	0.000000E+0	1.000000E-2	1.000000E+0	1.000000E-2	1.000000E+0	1.000000E+0	7.000000E+1
1.667595E+0	-2.250000E+2	-2.249000E-1	-9.392700E-4	2.394413E+5	3.277925E+5	1.223640E-3	4.011000E-1	4.764800E-2	-9.392700E-4	-5.072876E+4	3.919699E+4	1.223640E-3	4.796300E-2	1.000000E-2	0.000000E+0	1.000000E-2	1.000000E+0	1.000000E-2	1.000000E+0	1.000000E+0	7.100000E+1
1.688897E+0	-2.500000E+2	-2.496000E-1	-9.983700E-4	2.500075E+5	3.597181E+5	1.110870E-3	3.996000E-1	4.654100E-2	-9.983700E-4	-4.661699E+4	4.487924E+4	1.110870E-3	4.985500E-2	1.000000E-2	0.000000E+0	1.000000E-2	1.000000E+0	1.000000E-2	1.000000E+0	1.000000E+0	7.200000E+1
1.711031E+0	-2.750000E+2	-2.749000E-1	-1.106160E-3	2.485174E+5	2.944203E+5	1.360640E-3	4.006000E-1	4.568500E-2	-1.106160E-3	-4.130054E+4	3.680033E+4	1.360640E-3	5.007200E-2	1.000000E-2	0.000000E+0	1.000000E-2	1.000000E+0	1.000000E-2	1.000000E+0	1.000000E+0	7.300000E+1
1.731932E+0	-3.000000E+2	-3.001000E-1	-1.163210E-3	2.579930E+5	3.548718E+5	1.129140E-3	4.007000E-1	4.661800E-2	-1.163210E-3	-4.007703E+4	4.151478E+4	1.129140E-3	4.687600E-2	1.000000E-2	0.000000E+0	1.000000E-2	1.000000E+0	1.000000E-2	1.000000E+0	1.000000E+0	7.400000E+1
1.753784E+0	-3.250000E+2	-3.246000E-1	-1.173060E-3	2.767122E+5	3.087116E+5	1.295060E-3	3.998000E-1	4.709800E-2	-1.173060E-3	-4.014969E+4	3.749324E+4	1.295060E-3	4.855600E-2	1.000000E-2	0.000000E+0	1.000000E-2	1.000000E+0	1.000000E-2	1.000000E+0	1.000000E+0	7.500000E+1
1.774618E+0	-3.500000E+2	-3.505000E-1	-1.321750E-3	2.651787E+5	3.587102E+5	1.114270E-3	3.997000E-1	4.601800E-2	-1.321750E-3	-3.481596E+4	4.359087E+4	1.114270E-3	4.857200E-2	1.000000E-2	0.000000E+0	1.000000E-2	1.000000E+0	1.000000E-2	1.000000E+0	1.000000E+0	7.600000E+1
1.796319E+0	-3.750000E+2	-3.751000E-1	-1.377680E-3	2.722693E+5	3.485748E+5	1.147530E-3	4.000000E-1	4.513500E-2	-1.377680E-3	-3.276160E+4	4.178889E+4	1.147530E-3	4.795400E-2	1.000000E-2	0.000000E+0	1.000000E-2	1.000000E+0	1.000000E-2	1.000000E+0	1.000000E+0	7.700000E+1
1.817021E+0	-4.000000E+2	-4.008000E-1	-1.529490E-3	2.620481E+5	3.294447E+5	1.212950E-3	3.996000E-1	4.604500E-2	-1.529490E-3	-3.010481E+4	3.989777E+4	1.212950E-3	4.839400E-2	1.000000E-2	0.000000E+0	1.000000E-2	1.000000E+0	1.000000E-2	1.000000E+0	1.000000E+0	7.800000E+1
1.837922E+0	-4.250000E+2	-4.253000E-1	-1.369610E-3	3.105264E+5	2.971879E+5	1.351670E-3	4.017000E-1	4.660000E-2	-1.369610E-3	-3.402428E+4	3.673308E+4	1.351670E-3	4.965100E-2	1.000000E-2	0.000000E+0	1.000000E-2	1.000000E+0	1.000000E-2	1.000000E+0	1.000000E+0	7.900000E+1
1.858940E+0	-4.500000E+2	-4.491000E-1	-1.447460E-3	3.102676E+5	3.106170E+5	1.286150E-3	3.995000E-1	4.791500E-2	-1.447460E-3	-3.310281E+4	3.732691E+4	1.286150E-3	4.800800E-2	1.000000E-2	0.000000E+0	1.000000E-2	1.000000E+0	1.000000E-2	1.000000E+0	1.000000E+0	8.000000E+1
1.879991E+0	-4.750000E+2	-4.762000E-1	-1.528900E-3	3.114658E+5	3.138350E+5	1.278060E-3	4.011000E-1	4.657000E-2	-1.528900E-3	-3.045981E+4	3.739809E+4	1.278060E-3	4.779700E-2	1.000000E-2	0.000000E+0	1.000000E-2	1.000000E+0	1.000000E-2	1.000000E+0	1.000000E+0	8.100000E+1
1.901242E+0	-5.000000E+2	-5.001000E-1	-1.752170E-3	2.854175E+5	3.293571E+5	1.210540E-3	3.987000E-1	4.525300E-2	-1.752170E-3	-2.582683E+4	4.005816E+4	1.210540E-3	4.849200E-2	1.000000E-2	0.000000E+0	1.000000E-2	1.000000E+0	1.000000E-2	1.000000E+0	1.000000E+0	8.200000E+1
1.922410E+0	-5.250000E+2	-5.238000E-1	-1.690590E-3	3.098327E+5	3.370919E+5	1.188400E-3	4.006000E-1	4.669500E-2	-1.690590E-3	-2.762053E+4	4.149865E+4	1.188400E-3	4.931700E-2	1.000000E-2	0.000000E+0	1.000000E-2	1.000000E+0	1.000000E-2	1.000000E+0	1.000000E+0	8.300000E+1
1.944228E+0	-5.500000E+2	-5.500000E-1	-1.984170E-3	2.771940E+5	3.425384E+5	1.168920E-3	4.004000E-1	4.552900E-2	-1.984170E-3	-2.294612E+4	4.035434E+4	1.168920E-3	4.717100E-2	1.000000E-2	0.000000E+0	1.000000E-2	1.000000E+0	1.000000E-2	1.000000E+0	1.000000E+0	8.400000E+1
1.965246E+0	-5.750000E+2	-5.736000E-1	-2.070110E-3	2.770867E+5	3.470034E+5	1.155320E-3	4.009000E-1	4.622700E-2	-2.070110E-3	-2.233070E+4	4.311879E+4	1.155320E-3	4.981600E-2	1.000000E-2	0.000000E+0	1.000000E-2	1.000000E+0	1.000000E-2	1.000000E+0	1.000000E+0	8.500000E+1
1.985980E+0	-6.000000E+2	-5.998000E-1	-2.055440E-3	2.918110E+5	2.998104E+5	1.334510E-3	4.001000E-1	4.674500E-2	-2.055440E-3	-2.274209E+4	3.672434E+4	1.334510E-3	4.900900E-2	1.000000E-2	0.000000E+0	1.000000E-2	1.000000E+0	1.000000E-2	1.000000E+0	1.000000E+0	8.600000E+1
2.007415E+0	-6.250000E+2	-6.245000E-1	-2.009250E-3	3.108125E+5	3.208406E+5	1.245790E-3	3.997000E-1	4.747600E-2	-2.009250E-3	-2.362872E+4	3.932364E+4	1.245790E-3	4.898900E-2	1.000000E-2	0.000000E+0	1.000000E-2	1.000000E+0	1.000000E-2	1.000000E+0	1.000000E+0	8.700000E+1
2.028599E+0	-6.500000E+2	-6.493000E-1	-2.328090E-3	2.788982E+5	3.507895E+5	1.140570E-3	4.001000E-1	4.516500E-2	-2.328090E-3	-1.940002E+4	4.375181E+4	1.140570E-3	4.990200E-2	1.000000E-2	0.000000E+0	1.000000E-2	1.000000E+0	1.000000E-2	1.000000E+0	1.000000E+0	8.800000E+1
2.049817E+0	-6.750000E+2	-6.763000E-1	-2.297000E-3	2.944275E+5	3.542788E+5	1.131030E-3	4.007000E-1	4.449400E-2	-2.297000E-3	-1.937048E+4	4.240294E+4	1.131030E-3	4.795900E-2	1.000000E-2	0.000000E+0	1.000000E-2	1.000000E+0	1.000000E-2	1.000000E+0	1.000000E+0	8.900000E+1
2.070835E+0	-7.000000E+2	-7.001000E-1	-2.362250E-3	2.963700E+5	3.649982E+5	1.093430E-3	3.991000E-1	4.373800E-2	-2.362250E-3	-1.851540E+4	4.316783E+4	1.093430E-3	4.720100E-2	1.000000E-2	0.000000E+0	1.000000E-2	1.000000E+0	1.000000E-2	1.000000E+0	1.000000E+0	9.000000E+1
2.091803E+0	-7.250000E+2	-7.250000E-1	-2.410810E-3	3.007288E+5	2.993493E+5	1.338570E-3	4.007000E-1	4.526900E-2	-2.410810E-3	-1.877751E+4	3.721733E+4	1.338570E-3	4.981800E-2	1.000000E-2	0.000000E+0	1.000000E-2	1.000000E+0	1.000000E-2	1.000000E+0	1.000000E+0	9.100000E+1
2.113071E+0	-7.500000E+2	-7.511000E-1	-2.427370E-3	3.094295E+5	2.990790E+5	1.334430E-3	3.991000E-1	4.607300E-2	-2.427370E-3	-1.898063E+4	3.829650E+4	1.334430E-3	5.110400E-2	1.000000E-2	0.000000E+0	1.000000E-2	1.000000E+0	1.000000E-2	1.000000E+0	1.000000E+0	9.200000E+1
2.134572E+0	-7.750000E+2	-7.741000E-1	-2.685730E-3	2.882270E+5	3.648385E+5	1.098020E-3	4.006000E-1	4.639700E-2	-2.685730E-3	-1.727538E+4	4.482341E+4	1.098020E-3	4.921700E-2	1.000000E-2	0.000000E+0	1.000000E-2	1.000000E+0	1.000000E-2	1.000000E+0	1.000000E+0	9.300000E+1
2.155707E+0	-8.000000E+2	-8.003000E-1	-2.640960E-3	3.030337E+5	2.941414E+5	1.362610E-3	4.008000E-1	4.509800E-2	-2.640960E-3	-1.707637E+4	3.610204E+4	1.362610E-3	4.919300E-2	1.000000E-2	0.000000E+0	1.000000E-2	1.000000E+0	1.000000E-2	1.000000E+0	1.000000E+0	9.400000E+1
2.176441E+0	-8.000000E+2	-8.001000E-1	-2.595780E-3	3.082311E+5	3.109336E+5	1.286770E-3	4.001000E-1	4.536900E-2	-2.595780E-3	-1.747798E+4	3.852204E+4	1.286770E-3	4.956900E-2	1.000000E-2	0.000000E+0	1.000000E-2	1.000000E+0	1.000000E-2	1.000000E+0	1.000000E+0	9.500000E+1
2.197559E+0	-7.750000E+2	-7.751000E-1	-2.767550E-3	2.800672E+5	3.589307E+5	1.114700E-3	4.001000E-1	4.558400E-2	-2.767550E-3	-1.647089E+4	4.401005E+4	1.114700E-3	4.905800E-2	1.000000E-2	0.000000E+0	1.000000E-2	1.000000E+0	1.000000E-2	1.000000E+0	1.000000E+0	9.600000E+1
2.218710E+0	-7.500000E+2	-7.496000E-1	-2.566370E-3	2.920857E+5	2.983173E+5	1.341860E-3	4.003000E-1	4.528200E-2	-2.566370E-3	-1.764438E+4	3.797416E+4	1.341860E-3	5.095600E-2	1.000000E-2	0.000000E+0	1.000000E-2	1.000000E+0	1.000000E-2	1.000000E+0	1.000000E+0	9.700000E+1
2.240095E+0	-7.250000E+2	-7.259000E-1	-2.332000E-3	3.112779E+5	2.925610E+5	1.367920E-3	4.002000E-1	4.658600E-2	-2.332000E-3	-1.997684E+4	3.588587E+4	1.367920E-3	4.908900E-2	1.000000E-2	0.000000E+0	1.000000E-2	1.000000E+0	1.000000E-2	1.000000E+0	1.000000E+0	9.800000E+1
2.262246E+0	-7.000000E+2	-7.001000E-1	-2.340710E-3	2.990973E+5	3.599781E+5	1.112290E-3	4.004000E-1	4.526000E-2	-2.340710E-3	-1.933601E+4	4.321715E+4	1.112290E-3	4.807000E-2	1.000000E-2	0.000000E+0	1.000000E-2	1.000000E+0	1.000000E-2	1.000000E+0	1.000000E+0	9.900000E+1
2.283164E+0	-6.750000E+2	-6.745000E-1	-2.212630E-3	3.048408E+5	3.230520E+5	1.238810E-3	4.002000E-1	4.670100E-2	-2.212630E-3	-2.110656E+4	3.896158E+4	1.238810E-3	4.826600E-2	1.000000E-2	0.000000E+0	1.000000E-2	1.000000E+0	1.000000E-2	1.000000E+0	1.000000E+0	1.000000E+2
2.304899E+0	-6.500000E+2	-6.505000E-1	-2.323080E-3	2.800162E+5	3.283315E+5	1.218890E-3	4.002000E-1	4.565200E-2	-2.323080E-3	-1.965150E+4	3.949987E+4	1.218890E-3	4.814600E-2	1.000000E-2	0.000000E+0	1.000000E-2	1.000000E+0	1.000000E-2	1.000000E+0	1.000000E+0	1.010000E+2
2.325883E+0	-6.250000E+2	-6.254000E-1	-2.216500E-3	2.821566E+5	3.660100E+5	1.092320E-3	3.998000E-1	4.691700E-2	-2.216500E-3	-2.116716E+4	4.481196E+4	1.092320E-3	4.894900E-2	1.000000E-2	0.000000E+0	1.000000E-2	1.000000E+0	1.000000E-2	1.000000E+0	1.000000E+0	1.020000E+2
2.347584E+0	-6.000000E+2	-6.003000E-1	-2.137670E-3	2.808198E+5	3.310984E+5	1.206590E-3	3.995000E-1	4.620500E-2	-2.137670E-3	-2.161466E+4	4.114819E+4	1.206590E-3	4.964900E-2	1.000000E-2	0.000000E+0	1.000000E-2	1.000000E+0	1.000000E-2	1.000000E+0	1.000000E+0	1.030000E+2
2.368452E+0	-5.750000E+2	-5.748000E-1	-1.852760E-3	3.102399E+5	3.092664E+5	1.293060E-3	3.999000E-1	4.741000E-2	-1.852760E-3	-2.558885E+4	3.809723E+4	1.293060E-3	4.926200E-2	1.000000E-2	0.000000E+0	1.000000E-2	1.000000E+0	1.000000E-2	1.000000E+0	1.000000E+0	1.040000E+2
2.390170E+0	-5.500000E+2	-5.502000E-1	-1.815770E-3	3.030119E+5	3.625265E+5	1.102540E-3	3.997000E-1	4.772900E-2	-1.815770E-3	-2.628582E+4	4.368277E+4	1.102540E-3	4.816200E-2	1.000000E-2	0.000000E+0	1.000000E-2	1.000000E+0	1.000000E-2	1.000000E+0	1.000000E+0	1.050000E+2
2.410971E+0	-5.250000E+2	-5.241000E-1	-1.886960E-3	2.777483E+5	3.172009E+5	1.260400E-3	3.998000E-1	4.648100E-2	-1.886960E-3	-2.463274E+4	3.945493E+4	1.260400E-3	4.972900E-2	1.000000E-2	0.000000E+0	1.000000E-2	1.000000E+0	1.000000E-2	1.000000E+0	1.000000E+0	1.060000E+2
2.432306E+0	-5.000000E+2	-5.000000E-1	-1.636390E-3	3.055506E+5	2.985231E+5	1.337250E-3	3.992000E-1	4.540300E-2	-1.636390E-3	-2.774583E+4	3.694522E+4	1.337250E-3	4.940500E-2	1.000000E-2	0.000000E+0	1.000000E-2	1.000000E+0	1.000000E-2	1.000000E+0	1.000000E+0	1.070000E+2
2.453057E+0	-4.750000E+2	-4.749000E-1	-1.518400E-3	3.127634E+5	3.100781E+5	1.290320E-3	4.001000E-1	4.698400E-2	-1.518400E-3	-3.094310E+4	3.997380E+4	1.290320E-3	5.157900E-2	1.000000E-2	0.000000E+0	1.000000E-2	1.000000E+0	1.000000E-2	1.000000E+0	1.000000E+0	1.080000E+2
2.474192E+0	-4.500000E+2	-4.505000E-1	-1.658640E-3	2.716081E+5	3.661300E+5	1.094420E-3	4.007000E-1	4.706600E-2	-1.658640E-3	-2.837626E+4	4.462090E+4	1.094420E-3	4.883400E-2	1.000000E-2	0.000000E+0	1.000000E-2	1.000000E+0	1.000000E-2	1.000000E+0	1.000000E+0	1.090000E+2
2.495409E+0	-4.250000E+2	-4.247000E-1	-1.353100E-3	3.138718E+5	3.105943E+5	1.283990E-3	3.988000E-1	4.709800E-2	-1.353100E-3	-3.480748E+4	3.835700E+4	1.283990E-3	4.925000E-2	1.000000E-2	0.000000E+0	1.000000E-2	1.000000E+0	1.000000E-2	1.000000E+0	1.000000E+0	1.100000E+2
2.516461E+0	-4.000000E+2	-3.997000E-1	-1.359010E-3	2.941112E+5	3.249705E+5	1.229650E-3	3.996000E-1	4.785400E-2	-1.359010E-3	-3.521240E+4	3.999593E+4	1.229650E-3	4.918100E-2	1.000000E-2	0.000000E+0	1.000000E-2	1.000000E+0	1.000000E-2	1.000000E+0	1.000000E+0	1.110000E+2
2.537512E+0	-3.750000E+2	-3.756000E-1	-1.391760E-3	2.698741E+5	3.266789E+5	1.224750E-3	4.001000E-1	4.738700E-2	-1.391760E-3	-3.404826E+4	4.184119E+4	1.224750E-3	5.124500E-2	1.000000E-2	0.000000E+0	1.000000E-2	1.000000E+0	1.000000E-2	1.000000E+0	1.000000E+0	1.120000E+2
2.558546E+0	-3.500000E+2	-3.496000E-1	-1.368290E-3	2.555014E+5	3.593331E+5	1.113730E-3	4.002000E-1	4.795100E-2	-1.368290E-3	-3.504447E+4	4.428452E+4	1.113730E-3	4.932100E-2	1.000000E-2	0.000000E+0	1.000000E-2	1.000000E+0	1.000000E-2	1.000000E+0	1.000000E+0	1.130000E+2
2.579881E+0	-3.250000E+2	-3.251000E-1	-1.262430E-3	2.575192E+5	3.588583E+5	1.113810E-3	3.997000E-1	4.722500E-2	-1.262430E-3	-3.740801E+4	4.326770E+4	1.113810E-3	4.819200E-2	1.000000E-2	0.000000E+0	1.000000E-2	1.000000E+0	1.000000E-2	1.000000E+0	1.000000E+0	1.140000E+2
2.601115E+0	-3.000000E+2	-3.003000E-1	-9.933200E-4	3.023195E+5	3.200691E+5	1.250980E-3	4.004000E-1	4.983700E-2	-9.933200E-4	-5.017215E+4	3.993509E+4	1.250980E-3	4.995800E-2	1.000000E-2	0.000000E+0	1.000000E-2	1.000000E+0	1.000000E-2	1.000000E+0	1.000000E+0	1.150000E+2
2.621900E+0	-2.750000E+2	-2.742000E-1	-1.127560E-3	2.431800E+5	3.472926E+5	1.154070E-3	4.008000E-1	4.777700E-2	-1.127560E-3	-4.237202E+4	4.380584E+4	1.154070E-3	5.055500E-2	1.000000E-2	0.000000E+0	1.000000E-2	1.000000E+0	1.000000E-2	1.000000E+0	1.000000E+0	1.160000E+2
2.643151E+0	-2.500000E+2	-2.510000E-1	-9.988800E-4	2.512814E+5	3.633654E+5	1.100270E-3	3.998000E-1	4.900100E-2	-9.988800E-4	-4.905594E+4	4.556336E+4	1.100270E-3	5.013200E-2	1.000000E-2	0.000000E+0	1.000000E-2	1.000000E+0	1.000000E-2	1.000000E+0	1.000000E+0	1.170000E+2
2.664186E+0	-2.250000E+2	-2.250000E-1	-9.491700E-4	2.370492E+5	3.573533E+5	1.120180E-3	4.003000E-1	4.755400E-2	-9.491700E-4	-5.010061E+4	4.412237E+4	1.120180E-3	4.942500E-2	1.000000E-2	0.000000E+0	1.000000E-2	1.000000E+0	1.000000E-2	1.000000E+0	1.000000E+0	1.180000E+2
2.685437E+0	-2.000000E+2	-2.007000E-1	-6.643500E-4	3.020998E+5	3.474051E+5	1.150530E-3	3.997000E-1	4.770100E-2	-6.643500E-4	-7.180101E+4	4.216405E+4	1.150530E-3	4.851100E-2	1.000000E-2	0.000000E+0	1.000000E-2	1.000000E+0	1.000000E-2	1.000000E+0	1.000000E+0	1.190000E+2
2.706721E+0	-1.750000E+2	-1.744000E-1	-5.262800E-4	3.313825E+5	3.076108E+5	1.301970E-3	4.005000E-1	4.749000E-2	-5.262800E-4	-9.023714E+4	3.769518E+4	1.301970E-3	4.907800E-2	1.000000E-2	0.000000E+0	1.000000E-2	1.000000E+0	1.000000E-2	1.000000E+0	1.000000E+0	1.200000E+2
2.727756E+0	-1.500000E+2	-1.508000E-1	-4.750700E-4	3.174269E+5	3.234490E+5	1.236980E-3	4.001000E-1	4.757400E-2	-4.750700E-4	-1.001410E+5	3.924801E+4	1.236980E-3	4.854900E-2	1.000000E-2	0.000000E+0	1.000000E-2	1.000000E+0	1.000000E-2	1.000000E+0	1.000000E+0	1.210000E+2
2.750041E+0	-1.250000E+2	-1.263000E-1	-4.616200E-4	2.736017E+5	3.233510E+5	1.239520E-3	4.008000E-1	4.640900E-2	-4.616200E-4	-1.005351E+5	3.944269E+4	1.239520E-3	4.889000E-2	1.000000E-2	0.000000E+0	1.000000E-2	1.000000E+0	1.000000E-2	1.000000E+0	1.000000E+0	1.220000E+2
2.770825E+0	-1.000000E+2	-9.970000E-2	-4.869500E-4	2.047438E+5	3.650069E+5	1.094500E-3	3.995000E-1	4.704400E-2	-4.869500E-4	-9.660951E+4	4.327455E+4	1.094500E-3	4.736400E-2	1.000000E-2	0.000000E+0	1.000000E-2	1.000000E+0	1.000000E-2	1.000000E+0	1.000000E+0	1.230000E+2
2.792276E+0	-7.500000E+1	-7.500000E-2	-2.722700E-4	2.754619E+5	2.980179E+5	1.344550E-3	4.007000E-1	4.669600E-2	-2.722700E-4	-1.715062E+5	3.703321E+4	1.344550E-3	4.979300E-2	1.000000E-2	0.000000E+0	1.000000E-2	1.000000E+0	1.000000E-2	1.000000E+0	1.000000E+0	1.240000E+2
2.813878E+0	-5.000000E+1	-5.130000E-2	-3.863300E-4	1.327880E+5	3.482483E+5	1.151190E-3	4.009000E-1	4.740500E-2	-3.863300E-4	-1.227060E+5	4.268453E+4	1.151190E-3	4.913800E-2	1.000000E-2	0.000000E+0	1.000000E-2	1.000000E+0	1.000000E-2	1.000000E+0	1.000000E+0	1.250000E+2
2.835229E+0	-2.500000E+1	-2.590000E-2	-2.978600E-4	8.695360E+4	3.410486E+5	1.172560E-3	3.999000E-1	4.831200E-2	-2.978600E-4	-1.621970E+5	4.055144E+4	1.172560E-3	4.754900E-2	1.000000E-2	0.000000E+0	1.000000E-2	1.000000E+0	1.000000E-2	1.000000E+0	1.000000E+0	1.260000E+2
2.855997E+0	0.000000E+0	0.000000E+0	-3.275000E-5	0.000000E+0	2.956276E+5	1.353730E-3	4.002000E-1	4.686600E-2	-3.275000E-5	-1.431023E+6	3.686038E+4	1.353730E-3	4.989900E-2	1.000000E-2	0.000000E+0	1.000000E-2	1.000000E+0	1.000000E-2	1.000000E+0	1.000000E+0	1.270000E+2
2.877165E+0	2.500000E+1	2.540000E-2	2.925000E-5	8.683761E+5	3.648319E+5	1.098040E-3	4.006000E-1	4.759000E-2	2.925000E-5	1.627009E+6	4.395286E+4	1.098040E-3	4.826200E-2	1.000000E-2	0.000000E+0	1.000000E-2	1.000000E+0	1.000000E-2	1.000000E+0	1.000000E+0	1.280000E+2
2.898332E+0	5.000000E+1	5.030000E-2	1.841700E-4	2.731172E+5	2.987865E+5	1.342430E-3	4.011000E-1	4.823600E-2	1.841700E-4	2.619102E+5	3.657844E+4	1.342430E-3	4.910400E-2	1.000000E-2	0.000000E+0	1.000000E-2	1.000000E+0	1.000000E-2	1.000000E+0	1.000000E+0	1.290000E+2
2.919300E+0	7.500000E+1	7.480000E-2	1.555500E-4	4.808743E+5	2.944380E+5	1.358860E-3	4.001000E-1	4.835300E-2	1.555500E-4	3.108518E+5	3.639595E+4	1.358860E-3	4.945700E-2	1.000000E-2	0.000000E+0	1.000000E-2	1.000000E+0	1.000000E-2	1.000000E+0	1.000000E+0	1.300000E+2
2.940602E+0	1.000000E+2	1.007000E-1	1.876200E-4	5.367232E+5	3.123338E+5	1.278760E-3	3.994000E-1	4.806200E-2	1.876200E-4	2.561667E+5	3.723529E+4	1.278760E-3	4.761500E-2	1.000000E-2	0.000000E+0	1.000000E-2	1.000000E+0	1.000000E-2	1.000000E+0	1.000000E+0	1.310000E+2
2.961669E+0	1.250000E+2	1.251000E-1	4.475000E-4	2.795531E+5	2.946333E+5	1.357620E-3	4.000000E-1	4.799400E-2	4.475000E-4	1.072492E+5	3.747072E+4	1.357620E-3	5.087100E-2	1.000000E-2	0.000000E+0	1.000000E-2	1.000000E+0	1.000000E-2	1.000000E+0	1.000000E+0	1.320000E+2
2.983787E+0	1.500000E+2	1.508000E-1	5.164400E-4	2.919991E+5	3.572448E+5	1.121080E-3	4.005000E-1	4.951200E-2	5.164400E-4	9.587174E+4	4.331627E+4	1.121080E-3	4.856100E-2	1.000000E-2	0.000000E+0	1.000000E-2	1.000000E+0	1.000000E-2	1.000000E+0	1.000000E+0	1.330000E+2
3.004789E+0	1.750000E+2	1.740000E-1	4.921400E-4	3.535579E+5	3.430930E+5	1.162950E-3	3.990000E-1	4.838700E-2	4.921400E-4	9.831958E+4	4.206630E+4	1.162950E-3	4.892100E-2	1.000000E-2	0.000000E+0	1.000000E-2	1.000000E+0	1.000000E-2	1.000000E+0	1.000000E+0	1.340000E+2
3.026873E+0	2.000000E+2	2.002000E-1	5.894200E-4	3.396559E+5	3.513699E+5	1.135840E-3	3.991000E-1	4.866900E-2	5.894200E-4	8.257100E+4	4.134033E+4	1.135840E-3	4.695600E-2	1.000000E-2	0.000000E+0	1.000000E-2	1.000000E+0	1.000000E-2	1.000000E+0	1.000000E+0	1.350000E+2
3.047608E+0	2.250000E+2	2.251000E-1	6.270300E-4	3.589940E+5	3.307518E+5	1.211180E-3	4.006000E-1	4.834800E-2	6.270300E-4	7.710636E+4	3.991314E+4	1.211180E-3	4.834200E-2	1.000000E-2	0.000000E+0	1.000000E-2	1.000000E+0	1.000000E-2	1.000000E+0	1.000000E+0	1.360000E+2
3.069359E+0	2.500000E+2	2.498000E-1	8.040700E-4	3.106695E+5	3.165737E+5	1.265740E-3	4.007000E-1	4.794000E-2	8.040700E-4	5.962167E+4	3.775894E+4	1.265740E-3	4.779300E-2	1.000000E-2	0.000000E+0	1.000000E-2	1.000000E+0	1.000000E-2	1.000000E+0	1.000000E+0	1.370000E+2
3.090360E+0	2.750000E+2	2.744000E-1	9.178600E-4	2.989563E+5	3.002079E+5	1.332410E-3	4.000000E-1	4.748100E-2	9.178600E-4	5.173011E+4	3.641672E+4	1.332410E-3	4.852200E-2	1.000000E-2	0.000000E+0	1.000000E-2	1.000000E+0	1.000000E-2	1.000000E+0	1.000000E+0	1.380000E+2
3.112145E+0	3.000000E+2	3.000000E-1	9.104200E-4	3.295182E+5	3.583882E+5	1.112760E-3	3.988000E-1	4.871300E-2	9.104200E-4	5.350607E+4	4.285920E+4	1.112760E-3	4.769200E-2	1.000000E-2	0.000000E+0	1.000000E-2	1.000000E+0	1.000000E-2	1.000000E+0	1.000000E+0	1.390000E+2
3.132896E+0	3.250000E+2	3.259000E-1	8.585600E-4	3.795891E+5	3.597842E+5	1.110110E-3	3.994000E-1	4.681000E-2	8.585600E-4	5.452152E+4	4.324076E+4	1.110110E-3	4.800200E-2	1.000000E-2	0.000000E+0	1.000000E-2	1.000000E+0	1.000000E-2	1.000000E+0	1.000000E+0	1.400000E+2
3.154614E+0	3.500000E+2	3.508000E-1	1.002810E-3	3.498170E+5	3.072604E+5	1.303780E-3	4.006000E-1	4.672400E-2	1.002810E-3	4.659307E+4	6.715320E+4	1.303780E-3	8.755300E-2	1.000000E-2	0.000000E+0	1.000000E-2	1.000000E+0	1.000000E-2	1.000000E+0	1.000000E+0	1.410000E+2
3.175898E+0	3.750000E+2	3.753000E-1	1.034770E-3	3.626893E+5	3.263820E+5	1.532560E-3	5.002000E-1	4.855400E-2	1.034770E-3	4.692250E+4	3.180039E+4	1.532560E-3	4.873600E-2	1.000000E-2	0.000000E+0	1.000000E-2	1.000000E+0	1.000000E-2	1.000000E+0	1.000000E+0	1.420000E+2
3.198233E+0	4.000000E+2	3.997000E-1	1.228160E-3	3.254462E+5	3.270707E+5	1.530250E-3	5.005000E-1	4.963900E-2	1.228160E-3	4.041737E+4	3.176344E+4	1.530250E-3	4.860600E-2	1.000000E-2	0.000000E+0	1.000000E-2	1.000000E+0	1.000000E-2	1.000000E+0	1.000000E+0	1.430000E+2
3.219017E+0	4.250000E+2	4.243000E-1	1.443940E-3	2.938488E+5	3.046643E+5	1.643120E-3	5.006000E-1	4.963000E-2	1.443940E-3	3.437123E+4	3.043843E+4	1.643120E-3	5.001400E-2	1.000000E-2	0.000000E+0	1.000000E-2	1.000000E+0	1.000000E-2	1.000000E+0	1.000000E+0	1.440000E+2
3.241052E+0	4.500000E+2	4.509000E-1	1.515980E-3	2.974314E+5	3.432100E+5	1.455960E-3	4.997000E-1	4.998400E-2	1.515980E-3	3.297141E+4	3.415891E+4	1.455960E-3	4.973400E-2	1.000000E-2	0.000000E+0	1.000000E-2	1.000000E+0	1.000000E-2	1.000000E+0	1.000000E+0	1.450000E+2
3.261987E+0	4.750000E+2	4.750000E-1	1.557840E-3	3.049094E+5	2.965188E+5	1.687920E-3	5.005000E-1	4.968700E-2	1.557840E-3	3.189480E+4	2.969394E+4	1.687920E-3	5.012100E-2	1.000000E-2	0.000000E+0	1.000000E-2	1.000000E+0	1.000000E-2	1.000000E+0	1.000000E+0	1.460000E+2
3.283754E+0	5.000000E+2	4.995000E-1	1.628640E-3	3.066976E+5	3.446232E+5	1.450860E-3	5.000000E-1	4.943100E-2	1.628640E-3	3.035109E+4	3.333678E+4	1.450860E-3	4.836700E-2	1.000000E-2	0.000000E+0	1.000000E-2	1.000000E+0	1.000000E-2	1.000000E+0	1.000000E+0	1.470000E+2
3.304422E+0	5.250000E+2	5.247000E-1	1.644790E-3	3.190073E+5	3.183298E+5	1.570070E-3	4.998000E-1	4.876400E-2	1.644790E-3	2.964755E+4	3.168394E+4	1.570070E-3	4.974600E-2	1.000000E-2	0.000000E+0	1.000000E-2	1.000000E+0	1.000000E-2	1.000000E+0	1.000000E+0	1.480000E+2
3.325740E+0	5.500000E+2	5.508000E-1	1.716400E-3	3.209042E+5	3.392543E+5	1.474410E-3	5.002000E-1	4.898400E-2	1.716400E-3	2.853880E+4	3.359242E+4	1.474410E-3	4.952900E-2	1.000000E-2	0.000000E+0	1.000000E-2	1.000000E+0	1.000000E-2	1.000000E+0	1.000000E+0	1.490000E+2
3.346491E+0	5.750000E+2	5.747000E-1	1.678800E-3	3.423279E+5	3.486750E+5	1.434000E-3	5.000000E-1	4.825900E-2	1.678800E-3	2.874613E+4	3.417643E+4	1.434000E-3	4.900900E-2	1.000000E-2	0.000000E+0	1.000000E-2	1.000000E+0	1.000000E-2	1.000000E+0	1.000000E+0	1.500000E+2
3.367543E+0	6.000000E+2	6.009000E-1	1.779050E-3	3.377645E+5	3.367986E+5	1.484270E-3	4.999000E-1	4.726200E-2	1.779050E-3	2.656586E+4	3.304992E+4	1.484270E-3	4.905500E-2	1.000000E-2	0.000000E+0	1.000000E-2	1.000000E+0	1.000000E-2	1.000000E+0	1.000000E+0	1.510000E+2
3.388610E+0	6.250000E+2	6.249000E-1	1.935430E-3	3.228740E+5	3.002516E+5	1.665270E-3	5.000000E-1	4.844700E-2	1.935430E-3	2.503165E+4	2.878392E+4	1.665270E-3	4.793300E-2	1.000000E-2	0.000000E+0	1.000000E-2	1.000000E+0	1.000000E-2	1.000000E+0	1.000000E+0	1.520000E+2
3.409878E+0	6.500000E+2	6.502000E-1	1.921880E-3	3.383146E+5	3.392549E+5	1.471460E-3	4.992000E-1	4.759100E-2	1.921880E-3	2.476273E+4	3.303046E+4	1.471460E-3	4.860300E-2	1.000000E-2	0.000000E+0	1.000000E-2	1.000000E+0	1.000000E-2	1.000000E+0	1.000000E+0	1.530000E+2
3.431163E+0	6.750000E+2	6.748000E-1	2.001270E-3	3.371859E+5	3.506210E+5	1.424330E-3	4.994000E-1	4.754000E-2	2.001270E-3	2.375492E+4	3.324651E+4	1.424330E-3	4.735400E-2	1.000000E-2	0.000000E+0	1.000000E-2	1.000000E+0	1.000000E-2	1.000000E+0	1.000000E+0	1.540000E+2
3.452247E+0	7.000000E+2	7.014000E-1	2.194070E-3	3.196799E+5	3.001040E+5	1.664090E-3	4.994000E-1	5.011400E-2	2.194070E-3	2.284066E+4	2.886262E+4	1.664090E-3	4.803000E-2	1.000000E-2	0.000000E+0	1.000000E-2	1.000000E+0	1.000000E-2	1.000000E+0	1.000000E+0	1.550000E+2
3.473482E+0	7.250000E+2	7.243000E-1	2.170910E-3	3.336389E+5	3.490847E+5	1.432890E-3	5.002000E-1	4.981500E-2	2.170910E-3	2.294660E+4	3.366483E+4	1.432890E-3	4.823800E-2	1.000000E-2	0.000000E+0	1.000000E-2	1.000000E+0	1.000000E-2	1.000000E+0	1.000000E+0	1.560000E+2
3.494717E+0	7.500000E+2	7.501000E-1	2.437670E-3	3.077119E+5	3.086778E+5	1.620460E-3	5.002000E-1	4.941200E-2	2.437670E-3	2.027018E+4	2.935648E+4	1.620460E-3	4.757100E-2	1.000000E-2	0.000000E+0	1.000000E-2	1.000000E+0	1.000000E-2	1.000000E+0	1.000000E+0	1.570000E+2
3.515834E+0	7.750000E+2	7.742000E-1	2.313600E-3	3.346300E+5	3.398562E+5	1.473270E-3	5.007000E-1	4.744500E-2	2.313600E-3	2.050700E+4	3.314871E+4	1.473270E-3	4.883700E-2	1.000000E-2	0.000000E+0	1.000000E-2	1.000000E+0	1.000000E-2	1.000000E+0	1.000000E+0	1.580000E+2
3.536852E+0	8.000000E+2	8.004000E-1	2.436690E-3	3.284784E+5	3.438285E+5	1.456540E-3	5.008000E-1	4.927800E-2	2.436690E-3	2.022334E+4	3.341755E+4	1.456540E-3	4.867400E-2	1.000000E-2	0.000000E+0	1.000000E-2	1.000000E+0	1.000000E-2	1.000000E+0	1.000000E+0	1.590000E+2
3.557737E+0	8.000000E+2	7.996000E-1	2.641110E-3	3.027515E+5	3.257174E+5	1.532310E-3	4.991000E-1	4.842900E-2	2.641110E-3	1.833661E+4	3.202289E+4	1.532310E-3	4.906900E-2	1.000000E-2	0.000000E+0	1.000000E-2	1.000000E+0	1.000000E-2	1.000000E+0	1.000000E+0	1.600000E+2
3.578888E+0	7.750000E+2	7.749000E-1	2.304370E-3	3.362741E+5	3.487333E+5	1.432040E-3	4.994000E-1	4.816600E-2	2.304370E-3	2.090203E+4	3.437055E+4	1.432040E-3	4.922000E-2	1.000000E-2	0.000000E+0	1.000000E-2	1.000000E+0	1.000000E-2	1.000000E+0	1.000000E+0	1.610000E+2
3.600723E+0	7.500000E+2	7.496000E-1	2.480760E-3	3.021655E+5	3.023517E+5	1.647750E-3	4.982000E-1	4.914300E-2	2.480760E-3	1.980966E+4	2.913731E+4	1.647750E-3	4.801100E-2	1.000000E-2	0.000000E+0	1.000000E-2	1.000000E+0	1.000000E-2	1.000000E+0	1.000000E+0	1.620000E+2
3.621790E+0	7.250000E+2	7.250000E-1	2.392270E-3	3.030594E+5	3.226701E+5	1.551120E-3	5.005000E-1	5.003200E-2	2.392270E-3	2.091403E+4	3.124645E+4	1.551120E-3	4.846700E-2	1.000000E-2	0.000000E+0	1.000000E-2	1.000000E+0	1.000000E-2	1.000000E+0	1.000000E+0	1.630000E+2
3.642675E+0	7.000000E+2	7.007000E-1	2.205510E-3	3.177043E+5	3.083312E+5	1.620660E-3	4.997000E-1	4.810700E-2	2.205510E-3	2.181219E+4	3.037405E+4	1.620660E-3	4.922600E-2	1.000000E-2	0.000000E+0	1.000000E-2	1.000000E+0	1.000000E-2	1.000000E+0	1.000000E+0	1.640000E+2
3.663760E+0	6.750000E+2	6.761000E-1	2.261730E-3	2.989305E+5	3.148872E+5	1.587870E-3	5.000000E-1	4.912200E-2	2.261730E-3	2.171877E+4	3.002765E+4	1.587870E-3	4.768000E-2	1.000000E-2	0.000000E+0	1.000000E-2	1.000000E+0	1.000000E-2	1.000000E+0	1.000000E+0	1.650000E+2
3.685011E+0	6.500000E+2	6.496000E-1	1.997890E-3	3.251430E+5	3.008790E+5	1.662130E-3	5.001000E-1	4.754000E-2	1.997890E-3	2.379510E+4	2.950251E+4	1.662130E-3	4.903700E-2	1.000000E-2	0.000000E+0	1.000000E-2	1.000000E+0	1.000000E-2	1.000000E+0	1.000000E+0	1.660000E+2
3.706095E+0	6.250000E+2	6.251000E-1	2.098020E-3	2.979476E+5	3.001211E+5	1.667660E-3	5.005000E-1	4.993400E-2	2.098020E-3	2.380054E+4	2.972728E+4	1.667660E-3	4.957500E-2	1.000000E-2	0.000000E+0	1.000000E-2	1.000000E+0	1.000000E-2	1.000000E+0	1.000000E+0	1.670000E+2
3.728463E+0	6.000000E+2	5.998000E-1	1.988990E-3	3.015601E+5	3.059818E+5	1.632450E-3	4.995000E-1	4.965200E-2	1.988990E-3	2.496342E+4	2.973384E+4	1.632450E-3	4.853900E-2	1.000000E-2	0.000000E+0	1.000000E-2	1.000000E+0	1.000000E-2	1.000000E+0	1.000000E+0	1.680000E+2
3.749114E+0	5.750000E+2	5.747000E-1	1.920020E-3	2.993198E+5	2.992616E+5	1.672450E-3	5.005000E-1	4.875200E-2	1.920020E-3	2.539140E+4	2.953212E+4	1.672450E-3	4.939100E-2	1.000000E-2	0.000000E+0	1.000000E-2	1.000000E+0	1.000000E-2	1.000000E+0	1.000000E+0	1.690000E+2
3.771032E+0	5.500000E+2	5.500000E-1	1.672770E-3	3.287959E+5	2.972433E+5	1.682460E-3	5.001000E-1	4.936300E-2	1.672770E-3	2.950974E+4	2.983310E+4	1.682460E-3	5.019300E-2	1.000000E-2	0.000000E+0	1.000000E-2	1.000000E+0	1.000000E-2	1.000000E+0	1.000000E+0	1.700000E+2
3.791800E+0	5.250000E+2	5.253000E-1	1.739360E-3	3.020076E+5	2.992586E+5	1.671130E-3	5.001000E-1	4.933600E-2	1.739360E-3	2.836446E+4	2.952134E+4	1.671130E-3	4.933400E-2	1.000000E-2	0.000000E+0	1.000000E-2	1.000000E+0	1.000000E-2	1.000000E+0	1.000000E+0	1.710000E+2
3.813035E+0	5.000000E+2	5.005000E-1	1.640270E-3	3.051327E+5	3.001687E+5	1.665730E-3	5.000000E-1	4.888900E-2	1.640270E-3	2.980546E+4	2.984938E+4	1.665730E-3	4.972100E-2	1.000000E-2	0.000000E+0	1.000000E-2	1.000000E+0	1.000000E-2	1.000000E+0	1.000000E+0	1.720000E+2
3.834603E+0	4.750000E+2	4.748000E-1	1.337400E-3	3.550172E+5	3.460100E+5	1.443600E-3	4.995000E-1	4.856100E-2	1.337400E-3	3.631000E+4	3.371433E+4	1.443600E-3	4.867000E-2	1.000000E-2	0.000000E+0	1.000000E-2	1.000000E+0	1.000000E-2	1.000000E+0	1.000000E+0	1.730000E+2
3.855604E+0	4.500000E+2	4.502000E-1	1.300090E-3	3.462837E+5	3.464859E+5	1.443060E-3	5.000000E-1	4.793500E-2	1.300090E-3	3.687052E+4	3.279420E+4	1.443060E-3	4.732400E-2	1.000000E-2	0.000000E+0	1.000000E-2	1.000000E+0	1.000000E-2	1.000000E+0	1.000000E+0	1.740000E+2
3.876405E+0	4.250000E+2	4.257000E-1	1.233440E-3	3.451323E+5	3.060681E+5	1.631990E-3	4.995000E-1	4.883600E-2	1.233440E-3	3.959333E+4	3.015766E+4	1.631990E-3	4.921700E-2	1.000000E-2	0.000000E+0	1.000000E-2	1.000000E+0	1.000000E-2	1.000000E+0	1.000000E+0	1.750000E+2
3.897723E+0	4.000000E+2	3.997000E-1	1.132590E-3	3.529079E+5	3.247726E+5	1.542310E-3	5.009000E-1	4.962700E-2	1.132590E-3	4.381727E+4	3.082908E+4	1.542310E-3	4.754800E-2	1.000000E-2	0.000000E+0	1.000000E-2	1.000000E+0	1.000000E-2	1.000000E+0	1.000000E+0	1.760000E+2
3.918774E+0	3.750000E+2	3.744000E-1	1.148920E-3	3.258713E+5	3.000318E+5	1.665490E-3	4.997000E-1	4.810000E-2	1.148920E-3	4.186540E+4	2.986809E+4	1.665490E-3	4.974500E-2	1.000000E-2	0.000000E+0	1.000000E-2	1.000000E+0	1.000000E-2	1.000000E+0	1.000000E+0	1.770000E+2
3.939942E+0	3.500000E+2	3.497000E-1	9.850900E-4	3.549929E+5	3.447753E+5	1.450220E-3	5.000000E-1	4.785600E-2	9.850900E-4	4.858033E+4	3.283502E+4	1.450220E-3	4.761800E-2	1.000000E-2	0.000000E+0	1.000000E-2	1.000000E+0	1.000000E-2	1.000000E+0	1.000000E+0	1.780000E+2
3.962077E+0	3.250000E+2	3.250000E-1	8.551900E-4	3.800325E+5	3.182867E+5	1.573110E-3	5.007000E-1	4.637900E-2	8.551900E-4	5.423239E+4	3.114213E+4	1.573110E-3	4.899000E-2	1.000000E-2	0.000000E+0	1.000000E-2	1.000000E+0	1.000000E-2	1.000000E+0	1.000000E+0	1.790000E+2
3.982894E+0	3.000000E+2	2.997000E-1	8.918400E-4	3.360468E+5	3.517290E+5	1.418990E-3	4.991000E-1	4.910200E-2	8.918400E-4	5.505696E+4	3.436599E+4	1.418990E-3	4.876500E-2	1.000000E-2	0.000000E+0	1.000000E-2	1.000000E+0	1.000000E-2	1.000000E+0	1.000000E+0	1.800000E+2
4.004196E+0	2.750000E+2	2.737000E-1	6.943100E-4	3.942043E+5	3.479133E+5	1.435990E-3	4.996000E-1	4.725200E-2	6.943100E-4	6.805606E+4	3.346472E+4	1.435990E-3	4.805500E-2	1.000000E-2	0.000000E+0	1.000000E-2	1.000000E+0	1.000000E-2	1.000000E+0	1.000000E+0	1.810000E+2
4.024964E+0	2.500000E+2	2.500000E-1	5.849200E-4	4.274089E+5	3.392870E+5	1.471910E-3	4.994000E-1	4.769300E-2	5.849200E-4	8.153765E+4	3.215142E+4	1.471910E-3	4.732400E-2	1.000000E-2	0.000000E+0	1.000000E-2	1.000000E+0	1.000000E-2	1.000000E+0	1.000000E+0	1.820000E+2
4.046031E+0	2.250000E+2	2.254000E-1	6.466600E-4	3.485603E+5	3.130641E+5	1.595520E-3	4.995000E-1	4.659800E-2	6.466600E-4	7.205951E+4	3.065270E+4	1.595520E-3	4.890700E-2	1.000000E-2	0.000000E+0	1.000000E-2	1.000000E+0	1.000000E-2	1.000000E+0	1.000000E+0	1.830000E+2
4.067116E+0	2.000000E+2	1.996000E-1	6.693500E-4	2.981997E+5	2.975978E+5	1.681800E-3	5.005000E-1	5.076200E-2	6.693500E-4	7.583775E+4	2.980259E+4	1.681800E-3	5.012200E-2	1.000000E-2	0.000000E+0	1.000000E-2	1.000000E+0	1.000000E-2	1.000000E+0	1.000000E+0	1.840000E+2
4.088334E+0	1.750000E+2	1.753000E-1	4.794000E-4	3.656654E+5	3.088051E+5	1.616230E-3	4.991000E-1	5.050100E-2	4.794000E-4	1.053421E+5	3.050494E+4	1.616230E-3	4.930300E-2	1.000000E-2	0.000000E+0	1.000000E-2	1.000000E+0	1.000000E-2	1.000000E+0	1.000000E+0	1.850000E+2
4.110185E+0	1.500000E+2	1.504000E-1	5.184100E-4	2.901179E+5	3.371113E+5	1.481410E-3	4.994000E-1	4.811900E-2	5.184100E-4	9.282035E+4	3.261285E+4	1.481410E-3	4.831300E-2	1.000000E-2	0.000000E+0	1.000000E-2	1.000000E+0	1.000000E-2	1.000000E+0	1.000000E+0	1.860000E+2
4.131170E+0	1.250000E+2	1.256000E-1	3.061800E-4	4.102162E+5	3.358242E+5	1.489470E-3	5.002000E-1	4.789700E-2	3.061800E-4	1.564341E+5	3.242496E+4	1.489470E-3	4.829600E-2	1.000000E-2	0.000000E+0	1.000000E-2	1.000000E+0	1.000000E-2	1.000000E+0	1.000000E+0	1.870000E+2
4.151971E+0	1.000000E+2	1.008000E-1	1.442400E-4	6.988353E+5	3.052405E+5	1.637070E-3	4.997000E-1	4.844600E-2	1.442400E-4	3.358708E+5	2.959983E+4	1.637070E-3	4.845700E-2	1.000000E-2	0.000000E+0	1.000000E-2	1.000000E+0	1.000000E-2	1.000000E+0	1.000000E+0	1.880000E+2
4.173205E+0	7.500000E+1	7.550000E-2	5.172000E-5	1.459783E+6	3.530441E+5	1.417670E-3	5.005000E-1	4.671000E-2	5.172000E-5	9.031323E+5	3.512242E+4	1.417670E-3	4.979200E-2	1.000000E-2	0.000000E+0	1.000000E-2	1.000000E+0	1.000000E-2	1.000000E+0	1.000000E+0	1.890000E+2
4.194257E+0	5.000000E+1	5.010000E-2	-5.270000E-5	-9.506641E+5	3.296696E+5	1.518490E-3	5.006000E-1	4.824700E-2	-5.270000E-5	-9.155028E+5	3.312172E+4	1.518490E-3	5.029500E-2	1.000000E-2	0.000000E+0	1.000000E-2	1.000000E+0	1.000000E-2	1.000000E+0	1.000000E+0	1.900000E+2
4.215224E+0	2.500000E+1	2.410000E-2	-1.436300E-4	-1.677922E+5	3.290507E+5	1.521650E-3	5.007000E-1	4.614000E-2	-1.436300E-4	-3.212421E+5	3.173069E+4	1.521650E-3	4.828300E-2	1.000000E-2	0.000000E+0	1.000000E-2	1.000000E+0	1.000000E-2	1.000000E+0	1.000000E+0	1.910000E+2
4.237392E+0	0.000000E+0	-9.000000E-4	-8.799000E-5	1.022844E+4	3.394114E+5	1.471960E-3	4.996000E-1	4.662000E-2	-8.799000E-5	-5.298329E+5	3.331884E+4	1.471960E-3	4.904400E-2	1.000000E-2	0.000000E+0	1.000000E-2	1.000000E+0	1.000000E-2	1.000000E+0	1.000000E+0	1.920000E+2
4.258410E+0	-2.500000E+1	-2.500000E-2	-5.120000E-5	4.882812E+5	3.003557E+5	1.664360E-3	4.999000E-1	4.732100E-2	-5.120000E-5	-9.242383E+5	2.871374E+4	1.664360E-3	4.779000E-2	1.000000E-2	0.000000E+0	1.000000E-2	1.000000E+0	1.000000E-2	1.000000E+0	1.000000E+0	1.930000E+2
4.280061E+0	-5.000000E+1	-5.020000E-2	-1.404800E-4	3.573462E+5	3.084881E+5	1.620160E-3	4.998000E-1	4.733800E-2	-1.404800E-4	-3.369732E+5	2.938228E+4	1.620160E-3	4.760400E-2	1.000000E-2	0.000000E+0	1.000000E-2	1.000000E+0	1.000000E-2	1.000000E+0	1.000000E+0	1.940000E+2
4.300896E+0	-7.500000E+1	-7.570000E-2	-4.306000E-4	1.758012E+5	3.275574E+5	1.526450E-3	5.000000E-1	4.689000E-2	-4.306000E-4	-1.088946E+5	3.148613E+4	1.526450E-3	4.806200E-2	1.000000E-2	0.000000E+0	1.000000E-2	1.000000E+0	1.000000E-2	1.000000E+0	1.000000E+0	1.950000E+2
4.322631E+0	-1.000000E+2	-1.012000E-1	-4.499000E-4	2.249389E+5	3.005340E+5	1.663040E-3	4.998000E-1	4.792900E-2	-4.499000E-4	-1.065326E+5	3.021154E+4	1.663040E-3	5.024300E-2	1.000000E-2	0.000000E+0	1.000000E-2	1.000000E+0	1.000000E-2	1.000000E+0	1.000000E+0	1.960000E+2
4.343332E+0	-1.250000E+2	-1.241000E-1	-4.224200E-4	2.937834E+5	3.181404E+5	1.570690E-3	4.997000E-1	4.682200E-2	-4.224200E-4	-1.108423E+5	3.158675E+4	1.570690E-3	4.961300E-2	1.000000E-2	0.000000E+0	1.000000E-2	1.000000E+0	1.000000E-2	1.000000E+0	1.000000E+0	1.970000E+2
4.365300E+0	-1.500000E+2	-1.502000E-1	-4.861100E-4	3.089836E+5	2.955851E+5	1.693590E-3	5.006000E-1	4.635100E-2	-4.861100E-4	-9.535085E+4	2.899403E+4	1.693590E-3	4.910400E-2	1.000000E-2	0.000000E+0	1.000000E-2	1.000000E+0	1.000000E-2	1.000000E+0	1.000000E+0	1.980000E+2
4.385918E+0	-1.750000E+2	-1.761000E-1	-6.631300E-4	2.655588E+5	3.059625E+5	1.632880E-3	4.996000E-1	4.741400E-2	-6.631300E-4	-7.150031E+4	2.933896E+4	1.632880E-3	4.790700E-2	1.000000E-2	0.000000E+0	1.000000E-2	1.000000E+0	1.000000E-2	1.000000E+0	1.000000E+0	1.990000E+2
4.406869E+0	-2.000000E+2	-1.992000E-1	-7.919700E-4	2.515247E+5	3.285470E+5	1.518200E-3	4.988000E-1	4.617800E-2	-7.919700E-4	-5.830776E+4	3.237123E+4	1.518200E-3	4.914600E-2	1.000000E-2	0.000000E+0	1.000000E-2	1.000000E+0	1.000000E-2	1.000000E+0	1.000000E+0	2.000000E+2
4.427887E+0	-2.250000E+2	-2.251000E-1	-8.867300E-4	2.538540E+5	3.008805E+5	1.660460E-3	4.996000E-1	4.558900E-2	-8.867300E-4	-5.141249E+4	2.897811E+4	1.660460E-3	4.811700E-2	1.000000E-2	0.000000E+0	1.000000E-2	1.000000E+0	1.000000E-2	1.000000E+0	1.000000E+0	2.010000E+2
4.449488E+0	-2.500000E+2	-2.504000E-1	-9.602400E-4	2.607681E+5	3.254607E+5	1.537820E-3	5.005000E-1	4.736100E-2	-9.602400E-4	-4.932204E+4	3.134632E+4	1.537820E-3	4.820500E-2	1.000000E-2	0.000000E+0	1.000000E-2	1.000000E+0	1.000000E-2	1.000000E+0	1.000000E+0	2.020000E+2
4.470189E+0	-2.750000E+2	-2.757000E-1	-1.057230E-3	2.607758E+5	3.053786E+5	1.633710E-3	4.989000E-1	4.604000E-2	-1.057230E-3	-4.354776E+4	3.007694E+4	1.633710E-3	4.913700E-2	1.000000E-2	0.000000E+0	1.000000E-2	1.000000E+0	1.000000E-2	1.000000E+0	1.000000E+0	2.030000E+2
4.491407E+0	-3.000000E+2	-2.994000E-1	-1.172900E-3	2.552647E+5	3.430309E+5	1.456720E-3	4.997000E-1	4.642400E-2	-1.172900E-3	-3.958053E+4	3.304753E+4	1.456720E-3	4.814100E-2	1.000000E-2	0.000000E+0	1.000000E-2	1.000000E+0	1.000000E-2	1.000000E+0	1.000000E+0	2.040000E+2
4.512658E+0	-3.250000E+2	-3.242000E-1	-1.110160E-3	2.920300E+5	3.442569E+5	1.450080E-3	4.992000E-1	4.657700E-2	-1.110160E-3	-4.195521E+4	3.320300E+4	1.450080E-3	4.814700E-2	1.000000E-2	0.000000E+0	1.000000E-2	1.000000E+0	1.000000E-2	1.000000E+0	1.000000E+0	2.050000E+2
4.533676E+0	-3.500000E+2	-3.486000E-1	-1.213920E-3	2.871688E+5	3.369846E+5	1.481670E-3	4.993000E-1	4.452600E-2	-1.213920E-3	-3.667952E+4	3.262332E+4	1.481670E-3	4.833700E-2	1.000000E-2	0.000000E+0	1.000000E-2	1.000000E+0	1.000000E-2	1.000000E+0	1.000000E+0	2.060000E+2
4.554711E+0	-3.750000E+2	-3.751000E-1	-1.410450E-3	2.659435E+5	3.313297E+5	1.507260E-3	4.994000E-1	4.518700E-2	-1.410450E-3	-3.203729E+4	3.171052E+4	1.507260E-3	4.779600E-2	1.000000E-2	0.000000E+0	1.000000E-2	1.000000E+0	1.000000E-2	1.000000E+0	1.000000E+0	2.070000E+2
4.575962E+0	-4.050000E+2	-4.050000E-1	-1.367270E-3	2.962107E+5	3.213793E+5	1.557350E-3	5.005000E-1	4.584200E-2	-1.367270E-3	-3.352813E+4	3.189135E+4	1.557350E-3	4.966600E-2	1.000000E-2	0.000000E+0	1.000000E-2	1.000000E+0	1.000000E-2	1.000000E+0	1.000000E+0	2.080000E+2
4.597830E+0	-4.350000E+2	-4.343000E-1	-1.546820E-3	2.807696E+5	2.986402E+5	1.675260E-3	5.003000E-1	4.810700E-2	-1.546820E-3	-3.110058E+4	2.973568E+4	1.675260E-3	4.981500E-2	1.000000E-2	0.000000E+0	1.000000E-2	1.000000E+0	1.000000E-2	1.000000E+0	1.000000E+0	2.090000E+2
4.619131E+0	-4.650000E+2	-4.648000E-1	-1.633980E-3	2.844588E+5	3.215616E+5	1.554290E-3	4.998000E-1	4.574200E-2	-1.633980E-3	-2.799422E+4	3.161765E+4	1.554290E-3	4.914300E-2	1.000000E-2	0.000000E+0	1.000000E-2	1.000000E+0	1.000000E-2	1.000000E+0	1.000000E+0	2.100000E+2
4.639932E+0	-4.950000E+2	-4.957000E-1	-1.600890E-3	3.096403E+5	3.169366E+5	1.579180E-3	5.005000E-1	4.612200E-2	-1.600890E-3	-2.881022E+4	3.031827E+4	1.579180E-3	4.787800E-2	1.000000E-2	0.000000E+0	1.000000E-2	1.000000E+0	1.000000E-2	1.000000E+0	1.000000E+0	2.110000E+2
4.661183E+0	-5.250000E+2	-5.249000E-1	-1.677930E-3	3.128259E+5	3.028703E+5	1.647900E-3	4.991000E-1	4.586200E-2	-1.677930E-3	-2.733249E+4	2.924510E+4	1.647900E-3	4.819300E-2	1.000000E-2	0.000000E+0	1.000000E-2	1.000000E+0	1.000000E-2	1.000000E+0	1.000000E+0	2.120000E+2
4.682418E+0	-5.550000E+2	-5.549000E-1	-1.940760E-3	2.859189E+5	3.288196E+5	1.519070E-3	4.995000E-1	4.555900E-2	-1.940760E-3	-2.347482E+4	3.216047E+4	1.519070E-3	4.885400E-2	1.000000E-2	0.000000E+0	1.000000E-2	1.000000E+0	1.000000E-2	1.000000E+0	1.000000E+0	2.130000E+2
4.703469E+0	-5.850000E+2	-5.855000E-1	-1.951290E-3	3.000579E+5	2.983350E+5	1.678650E-3	5.008000E-1	4.690700E-2	-1.951290E-3	-2.403897E+4	2.947488E+4	1.678650E-3	4.947800E-2	1.000000E-2	0.000000E+0	1.000000E-2	1.000000E+0	1.000000E-2	1.000000E+0	1.000000E+0	2.140000E+2
4.724770E+0	-6.150000E+2	-6.155000E-1	-2.111160E-3	2.915459E+5	3.009254E+5	1.659880E-3	4.995000E-1	4.456300E-2	-2.111160E-3	-2.110830E+4	3.087392E+4	1.659880E-3	5.124700E-2	1.000000E-2	0.000000E+0	1.000000E-2	1.000000E+0	1.000000E-2	1.000000E+0	1.000000E+0	2.150000E+2
4.746055E+0	-6.450000E+2	-6.452000E-1	-2.264900E-3	2.848691E+5	3.038093E+5	1.645440E-3	4.999000E-1	4.410200E-2	-2.264900E-3	-1.947194E+4	2.913324E+4	1.645440E-3	4.793700E-2	1.000000E-2	0.000000E+0	1.000000E-2	1.000000E+0	1.000000E-2	1.000000E+0	1.000000E+0	2.160000E+2
4.768223E+0	-6.750000E+2	-6.756000E-1	-2.206950E-3	3.061238E+5	3.446089E+5	1.450920E-3	5.000000E-1	4.547700E-2	-2.206950E-3	-2.060627E+4	3.248146E+4	1.450920E-3	4.712800E-2	1.000000E-2	0.000000E+0	1.000000E-2	1.000000E+0	1.000000E-2	1.000000E+0	1.000000E+0	2.170000E+2
4.788874E+0	-7.050000E+2	-7.049000E-1	-2.323870E-3	3.033302E+5	3.492212E+5	1.432330E-3	5.002000E-1	4.531600E-2	-2.323870E-3	-1.950023E+4	3.337429E+4	1.432330E-3	4.780300E-2	1.000000E-2	0.000000E+0	1.000000E-2	1.000000E+0	1.000000E-2	1.000000E+0	1.000000E+0	2.180000E+2
4.810908E+0	-7.350000E+2	-7.349000E-1	-2.566720E-3	2.863187E+5	3.526113E+5	1.419410E-3	5.005000E-1	4.402000E-2	-2.566720E-3	-1.715029E+4	3.318562E+4	1.419410E-3	4.710400E-2	1.000000E-2	0.000000E+0	1.000000E-2	1.000000E+0	1.000000E-2	1.000000E+0	1.000000E+0	2.190000E+2
4.831726E+0	-7.650000E+2	-7.659000E-1	-2.535530E-3	3.020670E+5	2.962476E+5	1.690140E-3	5.007000E-1	4.399900E-2	-2.535530E-3	-1.735298E+4	2.944253E+4	1.690140E-3	4.976200E-2	1.000000E-2	0.000000E+0	1.000000E-2	1.000000E+0	1.000000E-2	1.000000E+0	1.000000E+0	2.200000E+2
4.853561E+0	-7.950000E+2	-7.961000E-1	-2.700200E-3	2.948300E+5	3.486216E+5	1.434220E-3	5.000000E-1	4.480100E-2	-2.700200E-3	-1.659173E+4	3.371798E+4	1.434220E-3	4.835900E-2	1.000000E-2	0.000000E+0	1.000000E-2	1.000000E+0	1.000000E-2	1.000000E+0	1.000000E+0	2.210000E+2
4.874412E+0	-8.250000E+2	-8.247000E-1	-2.659780E-3	3.100632E+5	3.015907E+5	1.656550E-3	4.996000E-1	4.526800E-2	-2.659780E-3	-1.701945E+4	2.941837E+4	1.656550E-3	4.873300E-2	1.000000E-2	0.000000E+0	1.000000E-2	1.000000E+0	1.000000E-2	1.000000E+0	1.000000E+0	2.220000E+2
4.896563E+0	-8.550000E+2	-8.551000E-1	-2.976710E-3	2.872635E+5	3.343703E+5	1.494750E-3	4.998000E-1	4.508600E-2	-2.976710E-3	-1.514625E+4	3.231109E+4	1.494750E-3	4.829700E-2	1.000000E-2	0.000000E+0	1.000000E-2	1.000000E+0	1.000000E-2	1.000000E+0	1.000000E+0	2.230000E+2
4.918065E+0	-8.850000E+2	-8.852000E-1	-2.973450E-3	2.977013E+5	3.018545E+5	1.659740E-3	5.010000E-1	4.520800E-2	-2.973450E-3	-1.520389E+4	2.889007E+4	1.659740E-3	4.795000E-2	1.000000E-2	0.000000E+0	1.000000E-2	1.000000E+0	1.000000E-2	1.000000E+0	1.000000E+0	2.240000E+2
4.939383E+0	-9.150000E+2	-9.148000E-1	-3.073570E-3	2.976343E+5	2.979702E+5	1.678020E-3	5.000000E-1	4.422300E-2	-3.073570E-3	-1.438815E+4	2.964208E+4	1.678020E-3	4.974000E-2	1.000000E-2	0.000000E+0	1.000000E-2	1.000000E+0	1.000000E-2	1.000000E+0	1.000000E+0	2.250000E+2
4.960767E+0	-9.450000E+2	-9.451000E-1	-3.071600E-3	3.076898E+5	3.120085E+5	1.602200E-3	4.999000E-1	4.362400E-2	-3.071600E-3	-1.420237E+4	3.105293E+4	1.602200E-3	4.975300E-2	1.000000E-2	0.000000E+0	1.000000E-2	1.000000E+0	1.000000E-2	1.000000E+0	1.000000E+0	2.260000E+2
4.981902E+0	-9.750000E+2	-9.745000E-1	-3.406120E-3	2.861027E+5	3.385401E+5	1.476930E-3	5.000000E-1	4.473900E-2	-3.406120E-3	-1.313489E+4	3.280589E+4	1.476930E-3	4.845200E-2	1.000000E-2	0.000000E+0	1.000000E-2	1.000000E+0	1.000000E-2	1.000000E+0	1.000000E+0	2.270000E+2
5.003270E+0	-1.000000E+3	-1.000200E+0	-3.492740E-3	2.863654E+5	3.391512E+5	1.471910E-3	4.992000E-1	4.362600E-2	-3.492740E-3	-1.249048E+4	3.289060E+4	1.471910E-3	4.841200E-2	1.000000E-2	0.000000E+0	1.000000E-2	1.000000E+0	1.000000E-2	1.000000E+0	1.000000E+0	2.280000E+2
5.025521E+0	-9.700000E+2	-9.703000E-1	-3.214140E-3	3.018848E+5	3.498979E+5	1.429560E-3	5.002000E-1	4.399100E-2	-3.214140E-3	-1.368671E+4	3.298078E+4	1.429560E-3	4.714800E-2	1.000000E-2	0.000000E+0	1.000000E-2	1.000000E+0	1.000000E-2	1.000000E+0	1.000000E+0	2.290000E+2
5.046405E+0	-9.400000E+2	-9.413000E-1	-3.075030E-3	3.061108E+5	3.122597E+5	1.599630E-3	4.995000E-1	4.623400E-2	-3.075030E-3	-1.503530E+4	3.055394E+4	1.599630E-3	4.887500E-2	1.000000E-2	0.000000E+0	1.000000E-2	1.000000E+0	1.000000E-2	1.000000E+0	1.000000E+0	2.300000E+2
5.067840E+0	-9.100000E+2	-9.098000E-1	-3.213420E-3	2.831251E+5	3.032892E+5	1.650240E-3	5.005000E-1	4.411200E-2	-3.213420E-3	-1.372743E+4	3.015016E+4	1.650240E-3	4.975500E-2	1.000000E-2	0.000000E+0	1.000000E-2	1.000000E+0	1.000000E-2	1.000000E+0	1.000000E+0	2.310000E+2
5.089591E+0	-8.800000E+2	-8.794000E-1	-2.959400E-3	2.971548E+5	3.060531E+5	1.634030E-3	5.001000E-1	4.480300E-2	-2.959400E-3	-1.513922E+4	3.108021E+4	1.634030E-3	5.078600E-2	1.000000E-2	0.000000E+0	1.000000E-2	1.000000E+0	1.000000E-2	1.000000E+0	1.000000E+0	2.320000E+2
5.110642E+0	-8.500000E+2	-8.501000E-1	-2.784940E-3	3.052489E+5	3.013162E+5	1.660050E-3	5.002000E-1	4.671300E-2	-2.784940E-3	-1.677343E+4	3.037017E+4	1.660050E-3	5.041600E-2	1.000000E-2	0.000000E+0	1.000000E-2	1.000000E+0	1.000000E-2	1.000000E+0	1.000000E+0	2.330000E+2
5.131577E+0	-8.200000E+2	-8.194000E-1	-2.769090E-3	2.959095E+5	3.055050E+5	1.635980E-3	4.998000E-1	4.600500E-2	-2.769090E-3	-1.661376E+4	3.053644E+4	1.635980E-3	4.995700E-2	1.000000E-2	0.000000E+0	1.000000E-2	1.000000E+0	1.000000E-2	1.000000E+0	1.000000E+0	2.340000E+2
5.152628E+0	-7.900000E+2	-7.889000E-1	-2.544650E-3	3.100230E+5	3.207309E+5	1.560810E-3	5.006000E-1	4.709400E-2	-2.544650E-3	-1.850706E+4	3.082246E+4	1.560810E-3	4.810800E-2	1.000000E-2	0.000000E+0	1.000000E-2	1.000000E+0	1.000000E-2	1.000000E+0	1.000000E+0	2.350000E+2
5.173913E+0	-7.600000E+2	-7.615000E-1	-2.573200E-3	2.959350E+5	3.225827E+5	1.546890E-3	4.990000E-1	4.759000E-2	-2.573200E-3	-1.849448E+4	5.754837E+4	1.546890E-3	8.902100E-2	1.000000E-2	0.000000E+0	1.000000E-2	1.000000E+0	1.000000E-2	1.000000E+0	1.000000E+0	2.360000E+2
5.195114E+0	-7.300000E+2	-7.298000E-1	-2.601710E-3	2.805078E+5	3.418552E+5	1.464070E-3	5.005000E-1	4.545800E-2	-2.601710E-3	-1.747235E+4	3.283723E+4	1.464070E-3	4.807600E-2	1.000000E-2	0.000000E+0	1.000000E-2	1.000000E+0	1.000000E-2	1.000000E+0	1.000000E+0	2.370000E+2
5.217415E+0	-7.000000E+2	-6.999000E-1	-2.363920E-3	2.960760E+5	3.251408E+5	1.537180E-3	4.998000E-1	4.606200E-2	-2.363920E-3	-1.948543E+4	3.178743E+4	1.537180E-3	4.886300E-2	1.000000E-2	0.000000E+0	1.000000E-2	1.000000E+0	1.000000E-2	1.000000E+0	1.000000E+0	2.380000E+2
5.238400E+0	-6.700000E+2	-6.701000E-1	-2.375660E-3	2.820690E+5	3.354590E+5	1.492880E-3	5.008000E-1	4.544700E-2	-2.375660E-3	-1.913026E+4	3.258601E+4	1.492880E-3	4.864700E-2	1.000000E-2	0.000000E+0	1.000000E-2	1.000000E+0	1.000000E-2	1.000000E+0	1.000000E+0	2.390000E+2
5.260518E+0	-6.400000E+2	-6.397000E-1	-2.104370E-3	3.039865E+5	3.184876E+5	1.569920E-3	5.000000E-1	4.635400E-2	-2.104370E-3	-2.202750E+4	3.139778E+4	1.569920E-3	4.929200E-2	1.000000E-2	0.000000E+0	1.000000E-2	1.000000E+0	1.000000E-2	1.000000E+0	1.000000E+0	2.400000E+2
5.281435E+0	-6.100000E+2	-6.098000E-1	-2.209600E-3	2.759776E+5	3.259786E+5	1.534150E-3	5.001000E-1	4.471200E-2	-2.209600E-3	-2.023534E+4	3.153733E+4	1.534150E-3	4.838300E-2	1.000000E-2	0.000000E+0	1.000000E-2	1.000000E+0	1.000000E-2	1.000000E+0	1.000000E+0	2.410000E+2
5.303403E+0	-5.800000E+2	-5.801000E-1	-2.112000E-3	2.746686E+5	3.040317E+5	1.646210E-3	5.005000E-1	4.615400E-2	-2.112000E-3	-2.185322E+4	2.897504E+4	1.646210E-3	4.769900E-2	1.000000E-2	0.000000E+0	1.000000E-2	1.000000E+0	1.000000E-2	1.000000E+0	1.000000E+0	2.420000E+2
5.324221E+0	-5.500000E+2	-5.497000E-1	-1.801120E-3	3.051990E+5	3.185850E+5	1.569440E-3	5.000000E-1	4.652400E-2	-1.801120E-3	-2.583059E+4	3.067718E+4	1.569440E-3	4.814600E-2	1.000000E-2	0.000000E+0	1.000000E-2	1.000000E+0	1.000000E-2	1.000000E+0	1.000000E+0	2.430000E+2
5.346139E+0	-5.200000E+2	-5.196000E-1	-1.717880E-3	3.024658E+5	3.091619E+5	1.619540E-3	5.007000E-1	4.567900E-2	-1.717880E-3	-2.659033E+4	3.042037E+4	1.619540E-3	4.926700E-2	1.000000E-2	0.000000E+0	1.000000E-2	1.000000E+0	1.000000E-2	1.000000E+0	1.000000E+0	2.440000E+2
5.366874E+0	-4.900000E+2	-4.904000E-1	-1.598990E-3	3.066936E+5	3.022765E+5	1.652130E-3	4.994000E-1	4.783400E-2	-1.598990E-3	-2.991513E+4	2.910183E+4	1.652130E-3	4.808000E-2	1.000000E-2	0.000000E+0	1.000000E-2	1.000000E+0	1.000000E-2	1.000000E+0	1.000000E+0	2.450000E+2
5.388425E+0	-4.600000E+2	-4.603000E-1	-1.475990E-3	3.118585E+5	3.014021E+5	1.658250E-3	4.998000E-1	4.598500E-2	-1.475990E-3	-3.115536E+4	2.906739E+4	1.658250E-3	4.820100E-2	1.000000E-2	0.000000E+0	1.000000E-2	1.000000E+0	1.000000E-2	1.000000E+0	1.000000E+0	2.460000E+2
5.409126E+0	-4.300000E+2	-4.312000E-1	-1.432130E-3	3.010900E+5	2.942943E+5	1.698300E-3	4.998000E-1	4.793800E-2	-1.432130E-3	-3.347322E+4	3.002591E+4	1.698300E-3	5.099300E-2	1.000000E-2	0.000000E+0	1.000000E-2	1.000000E+0	1.000000E-2	1.000000E+0	1.000000E+0	2.470000E+2
5.430377E+0	-3.800000E+2	-3.797000E-1	-1.352190E-3	2.808037E+5	3.239024E+5	1.542440E-3	4.996000E-1	4.577100E-2	-1.352190E-3	-3.384953E+4	3.232022E+4	1.542440E-3	4.985200E-2	1.000000E-2	0.000000E+0	1.000000E-2	1.000000E+0	1.000000E-2	1.000000E+0	1.000000E+0	2.480000E+2
5.451795E+0	-3.300000E+2	-3.297000E-1	-1.068100E-3	3.086790E+5	3.004993E+5	1.664230E-3	5.001000E-1	4.935400E-2	-1.068100E-3	-4.620728E+4	2.986186E+4	1.664230E-3	4.969700E-2	1.000000E-2	0.000000E+0	1.000000E-2	1.000000E+0	1.000000E-2	1.000000E+0	1.000000E+0	2.490000E+2
5.472863E+0	-2.800000E+2	-2.810000E-1	-9.603700E-4	2.925956E+5	3.518684E+5	1.421270E-3	5.001000E-1	4.630000E-2	-9.603700E-4	-4.821059E+4	3.452757E+4	1.421270E-3	4.907300E-2	1.000000E-2	0.000000E+0	1.000000E-2	1.000000E+0	1.000000E-2	1.000000E+0	1.000000E+0	2.500000E+2
5.494381E+0	-2.300000E+2	-2.298000E-1	-8.420900E-4	2.728924E+5	3.097301E+5	1.613340E-3	4.997000E-1	4.750300E-2	-8.420900E-4	-5.641083E+4	3.120049E+4	1.613340E-3	5.033700E-2	1.000000E-2	0.000000E+0	1.000000E-2	1.000000E+0	1.000000E-2	1.000000E+0	1.000000E+0	2.510000E+2
5.515915E+0	-1.800000E+2	-1.807000E-1	-8.308900E-4	2.174776E+5	3.305451E+5	1.508720E-3	4.987000E-1	4.587900E-2	-8.308900E-4	-5.521670E+4	3.403746E+4	1.508720E-3	5.135300E-2	1.000000E-2	0.000000E+0	1.000000E-2	1.000000E+0	1.000000E-2	1.000000E+0	1.000000E+0	2.520000E+2
5.537550E+0	-1.300000E+2	-1.300000E-1	-5.932200E-4	2.191430E+5	3.485324E+5	1.434300E-3	4.999000E-1	4.717200E-2	-5.932200E-4	-7.951856E+4	3.376072E+4	1.434300E-3	4.842300E-2	1.000000E-2	0.000000E+0	1.000000E-2	1.000000E+0	1.000000E-2	1.000000E+0	1.000000E+0	2.530000E+2
5.558835E+0	-8.000000E+1	-8.020000E-2	-3.261200E-4	2.459217E+5	3.409230E+5	1.467780E-3	5.004000E-1	4.776800E-2	-3.261200E-4	-1.464737E+5	3.346142E+4	1.467780E-3	4.911400E-2	1.000000E-2	0.000000E+0	1.000000E-2	1.000000E+0	1.000000E-2	1.000000E+0	1.000000E+0	2.540000E+2
5.581269E+0	-3.000000E+1	-3.010000E-2	-5.543000E-5	5.430272E+5	3.270918E+5	1.527400E-3	4.996000E-1	4.786900E-2	-5.543000E-5	-8.635937E+5	3.248003E+4	1.527400E-3	4.961000E-2	1.000000E-2	0.000000E+0	1.000000E-2	1.000000E+0	1.000000E-2	1.000000E+0	1.000000E+0	2.550000E+2
5.601987E+0	2.000000E+1	1.960000E-2	-2.975000E-5	-6.588235E+5	2.972291E+5	1.683550E-3	5.004000E-1	4.713900E-2	-2.975000E-5	-1.584504E+6	2.914140E+4	1.683550E-3	4.906100E-2	1.000000E-2	0.000000E+0	1.000000E-2	1.000000E+0	1.000000E-2	1.000000E+0	1.000000E+0	2.560000E+2
5.623972E+0	7.000000E+1	6.940000E-2	1.254600E-4	5.531644E+5	2.996900E+5	1.671060E-3	5.008000E-1	4.816200E-2	1.254600E-4	3.838833E+5	2.868957E+4	1.671060E-3	4.794200E-2	1.000000E-2	0.000000E+0	1.000000E-2	1.000000E+0	1.000000E-2	1.000000E+0	1.000000E+0	2.570000E+2
5.644906E+0	1.200000E+2	1.205000E-1	2.288000E-4	5.266608E+5	3.287268E+5	1.521020E-3	5.000000E-1	4.696100E-2	2.288000E-4	2.052491E+5	3.299168E+4	1.521020E-3	5.018100E-2	1.000000E-2	0.000000E+0	1.000000E-2	1.000000E+0	1.000000E-2	1.000000E+0	1.000000E+0	2.580000E+2
5.666607E+0	1.700000E+2	1.706000E-1	4.130600E-4	4.130151E+5	2.969433E+5	1.684160E-3	5.001000E-1	4.967800E-2	4.130600E-4	1.202682E+5	2.985999E+4	1.684160E-3	5.028900E-2	1.000000E-2	0.000000E+0	1.000000E-2	1.000000E+0	1.000000E-2	1.000000E+0	1.000000E+0	2.590000E+2
5.687292E+0	2.200000E+2	2.197000E-1	7.122700E-4	3.084504E+5	3.213040E+5	1.556470E-3	5.001000E-1	5.125600E-2	7.122700E-4	7.196148E+4	3.189911E+4	1.556470E-3	4.965000E-2	1.000000E-2	0.000000E+0	1.000000E-2	1.000000E+0	1.000000E-2	1.000000E+0	1.000000E+0	2.600000E+2
5.708293E+0	2.700000E+2	2.694000E-1	7.882300E-4	3.417784E+5	3.107759E+5	1.609520E-3	5.002000E-1	4.775400E-2	7.882300E-4	6.058384E+4	2.999714E+4	1.609520E-3	4.828100E-2	1.000000E-2	0.000000E+0	1.000000E-2	1.000000E+0	1.000000E-2	1.000000E+0	1.000000E+0	2.610000E+2
5.729294E+0	3.200000E+2	3.194000E-1	1.009710E-3	3.163285E+5	2.968715E+5	1.683220E-3	4.997000E-1	5.066500E-2	1.009710E-3	5.017777E+4	2.925880E+4	1.683220E-3	4.924900E-2	1.000000E-2	0.000000E+0	1.000000E-2	1.000000E+0	1.000000E-2	1.000000E+0	1.000000E+0	2.620000E+2
5.750462E+0	3.700000E+2	3.696000E-1	1.048570E-3	3.524800E+5	3.331377E+5	1.499380E-3	4.995000E-1	4.877700E-2	1.048570E-3	4.651764E+4	3.200056E+4	1.499380E-3	4.798100E-2	1.000000E-2	0.000000E+0	1.000000E-2	1.000000E+0	1.000000E-2	1.000000E+0	1.000000E+0	2.630000E+2
5.771597E+0	4.200000E+2	4.199000E-1	1.258520E-3	3.336459E+5	2.991161E+5	1.669920E-3	4.995000E-1	4.839000E-2	1.258520E-3	3.844993E+4	2.925829E+4	1.669920E-3	4.885900E-2	1.000000E-2	0.000000E+0	1.000000E-2	1.000000E+0	1.000000E-2	1.000000E+0	1.000000E+0	2.640000E+2
5.793215E+0	4.700000E+2	4.703000E-1	1.433450E-3	3.280896E+5	3.056072E+5	1.635760E-3	4.999000E-1	4.795000E-2	1.433450E-3	3.345077E+4	2.995611E+4	1.635760E-3	4.900100E-2	1.000000E-2	0.000000E+0	1.000000E-2	1.000000E+0	1.000000E-2	1.000000E+0	1.000000E+0	2.650000E+2
5.813916E+0	5.200000E+2	5.195000E-1	1.678830E-3	3.094417E+5	2.997272E+5	1.667850E-3	4.999000E-1	5.016400E-2	1.678830E-3	2.988033E+4	2.975148E+4	1.667850E-3	4.962100E-2	1.000000E-2	0.000000E+0	1.000000E-2	1.000000E+0	1.000000E-2	1.000000E+0	1.000000E+0	2.660000E+2
5.834967E+0	5.700000E+2	5.703000E-1	1.895570E-3	3.008594E+5	2.982618E+5	1.677050E-3	5.002000E-1	4.927700E-2	1.895570E-3	2.599587E+4	2.998301E+4	1.677050E-3	5.028300E-2	1.000000E-2	0.000000E+0	1.000000E-2	1.000000E+0	1.000000E-2	1.000000E+0	1.000000E+0	2.670000E+2
5.856218E+0	6.200000E+2	6.209000E-1	1.933210E-3	3.211757E+5	2.997992E+5	1.668450E-3	5.002000E-1	5.080600E-2	1.933210E-3	2.628064E+4	3.004825E+4	1.668450E-3	5.013400E-2	1.000000E-2	0.000000E+0	1.000000E-2	1.000000E+0	1.000000E-2	1.000000E+0	1.000000E+0	2.680000E+2
5.877503E+0	6.700000E+2	6.701000E-1	2.016970E-3	3.322310E+5	3.238163E+5	1.542850E-3	4.996000E-1	4.974600E-2	2.016970E-3	2.466373E+4	3.206598E+4	1.542850E-3	4.947300E-2	1.000000E-2	0.000000E+0	1.000000E-2	1.000000E+0	1.000000E-2	1.000000E+0	1.000000E+0	2.690000E+2
5.899587E+0	7.200000E+2	7.203000E-1	2.400450E-3	3.000687E+5	3.001476E+5	1.667180E-3	5.004000E-1	4.966000E-2	2.400450E-3	2.068779E+4	2.910664E+4	1.667180E-3	4.852600E-2	1.000000E-2	0.000000E+0	1.000000E-2	1.000000E+0	1.000000E-2	1.000000E+0	1.000000E+0	2.700000E+2
5.920872E+0	7.700000E+2	7.700000E-1	2.526220E-3	3.048032E+5	2.989777E+5	1.672700E-3	5.001000E-1	5.120400E-2	2.526220E-3	2.026902E+4	2.955820E+4	1.672700E-3	4.944200E-2	1.000000E-2	0.000000E+0	1.000000E-2	1.000000E+0	1.000000E-2	1.000000E+0	1.000000E+0	2.710000E+2
5.941573E+0	8.200000E+2	8.196000E-1	2.709220E-3	3.025225E+5	2.985101E+5	1.675990E-3	5.003000E-1	5.095500E-2	2.709220E-3	1.880800E+4	2.959982E+4	1.675990E-3	4.960900E-2	1.000000E-2	0.000000E+0	1.000000E-2	1.000000E+0	1.000000E-2	1.000000E+0	1.000000E+0	2.720000E+2
5.962624E+0	8.700000E+2	8.701000E-1	2.836990E-3	3.066983E+5	3.239050E+5	1.541810E-3	4.994000E-1	5.019500E-2	2.836990E-3	1.769305E+4	3.233083E+4	1.541810E-3	4.984800E-2	1.000000E-2	0.000000E+0	1.000000E-2	1.000000E+0	1.000000E-2	1.000000E+0	1.000000E+0	2.730000E+2
5.983859E+0	9.200000E+2	9.202000E-1	3.041850E-3	3.025133E+5	3.000791E+5	1.668560E-3	5.007000E-1	4.921900E-2	3.041850E-3	1.618061E+4	2.909155E+4	1.668560E-3	4.854100E-2	1.000000E-2	0.000000E+0	1.000000E-2	1.000000E+0	1.000000E-2	1.000000E+0	1.000000E+0	2.740000E+2
6.004860E+0	9.700000E+2	9.708000E-1	3.195960E-3	3.037585E+5	3.014087E+5	1.657550E-3	4.996000E-1	5.199600E-2	3.195960E-3	1.626929E+4	2.995928E+4	1.657550E-3	4.965900E-2	1.000000E-2	0.000000E+0	1.000000E-2	1.000000E+0	1.000000E-2	1.000000E+0	1.000000E+0	2.750000E+2
6.026161E+0	1.000000E+3	1.000600E+0	3.294550E-3	3.037137E+5	3.005511E+5	1.662280E-3	4.996000E-1	5.095700E-2	3.294550E-3	1.546706E+4	2.918401E+4	1.662280E-3	4.851200E-2	1.000000E-2	0.000000E+0	1.000000E-2	1.000000E+0	1.000000E-2	1.000000E+0	1.000000E+0	2.760000E+2
6.047663E+0	9.500000E+2	9.507000E-1	2.916570E-3	3.259651E+5	3.508157E+5	1.426960E-3	5.006000E-1	4.892200E-2	2.916570E-3	1.677381E+4	3.390705E+4	1.426960E-3	4.838400E-2	1.000000E-2	0.000000E+0	1.000000E-2	1.000000E+0	1.000000E-2	1.000000E+0	1.000000E+0	2.770000E+2
6.068897E+0	9.000000E+2	9.000000E-1	2.887540E-3	3.116840E+5	3.394236E+5	1.473380E-3	5.001000E-1	4.848700E-2	2.887540E-3	1.679180E+4	3.267453E+4	1.473380E-3	4.814200E-2	1.000000E-2	0.000000E+0	1.000000E-2	1.000000E+0	1.000000E-2	1.000000E+0	1.000000E+0	2.780000E+2
6.089698E+0	8.500000E+2	8.500000E-1	2.642490E-3	3.216663E+5	2.978544E+5	1.679680E-3	5.003000E-1	5.011300E-2	2.642490E-3	1.896431E+4	2.951574E+4	1.679680E-3	4.957700E-2	1.000000E-2	0.000000E+0	1.000000E-2	1.000000E+0	1.000000E-2	1.000000E+0	1.000000E+0	2.790000E+2
6.110733E+0	8.000000E+2	8.000000E-1	2.493600E-3	3.208213E+5	3.016762E+5	1.656080E-3	4.996000E-1	5.035700E-2	2.493600E-3	2.019450E+4	2.928180E+4	1.656080E-3	4.849300E-2	1.000000E-2	0.000000E+0	1.000000E-2	1.000000E+0	1.000000E-2	1.000000E+0	1.000000E+0	2.800000E+2
6.131967E+0	7.500000E+2	7.501000E-1	2.274370E-3	3.298056E+5	3.227015E+5	1.548490E-3	4.997000E-1	4.935400E-2	2.274370E-3	2.170008E+4	3.076804E+4	1.548490E-3	4.764400E-2	1.000000E-2	0.000000E+0	1.000000E-2	1.000000E+0	1.000000E-2	1.000000E+0	1.000000E+0	2.810000E+2
6.153252E+0	7.000000E+2	6.994000E-1	2.077290E-3	3.366887E+5	2.980636E+5	1.677830E-3	5.001000E-1	4.881000E-2	2.077290E-3	2.349696E+4	2.899459E+4	1.677830E-3	4.864800E-2	1.000000E-2	0.000000E+0	1.000000E-2	1.000000E+0	1.000000E-2	1.000000E+0	1.000000E+0	2.820000E+2
6.175270E+0	6.500000E+2	6.499000E-1	1.961900E-3	3.312605E+5	3.080770E+5	1.623620E-3	5.002000E-1	5.019100E-2	1.961900E-3	2.558285E+4	3.063278E+4	1.623620E-3	4.973600E-2	1.000000E-2	0.000000E+0	1.000000E-2	1.000000E+0	1.000000E-2	1.000000E+0	1.000000E+0	2.830000E+2
6.196238E+0	6.000000E+2	6.004000E-1	1.817630E-3	3.303203E+5	2.972101E+5	1.685340E-3	5.009000E-1	5.075100E-2	1.817630E-3	2.792152E+4	2.980289E+4	1.685340E-3	5.022800E-2	1.000000E-2	0.000000E+0	1.000000E-2	1.000000E+0	1.000000E-2	1.000000E+0	1.000000E+0	2.840000E+2
6.218489E+0	5.500000E+2	5.506000E-1	1.643900E-3	3.349352E+5	3.033510E+5	1.644300E-3	4.988000E-1	4.890400E-2	1.643900E-3	2.974877E+4	2.904032E+4	1.644300E-3	4.775100E-2	1.000000E-2	0.000000E+0	1.000000E-2	1.000000E+0	1.000000E-2	1.000000E+0	1.000000E+0	2.850000E+2
6.239340E+0	5.000000E+2	5.007000E-1	1.662450E-3	3.011820E+5	3.447396E+5	1.449500E-3	4.997000E-1	4.971400E-2	1.662450E-3	2.990406E+4	3.392894E+4	1.449500E-3	4.918000E-2	1.000000E-2	0.000000E+0	1.000000E-2	1.000000E+0	1.000000E-2	1.000000E+0	1.000000E+0	2.860000E+2
6.261275E+0	4.500000E+2	4.497000E-1	1.490140E-3	3.017837E+5	3.485706E+5	1.430700E-3	4.987000E-1	4.907900E-2	1.490140E-3	3.293583E+4	3.469141E+4	1.430700E-3	4.963300E-2	1.000000E-2	0.000000E+0	1.000000E-2	1.000000E+0	1.000000E-2	1.000000E+0	1.000000E+0	2.870000E+2
6.282226E+0	4.000000E+2	3.996000E-1	1.366640E-3	2.923959E+5	3.004207E+5	1.666330E-3	5.006000E-1	4.954300E-2	1.366640E-3	3.625168E+4	3.009308E+4	1.666330E-3	5.014500E-2	1.000000E-2	0.000000E+0	1.000000E-2	1.000000E+0	1.000000E-2	1.000000E+0	1.000000E+0	2.880000E+2
6.304111E+0	3.500000E+2	3.491000E-1	1.044500E-3	3.342269E+5	3.009244E+5	1.660550E-3	4.997000E-1	4.763400E-2	1.044500E-3	4.560460E+4	2.975701E+4	1.660550E-3	4.941300E-2	1.000000E-2	0.000000E+0	1.000000E-2	1.000000E+0	1.000000E-2	1.000000E+0	1.000000E+0	2.890000E+2
6.324812E+0	3.000000E+2	3.001000E-1	1.015680E-3	2.954671E+5	2.952963E+5	1.691860E-3	4.996000E-1	4.822600E-2	1.015680E-3	4.748149E+4	2.983107E+4	1.691860E-3	5.047000E-2	1.000000E-2	0.000000E+0	1.000000E-2	1.000000E+0	1.000000E-2	1.000000E+0	1.000000E+0	2.900000E+2
6.346763E+0	2.500000E+2	2.503000E-1	7.056700E-4	3.546984E+5	3.146209E+5	1.585400E-3	4.988000E-1	4.673000E-2	7.056700E-4	6.622075E+4	2.992557E+4	1.585400E-3	4.744400E-2	1.000000E-2	0.000000E+0	1.000000E-2	1.000000E+0	1.000000E-2	1.000000E+0	1.000000E+0	2.910000E+2
6.367731E+0	2.000000E+2	1.999000E-1	5.351900E-4	3.735122E+5	2.971841E+5	1.680440E-3	4.994000E-1	4.750600E-2	5.351900E-4	8.876474E+4	2.944050E+4	1.680440E-3	4.947300E-2	1.000000E-2	0.000000E+0	1.000000E-2	1.000000E+0	1.000000E-2	1.000000E+0	1.000000E+0	2.920000E+2
6.389599E+0	1.500000E+2	1.508000E-1	2.854900E-4	5.282146E+5	3.366627E+5	1.485760E-3	5.002000E-1	4.631800E-2	2.854900E-4	1.622404E+5	3.228987E+4	1.485760E-3	4.797500E-2	1.000000E-2	0.000000E+0	1.000000E-2	1.000000E+0	1.000000E-2	1.000000E+0	1.000000E+0	2.930000E+2
6.410400E+0	1.000000E+2	9.910000E-2	3.319400E-4	2.985479E+5	2.994715E+5	1.668940E-3	4.998000E-1	4.793300E-2	3.319400E-4	1.444026E+5	2.919398E+4	1.668940E-3	4.872300E-2	1.000000E-2	0.000000E+0	1.000000E-2	1.000000E+0	1.000000E-2	1.000000E+0	1.000000E+0	2.940000E+2
6.431668E+0	5.000000E+1	5.010000E-2	2.107200E-4	2.377563E+5	2.985181E+5	1.677620E-3	5.008000E-1	4.633200E-2	2.107200E-4	2.198747E+5	2.874012E+4	1.677620E-3	4.821500E-2	1.000000E-2	0.000000E+0	1.000000E-2	1.000000E+0	1.000000E-2	1.000000E+0	1.000000E+0	2.950000E+2
6.453136E+0	0.000000E+0	-6.000000E-4	-1.815000E-4	3.305785E+3	3.509019E+5	1.421480E-3	4.988000E-1	4.653700E-2	-1.815000E-4	-2.564022E+5	3.339899E+4	1.421480E-3	4.747600E-2	1.000000E-2	0.000000E+0	1.000000E-2	1.000000E+0	1.000000E-2	1.000000E+0	1.000000E+0	2.960000E+2
6.474137E+0	-5.000000E+1	-5.060000E-2	-3.359300E-4	1.506266E+5	3.464442E+5	1.444100E-3	5.003000E-1	4.597200E-2	-3.359300E-4	-1.368499E+5	3.251852E+4	1.444100E-3	4.696000E-2	1.000000E-2	0.000000E+0	1.000000E-2	1.000000E+0	1.000000E-2	1.000000E+0	1.000000E+0	2.970000E+2
6.495055E+0	-1.000000E+2	-1.006000E-1	-3.955400E-4	2.543358E+5	3.532110E+5	1.417000E-3	5.005000E-1	4.715800E-2	-3.955400E-4	-1.192244E+5	3.397459E+4	1.417000E-3	4.814200E-2	1.000000E-2	0.000000E+0	1.000000E-2	1.000000E+0	1.000000E-2	1.000000E+0	1.000000E+0	2.980000E+2
6.516273E+0	-1.500000E+2	-1.499000E-1	-4.258900E-4	3.519688E+5	3.192054E+5	1.564510E-3	4.994000E-1	4.867600E-2	-4.258900E-4	-1.142924E+5	3.172687E+4	1.564510E-3	4.963700E-2	1.000000E-2	0.000000E+0	1.000000E-2	1.000000E+0	1.000000E-2	1.000000E+0	1.000000E+0	2.990000E+2
6.537507E+0	-2.000000E+2	-1.997000E-1	-6.790300E-4	2.940960E+5	2.996257E+5	1.667080E-3	4.995000E-1	4.663800E-2	-6.790300E-4	-6.868327E+4	3.043465E+4	1.667080E-3	5.073700E-2	1.000000E-2	0.000000E+0	1.000000E-2	1.000000E+0	1.000000E-2	1.000000E+0	1.000000E+0	3.000000E+2
6.558575E+0	-2.500000E+2	-2.498000E-1	-7.970300E-4	3.134135E+5	3.410903E+5	1.467060E-3	5.004000E-1	4.642800E-2	-7.970300E-4	-5.825126E+4	3.314248E+4	1.467060E-3	4.862200E-2	1.000000E-2	0.000000E+0	1.000000E-2	1.000000E+0	1.000000E-2	1.000000E+0	1.000000E+0	3.010000E+2
6.579660E+0	-3.000000E+2	-3.002000E-1	-1.204920E-3	2.491452E+5	3.070620E+5	1.628010E-3	4.999000E-1	4.574700E-2	-1.204920E-3	-3.796684E+4	2.944085E+4	1.628010E-3	4.793000E-2	1.000000E-2	0.000000E+0	1.000000E-2	1.000000E+0	1.000000E-2	1.000000E+0	1.000000E+0	3.020000E+2
6.600928E+0	-3.500000E+2	-3.496000E-1	-1.324220E-3	2.640045E+5	3.388912E+5	1.476580E-3	5.004000E-1	4.618200E-2	-1.324220E-3	-3.487487E+4	3.381259E+4	1.476580E-3	4.992700E-2	1.000000E-2	0.000000E+0	1.000000E-2	1.000000E+0	1.000000E-2	1.000000E+0	1.000000E+0	3.030000E+2
6.623262E+0	-4.000000E+2	-3.989000E-1	-1.354680E-3	2.944607E+5	3.408470E+5	1.464000E-3	4.990000E-1	4.650400E-2	-1.354680E-3	-3.432840E+4	3.290915E+4	1.464000E-3	4.817900E-2	1.000000E-2	0.000000E+0	1.000000E-2	1.000000E+0	1.000000E-2	1.000000E+0	1.000000E+0	3.040000E+2
6.643880E+0	-4.500000E+2	-4.493000E-1	-1.666970E-3	2.695309E+5	3.511941E+5	1.422860E-3	4.997000E-1	4.657600E-2	-1.666970E-3	-2.794051E+4	3.317965E+4	1.422860E-3	4.721000E-2	1.000000E-2	0.000000E+0	1.000000E-2	1.000000E+0	1.000000E-2	1.000000E+0	1.000000E+0	3.050000E+2
6.665848E+0	-5.000000E+2	-4.992000E-1	-1.814070E-3	2.751823E+5	3.321129E+5	1.507620E-3	5.007000E-1	4.520600E-2	-1.814070E-3	-2.491966E+4	3.271514E+4	1.507620E-3	4.932200E-2	1.000000E-2	0.000000E+0	1.000000E-2	1.000000E+0	1.000000E-2	1.000000E+0	1.000000E+0	3.060000E+2
6.686766E+0	-5.500000E+2	-5.486000E-1	-1.864610E-3	2.942170E+5	3.538760E+5	1.415750E-3	5.010000E-1	4.525800E-2	-1.864610E-3	-2.427210E+4	3.296698E+4	1.415750E-3	4.667300E-2	1.000000E-2	0.000000E+0	1.000000E-2	1.000000E+0	1.000000E-2	1.000000E+0	1.000000E+0	3.070000E+2
6.708784E+0	-6.000000E+2	-5.995000E-1	-2.064630E-3	2.903668E+5	3.475598E+5	1.440040E-3	5.005000E-1	4.654900E-2	-2.064630E-3	-2.254593E+4	3.364698E+4	1.440040E-3	4.845300E-2	1.000000E-2	0.000000E+0	1.000000E-2	1.000000E+0	1.000000E-2	1.000000E+0	1.000000E+0	3.080000E+2
6.729735E+0	-6.500000E+2	-6.504000E-1	-2.207190E-3	2.946733E+5	3.500437E+5	1.429250E-3	5.003000E-1	4.433200E-2	-2.207190E-3	-2.008527E+4	3.389680E+4	1.429250E-3	4.844700E-2	1.000000E-2	0.000000E+0	1.000000E-2	1.000000E+0	1.000000E-2	1.000000E+0	1.000000E+0	3.090000E+2
6.751620E+0	-7.000000E+2	-6.986000E-1	-2.249280E-3	3.105883E+5	3.148361E+5	1.586540E-3	4.995000E-1	4.500400E-2	-2.249280E-3	-2.000818E+4	3.112118E+4	1.586540E-3	4.937500E-2	1.000000E-2	0.000000E+0	1.000000E-2	1.000000E+0	1.000000E-2	1.000000E+0	1.000000E+0	3.100000E+2
6.772771E+0	-7.500000E+2	-7.505000E-1	-2.677870E-3	2.802601E+5	3.247700E+5	1.542630E-3	5.010000E-1	4.543600E-2	-2.677870E-3	-1.696722E+4	3.147871E+4	1.542630E-3	4.856000E-2	1.000000E-2	0.000000E+0	1.000000E-2	1.000000E+0	1.000000E-2	1.000000E+0	1.000000E+0	3.110000E+2
6.794989E+0	-8.000000E+2	-7.996000E-1	-2.592750E-3	3.083984E+5	3.509548E+5	1.423830E-3	4.997000E-1	4.474600E-2	-2.592750E-3	-1.725812E+4	3.344711E+4	1.423830E-3	4.762300E-2	1.000000E-2	0.000000E+0	1.000000E-2	1.000000E+0	1.000000E-2	1.000000E+0	1.000000E+0	3.120000E+2
6.815857E+0	-8.500000E+2	-8.505000E-1	-2.748210E-3	3.094742E+5	3.012774E+5	1.659600E-3	5.000000E-1	4.543700E-2	-2.748210E-3	-1.653331E+4	2.941130E+4	1.659600E-3	4.881100E-2	1.000000E-2	0.000000E+0	1.000000E-2	1.000000E+0	1.000000E-2	1.000000E+0	1.000000E+0	3.130000E+2
6.837391E+0	-9.000000E+2	-8.999000E-1	-3.042350E-3	2.957911E+5	2.975508E+5	1.683410E-3	5.009000E-1	4.446400E-2	-3.042350E-3	-1.461502E+4	2.820584E+4	1.683410E-3	4.748200E-2	1.000000E-2	0.000000E+0	1.000000E-2	1.000000E+0	1.000000E-2	1.000000E+0	1.000000E+0	3.140000E+2
6.858942E+0	-9.500000E+2	-9.497000E-1	-3.322060E-3	2.858768E+5	3.273006E+5	1.526120E-3	4.995000E-1	4.348700E-2	-3.322060E-3	-1.309037E+4	3.216326E+4	1.526120E-3	4.908500E-2	1.000000E-2	0.000000E+0	1.000000E-2	1.000000E+0	1.000000E-2	1.000000E+0	1.000000E+0	3.150000E+2
6.880260E+0	-1.000000E+3	-1.000400E+0	-3.460700E-3	2.890745E+5	3.461749E+5	1.443490E-3	4.997000E-1	4.266700E-2	-3.460700E-3	-1.232901E+4	3.283015E+4	1.443490E-3	4.739000E-2	1.000000E-2	0.000000E+0	1.000000E-2	1.000000E+0	1.000000E-2	1.000000E+0	1.000000E+0	3.160000E+2
6.900978E+0	-1.000000E+3	-1.000300E+0	-3.374550E-3	2.964247E+5	3.093924E+5	1.618010E-3	5.006000E-1	4.508400E-2	-3.374550E-3	-1.336000E+4	2.930019E+4	1.618010E-3	4.740800E-2	1.000000E-2	0.000000E+0	1.000000E-2	1.000000E+0	1.000000E-2	1.000000E+0	1.000000E+0	3.170000E+2
