Tiempo (min)	I pulso(mA)	Vinst 1 (V)	Iinst 1 (mA)	Rinst 1(Ohm)	Rrem 1 (Ohm)	Ibias 1 (mA)	Vbias 1 (V)	Vinst 2 (V)	Iinst 2 (mA)	Rinst 2(Ohm)	Rrem 2 (Ohm)	Ibias 2 (mA)	Vbias 2 (V)	Ancho pulso (s)	Periodo (s)	Icc 1 (mA)	Vcc 1 (V)	Icc 2 (mA)	Vcc 2 (V)	2W 1?	N6.147685E-1	1.000000E+2	1.003000E-1	2.624900E-4	3.821098E+5	4.466894E+5	1.119570E-3	5.001000E-1	4.494000E-2	2.624900E-4	1.712065E+5	4.101575E+4	1.119570E-3	4.592000E-2	1.000000E-2	0.000000E+0	1.000000E-2	1.000000E+0	1.000000E-2	1.000000E+0	1.000000E+0	1.000000E+0
6.359864E-1	1.500000E+2	1.507000E-1	3.764400E-4	4.003294E+5	4.360572E+5	1.146180E-3	4.998000E-1	4.563400E-2	3.764400E-4	1.212252E+5	3.988117E+4	1.146180E-3	4.571100E-2	1.000000E-2	0.000000E+0	1.000000E-2	1.000000E+0	1.000000E-2	1.000000E+0	1.000000E+0	2.000000E+0
6.568876E-1	2.000000E+2	2.000000E-1	4.294500E-4	4.657120E+5	4.587956E+5	1.088720E-3	4.995000E-1	4.641800E-2	4.294500E-4	1.080871E+5	4.089665E+4	1.088720E-3	4.452500E-2	1.000000E-2	0.000000E+0	1.000000E-2	1.000000E+0	1.000000E-2	1.000000E+0	1.000000E+0	3.000000E+0
6.778721E-1	2.500000E+2	2.502000E-1	5.569400E-4	4.492405E+5	4.637187E+5	1.078240E-3	5.000000E-1	4.616700E-2	5.569400E-4	8.289403E+4	4.182279E+4	1.078240E-3	4.509500E-2	1.000000E-2	0.000000E+0	1.000000E-2	1.000000E+0	1.000000E-2	1.000000E+0	1.000000E+0	4.000000E+0
6.990400E-1	3.000000E+2	2.997000E-1	7.458100E-4	4.018450E+5	4.405597E+5	1.134920E-3	5.000000E-1	4.637100E-2	7.458100E-4	6.217535E+4	4.213601E+4	1.134920E-3	4.782100E-2	1.000000E-2	0.000000E+0	1.000000E-2	1.000000E+0	1.000000E-2	1.000000E+0	1.000000E+0	5.000000E+0
7.200579E-1	3.500000E+2	3.502000E-1	8.283800E-4	4.227528E+5	4.471104E+5	1.116950E-3	4.994000E-1	4.675300E-2	8.283800E-4	5.643907E+4	4.206545E+4	1.116950E-3	4.698500E-2	1.000000E-2	0.000000E+0	1.000000E-2	1.000000E+0	1.000000E-2	1.000000E+0	1.000000E+0	6.000000E+0
7.422591E-1	4.000000E+2	4.000000E-1	8.848300E-4	4.520642E+5	4.621736E+5	1.082710E-3	5.004000E-1	4.566000E-2	8.848300E-4	5.160313E+4	4.290530E+4	1.082710E-3	4.645400E-2	1.000000E-2	0.000000E+0	1.000000E-2	1.000000E+0	1.000000E-2	1.000000E+0	1.000000E+0	7.000000E+0
7.631270E-1	4.500000E+2	4.502000E-1	1.056220E-3	4.262370E+5	4.489213E+5	1.112890E-3	4.996000E-1	4.768000E-2	1.056220E-3	4.514211E+4	4.264572E+4	1.112890E-3	4.746000E-2	1.000000E-2	0.000000E+0	1.000000E-2	1.000000E+0	1.000000E-2	1.000000E+0	1.000000E+0	8.000000E+0
7.850449E-1	5.000000E+2	4.995000E-1	1.073620E-3	4.652484E+5	4.523510E+5	1.104010E-3	4.994000E-1	4.754500E-2	1.073620E-3	4.428476E+4	4.228585E+4	1.104010E-3	4.668400E-2	1.000000E-2	0.000000E+0	1.000000E-2	1.000000E+0	1.000000E-2	1.000000E+0	1.000000E+0	9.000000E+0
8.056794E-1	5.500000E+2	5.490000E-1	1.173020E-3	4.680227E+5	4.771364E+5	1.047080E-3	4.996000E-1	4.661300E-2	1.173020E-3	3.973760E+4	4.518184E+4	1.047080E-3	4.730900E-2	1.000000E-2	0.000000E+0	1.000000E-2	1.000000E+0	1.000000E-2	1.000000E+0	1.000000E+0	1.000000E+1
8.266139E-1	6.000000E+2	6.005000E-1	1.279820E-3	4.692066E+5	4.722789E+5	1.059120E-3	5.002000E-1	4.654900E-2	1.279820E-3	3.637152E+4	4.354936E+4	1.059120E-3	4.612400E-2	1.000000E-2	0.000000E+0	1.000000E-2	1.000000E+0	1.000000E-2	1.000000E+0	1.000000E+0	1.100000E+1
8.476818E-1	6.500000E+2	6.499000E-1	1.358650E-3	4.783425E+5	4.733061E+5	1.056610E-3	5.001000E-1	4.629800E-2	1.358650E-3	3.407647E+4	4.458126E+4	1.056610E-3	4.710500E-2	1.000000E-2	0.000000E+0	1.000000E-2	1.000000E+0	1.000000E-2	1.000000E+0	1.000000E+0	1.200000E+1
8.686997E-1	7.000000E+2	7.002000E-1	1.492080E-3	4.692778E+5	4.680349E+5	1.068510E-3	5.001000E-1	4.643500E-2	1.492080E-3	3.112099E+4	4.470805E+4	1.068510E-3	4.777100E-2	1.000000E-2	0.000000E+0	1.000000E-2	1.000000E+0	1.000000E-2	1.000000E+0	1.000000E+0	1.300000E+1
8.900009E-1	7.500000E+2	7.508000E-1	1.571370E-3	4.777996E+5	4.631094E+5	1.081170E-3	5.007000E-1	4.705400E-2	1.571370E-3	2.994457E+4	4.424096E+4	1.081170E-3	4.783200E-2	1.000000E-2	0.000000E+0	1.000000E-2	1.000000E+0	1.000000E-2	1.000000E+0	1.000000E+0	1.400000E+1
9.119022E-1	8.000000E+2	7.999000E-1	1.723960E-3	4.639899E+5	4.606787E+5	1.087960E-3	5.012000E-1	4.900000E-2	1.723960E-3	2.842293E+4	4.485735E+4	1.087960E-3	4.880300E-2	1.000000E-2	0.000000E+0	1.000000E-2	1.000000E+0	1.000000E-2	1.000000E+0	1.000000E+0	1.500000E+1
9.326033E-1	8.500000E+2	8.507000E-1	1.801390E-3	4.722464E+5	4.735664E+5	1.054340E-3	4.993000E-1	4.737500E-2	1.801390E-3	2.629914E+4	4.526718E+4	1.054340E-3	4.772700E-2	1.000000E-2	0.000000E+0	1.000000E-2	1.000000E+0	1.000000E-2	1.000000E+0	1.000000E+0	1.600000E+1
9.543379E-1	9.000000E+2	8.996000E-1	1.891420E-3	4.756215E+5	4.868932E+5	1.027330E-3	5.002000E-1	4.676900E-2	1.891420E-3	2.472692E+4	4.747744E+4	1.027330E-3	4.877500E-2	1.000000E-2	0.000000E+0	1.000000E-2	1.000000E+0	1.000000E-2	1.000000E+0	1.000000E+0	1.700000E+1
9.753058E-1	9.500000E+2	9.495000E-1	2.048210E-3	4.635755E+5	4.679624E+5	1.071240E-3	5.013000E-1	4.826000E-2	2.048210E-3	2.356204E+4	4.478175E+4	1.071240E-3	4.797200E-2	1.000000E-2	0.000000E+0	1.000000E-2	1.000000E+0	1.000000E-2	1.000000E+0	1.000000E+0	1.800000E+1
9.974737E-1	1.000000E+3	9.993000E-1	2.082730E-3	4.798030E+5	4.684924E+5	1.067680E-3	5.002000E-1	4.994200E-2	2.082730E-3	2.397910E+4	4.383804E+4	1.067680E-3	4.680500E-2	1.000000E-2	0.000000E+0	1.000000E-2	1.000000E+0	1.000000E-2	1.000000E+0	1.000000E+0	1.900000E+1
1.018175E+0	1.000000E+3	1.000200E+0	2.065000E-3	4.843584E+5	4.731664E+5	1.055020E-3	4.992000E-1	4.796000E-2	2.065000E-3	2.322518E+4	4.496218E+4	1.055020E-3	4.743600E-2	1.000000E-2	0.000000E+0	1.000000E-2	1.000000E+0	1.000000E-2	1.000000E+0	1.000000E+0	2.000000E+1
1.039226E+0	9.500000E+2	9.496000E-1	1.983220E-3	4.788173E+5	4.589556E+5	1.089430E-3	5.000000E-1	4.872100E-2	1.983220E-3	2.456661E+4	4.276089E+4	1.089430E-3	4.658500E-2	1.000000E-2	0.000000E+0	1.000000E-2	1.000000E+0	1.000000E-2	1.000000E+0	1.000000E+0	2.100000E+1
1.060461E+0	9.000000E+2	9.002000E-1	1.851640E-3	4.861636E+5	4.865898E+5	1.025710E-3	4.991000E-1	4.714400E-2	1.851640E-3	2.546067E+4	4.613390E+4	1.025710E-3	4.732000E-2	1.000000E-2	0.000000E+0	1.000000E-2	1.000000E+0	1.000000E-2	1.000000E+0	1.000000E+0	2.200000E+1
1.081479E+0	8.500000E+2	8.494000E-1	1.746490E-3	4.863469E+5	4.776933E+5	1.045650E-3	4.995000E-1	4.713400E-2	1.746490E-3	2.698784E+4	4.487352E+4	1.045650E-3	4.692200E-2	1.000000E-2	0.000000E+0	1.000000E-2	1.000000E+0	1.000000E-2	1.000000E+0	1.000000E+0	2.300000E+1
1.102480E+0	8.000000E+2	7.993000E-1	1.617440E-3	4.941760E+5	4.930669E+5	1.013250E-3	4.996000E-1	4.733400E-2	1.617440E-3	2.926476E+4	4.565211E+4	1.013250E-3	4.625700E-2	1.000000E-2	0.000000E+0	1.000000E-2	1.000000E+0	1.000000E-2	1.000000E+0	1.000000E+0	2.400000E+1
1.124598E+0	7.500000E+2	7.499000E-1	1.594380E-3	4.703396E+5	4.566778E+5	1.093550E-3	4.994000E-1	4.663400E-2	1.594380E-3	2.924899E+4	4.361758E+4	1.093550E-3	4.769800E-2	1.000000E-2	0.000000E+0	1.000000E-2	1.000000E+0	1.000000E-2	1.000000E+0	1.000000E+0	2.500000E+1
1.145332E+0	7.000000E+2	6.995000E-1	1.483070E-3	4.716568E+5	4.672618E+5	1.070920E-3	5.004000E-1	4.617600E-2	1.483070E-3	3.113542E+4	4.382774E+4	1.070920E-3	4.693600E-2	1.000000E-2	0.000000E+0	1.000000E-2	1.000000E+0	1.000000E-2	1.000000E+0	1.000000E+0	2.600000E+1
1.166417E+0	6.500000E+2	6.495000E-1	1.318390E-3	4.926463E+5	4.954522E+5	1.008170E-3	4.995000E-1	4.696400E-2	1.318390E-3	3.562224E+4	4.698414E+4	1.008170E-3	4.736800E-2	1.000000E-2	0.000000E+0	1.000000E-2	1.000000E+0	1.000000E-2	1.000000E+0	1.000000E+0	2.700000E+1
1.187435E+0	6.000000E+2	6.003000E-1	1.246030E-3	4.817701E+5	4.715550E+5	1.061170E-3	5.004000E-1	4.765300E-2	1.246030E-3	3.824386E+4	4.494190E+4	1.061170E-3	4.769100E-2	1.000000E-2	0.000000E+0	1.000000E-2	1.000000E+0	1.000000E-2	1.000000E+0	1.000000E+0	2.800000E+1
1.208519E+0	5.500000E+2	5.505000E-1	1.136910E-3	4.842072E+5	4.925585E+5	1.015920E-3	5.004000E-1	4.737400E-2	1.136910E-3	4.166909E+4	4.585597E+4	1.015920E-3	4.658600E-2	1.000000E-2	0.000000E+0	1.000000E-2	1.000000E+0	1.000000E-2	1.000000E+0	1.000000E+0	2.900000E+1
1.229970E+0	5.000000E+2	5.002000E-1	1.046050E-3	4.781798E+5	4.651444E+5	1.073430E-3	4.993000E-1	4.892800E-2	1.046050E-3	4.677405E+4	4.357061E+4	1.073430E-3	4.677000E-2	1.000000E-2	0.000000E+0	1.000000E-2	1.000000E+0	1.000000E-2	1.000000E+0	1.000000E+0	3.000000E+1
1.251172E+0	4.500000E+2	4.494000E-1	9.144900E-4	4.914214E+5	4.957301E+5	1.008210E-3	4.998000E-1	4.906700E-2	9.144900E-4	5.365504E+4	4.829847E+4	1.008210E-3	4.869500E-2	1.000000E-2	0.000000E+0	1.000000E-2	1.000000E+0	1.000000E-2	1.000000E+0	1.000000E+0	3.100000E+1
1.272006E+0	4.000000E+2	3.995000E-1	8.682100E-4	4.601421E+5	4.705029E+5	1.061630E-3	4.995000E-1	4.834900E-2	8.682100E-4	5.568814E+4	4.481882E+4	1.061630E-3	4.758100E-2	1.000000E-2	0.000000E+0	1.000000E-2	1.000000E+0	1.000000E-2	1.000000E+0	1.000000E+0	3.200000E+1
1.293007E+0	3.500000E+2	3.496000E-1	7.674600E-4	4.555286E+5	4.838460E+5	1.032560E-3	4.996000E-1	4.700900E-2	7.674600E-4	6.125270E+4	4.616971E+4	1.032560E-3	4.767300E-2	1.000000E-2	0.000000E+0	1.000000E-2	1.000000E+0	1.000000E-2	1.000000E+0	1.000000E+0	3.300000E+1
1.314042E+0	3.000000E+2	2.990000E-1	6.690500E-4	4.469023E+5	4.736757E+5	1.056630E-3	5.005000E-1	5.003700E-2	6.690500E-4	7.478813E+4	4.407787E+4	1.056630E-3	4.657400E-2	1.000000E-2	0.000000E+0	1.000000E-2	1.000000E+0	1.000000E-2	1.000000E+0	1.000000E+0	3.400000E+1
1.335010E+0	2.500000E+2	2.502000E-1	5.456800E-4	4.585105E+5	4.719084E+5	1.058680E-3	4.996000E-1	4.876300E-2	5.456800E-4	8.936190E+4	4.585711E+4	1.058680E-3	4.854800E-2	1.000000E-2	0.000000E+0	1.000000E-2	1.000000E+0	1.000000E-2	1.000000E+0	1.000000E+0	3.500000E+1
1.356378E+0	2.000000E+2	2.004000E-1	4.932900E-4	4.062519E+5	4.640332E+5	1.077940E-3	5.002000E-1	4.880700E-2	4.932900E-4	9.894180E+4	4.509435E+4	1.077940E-3	4.860900E-2	1.000000E-2	0.000000E+0	1.000000E-2	1.000000E+0	1.000000E-2	1.000000E+0	1.000000E+0	3.600000E+1
1.377895E+0	1.500000E+2	1.499000E-1	3.224400E-4	4.648927E+5	4.959342E+5	1.008400E-3	5.001000E-1	4.620400E-2	3.224400E-4	1.432949E+5	4.750496E+4	1.008400E-3	4.790400E-2	1.000000E-2	0.000000E+0	1.000000E-2	1.000000E+0	1.000000E-2	1.000000E+0	1.000000E+0	3.700000E+1
1.398963E+0	1.000000E+2	9.980000E-2	2.118300E-4	4.711325E+5	4.962636E+5	1.006320E-3	4.994000E-1	4.732300E-2	2.118300E-4	2.234008E+5	4.937893E+4	1.006320E-3	4.969100E-2	1.000000E-2	0.000000E+0	1.000000E-2	1.000000E+0	1.000000E-2	1.000000E+0	1.000000E+0	3.800000E+1
1.421115E+0	5.000000E+1	4.990000E-2	1.276500E-4	3.909127E+5	4.729410E+5	1.056580E-3	4.997000E-1	4.842800E-2	1.276500E-4	3.793811E+5	4.577599E+4	1.056580E-3	4.836600E-2	1.000000E-2	0.000000E+0	1.000000E-2	1.000000E+0	1.000000E-2	1.000000E+0	1.000000E+0	3.900000E+1
1.441866E+0	0.000000E+0	0.000000E+0	8.114000E-5	0.000000E+0	4.707965E+5	1.062030E-3	5.000000E-1	4.690000E-2	8.114000E-5	5.780133E+5	4.527179E+4	1.062030E-3	4.808000E-2	1.000000E-2	0.000000E+0	1.000000E-2	1.000000E+0	1.000000E-2	1.000000E+0	1.000000E+0	4.000000E+1
1.462817E+0	-5.000000E+1	-4.930000E-2	-3.609000E-5	1.366029E+6	4.829400E+5	1.034290E-3	4.995000E-1	4.788500E-2	-3.609000E-5	-1.326822E+6	4.717439E+4	1.034290E-3	4.879200E-2	1.000000E-2	0.000000E+0	1.000000E-2	1.000000E+0	1.000000E-2	1.000000E+0	1.000000E+0	4.100000E+1
1.483968E+0	-1.000000E+2	-9.950000E-2	-1.881700E-4	5.287772E+5	5.009580E+5	9.968900E-4	4.994000E-1	4.809500E-2	-1.881700E-4	-2.555933E+5	4.864127E+4	9.968900E-4	4.849000E-2	1.000000E-2	0.000000E+0	1.000000E-2	1.000000E+0	1.000000E-2	1.000000E+0	1.000000E+0	4.200000E+1
1.505153E+0	-1.500000E+2	-1.492000E-1	-2.127300E-4	7.013585E+5	4.739825E+5	1.056790E-3	5.009000E-1	4.770900E-2	-2.127300E-4	-2.242702E+5	4.598927E+4	1.056790E-3	4.860100E-2	1.000000E-2	0.000000E+0	1.000000E-2	1.000000E+0	1.000000E-2	1.000000E+0	1.000000E+0	4.300000E+1
1.526254E+0	-2.000000E+2	-1.995000E-1	-3.164200E-4	6.304911E+5	4.783558E+5	1.044620E-3	4.997000E-1	4.730400E-2	-3.164200E-4	-1.494975E+5	4.554383E+4	1.044620E-3	4.757600E-2	1.000000E-2	0.000000E+0	1.000000E-2	1.000000E+0	1.000000E-2	1.000000E+0	1.000000E+0	4.400000E+1
1.547322E+0	-2.500000E+2	-2.486000E-1	-4.432900E-4	5.608067E+5	4.942876E+5	1.010950E-3	4.997000E-1	4.625000E-2	-4.432900E-4	-1.043335E+5	4.747811E+4	1.010950E-3	4.799800E-2	1.000000E-2	0.000000E+0	1.000000E-2	1.000000E+0	1.000000E-2	1.000000E+0	1.000000E+0	4.500000E+1
1.568523E+0	-3.000000E+2	-3.003000E-1	-5.452000E-4	5.508070E+5	4.812226E+5	1.037150E-3	4.991000E-1	4.531000E-2	-5.452000E-4	-8.310712E+4	4.668659E+4	1.037150E-3	4.842100E-2	1.000000E-2	0.000000E+0	1.000000E-2	1.000000E+0	1.000000E-2	1.000000E+0	1.000000E+0	4.600000E+1
1.589641E+0	-3.500000E+2	-3.506000E-1	-6.446200E-4	5.438863E+5	4.776958E+5	1.047110E-3	5.002000E-1	4.700600E-2	-6.446200E-4	-7.292048E+4	4.622341E+4	1.047110E-3	4.840100E-2	1.000000E-2	0.000000E+0	1.000000E-2	1.000000E+0	1.000000E-2	1.000000E+0	1.000000E+0	4.700000E+1
1.610725E+0	-4.000000E+2	-4.001000E-1	-7.847400E-4	5.098504E+5	5.003699E+5	1.000260E-3	5.005000E-1	4.588900E-2	-7.847400E-4	-5.847669E+4	4.767760E+4	1.000260E-3	4.769000E-2	1.000000E-2	0.000000E+0	1.000000E-2	1.000000E+0	1.000000E-2	1.000000E+0	1.000000E+0	4.800000E+1
1.632093E+0	-4.500000E+2	-4.489000E-1	-8.535700E-4	5.259088E+5	4.962146E+5	1.007830E-3	5.001000E-1	4.677800E-2	-8.535700E-4	-5.480277E+4	4.799222E+4	1.007830E-3	4.836800E-2	1.000000E-2	0.000000E+0	1.000000E-2	1.000000E+0	1.000000E-2	1.000000E+0	1.000000E+0	4.900000E+1
1.653395E+0	-5.000000E+2	-5.006000E-1	-9.382600E-4	5.335408E+5	5.013452E+5	9.961200E-4	4.994000E-1	4.683500E-2	-9.382600E-4	-4.991687E+4	4.929326E+4	9.961200E-4	4.910200E-2	1.000000E-2	0.000000E+0	1.000000E-2	1.000000E+0	1.000000E-2	1.000000E+0	1.000000E+0	5.000000E+1
1.674379E+0	-5.500000E+2	-5.499000E-1	-1.031980E-3	5.328592E+5	5.076917E+5	9.828800E-4	4.990000E-1	4.621200E-2	-1.031980E-3	-4.477994E+4	4.847591E+4	9.828800E-4	4.764600E-2	1.000000E-2	0.000000E+0	1.000000E-2	1.000000E+0	1.000000E-2	1.000000E+0	1.000000E+0	5.100000E+1
1.696147E+0	-6.000000E+2	-5.999000E-1	-1.161360E-3	5.165496E+5	4.908984E+5	1.016300E-3	4.989000E-1	4.498300E-2	-1.161360E-3	-3.873304E+4	4.585949E+4	1.016300E-3	4.660700E-2	1.000000E-2	0.000000E+0	1.000000E-2	1.000000E+0	1.000000E-2	1.000000E+0	1.000000E+0	5.200000E+1
1.717165E+0	-6.500000E+2	-6.508000E-1	-1.251410E-3	5.200534E+5	4.943274E+5	1.011880E-3	5.002000E-1	4.589600E-2	-1.251410E-3	-3.667543E+4	4.757481E+4	1.011880E-3	4.814000E-2	1.000000E-2	0.000000E+0	1.000000E-2	1.000000E+0	1.000000E-2	1.000000E+0	1.000000E+0	5.300000E+1
1.737916E+0	-7.000000E+2	-7.011000E-1	-1.314090E-3	5.335251E+5	4.742505E+5	1.053030E-3	4.994000E-1	4.614400E-2	-1.314090E-3	-3.511479E+4	4.633771E+4	1.053030E-3	4.879500E-2	1.000000E-2	0.000000E+0	1.000000E-2	1.000000E+0	1.000000E-2	1.000000E+0	1.000000E+0	5.400000E+1
1.759034E+0	-7.500000E+2	-7.501000E-1	-1.400880E-3	5.354491E+5	4.983833E+5	1.002040E-3	4.994000E-1	4.570800E-2	-1.400880E-3	-3.262806E+4	4.812982E+4	1.002040E-3	4.822800E-2	1.000000E-2	0.000000E+0	1.000000E-2	1.000000E+0	1.000000E-2	1.000000E+0	1.000000E+0	5.500000E+1
1.780068E+0	-8.000000E+2	-8.005000E-1	-1.512110E-3	5.293927E+5	4.801239E+5	1.039940E-3	4.993000E-1	4.631100E-2	-1.512110E-3	-3.062674E+4	4.613920E+4	1.039940E-3	4.798200E-2	1.000000E-2	0.000000E+0	1.000000E-2	1.000000E+0	1.000000E-2	1.000000E+0	1.000000E+0	5.600000E+1
1.801036E+0	-8.500000E+2	-8.503000E-1	-1.584450E-3	5.366531E+5	4.860828E+5	1.029660E-3	5.005000E-1	4.669800E-2	-1.584450E-3	-2.947269E+4	4.631043E+4	1.029660E-3	4.768400E-2	1.000000E-2	0.000000E+0	1.000000E-2	1.000000E+0	1.000000E-2	1.000000E+0	1.000000E+0	5.700000E+1
1.822254E+0	-9.000000E+2	-9.002000E-1	-1.738910E-3	5.176806E+5	4.742970E+5	1.053770E-3	4.998000E-1	4.614400E-2	-1.738910E-3	-2.653616E+4	4.429240E+4	1.053770E-3	4.667400E-2	1.000000E-2	0.000000E+0	1.000000E-2	1.000000E+0	1.000000E-2	1.000000E+0	1.000000E+0	5.800000E+1
1.843305E+0	-9.500000E+2	-9.494000E-1	-1.777980E-3	5.339768E+5	4.689813E+5	1.067420E-3	5.006000E-1	4.519900E-2	-1.777980E-3	-2.542155E+4	4.561934E+4	1.067420E-3	4.869500E-2	1.000000E-2	0.000000E+0	1.000000E-2	1.000000E+0	1.000000E-2	1.000000E+0	1.000000E+0	5.900000E+1
1.865640E+0	-1.000000E+3	-1.001100E+0	-1.935190E-3	5.173135E+5	4.866438E+5	1.027240E-3	4.999000E-1	4.604100E-2	-1.935190E-3	-2.379146E+4	4.735310E+4	1.027240E-3	4.864300E-2	1.000000E-2	0.000000E+0	1.000000E-2	1.000000E+0	1.000000E-2	1.000000E+0	1.000000E+0	6.000000E+1
1.886275E+0	-1.000000E+3	-9.998000E-1	-1.928860E-3	5.183373E+5	4.896350E+5	1.022190E-3	5.005000E-1	4.477700E-2	-1.928860E-3	-2.321423E+4	4.666354E+4	1.022190E-3	4.769900E-2	1.000000E-2	0.000000E+0	1.000000E-2	1.000000E+0	1.000000E-2	1.000000E+0	1.000000E+0	6.100000E+1
1.908209E+0	-9.500000E+2	-9.494000E-1	-1.815200E-3	5.230278E+5	5.016830E+5	9.952500E-4	4.993000E-1	4.704300E-2	-1.815200E-3	-2.591615E+4	4.896257E+4	9.952500E-4	4.873000E-2	1.000000E-2	0.000000E+0	1.000000E-2	1.000000E+0	1.000000E-2	1.000000E+0	1.000000E+0	6.200000E+1
1.928960E+0	-9.000000E+2	-9.001000E-1	-1.694200E-3	5.312832E+5	4.924967E+5	1.014220E-3	4.995000E-1	4.671500E-2	-1.694200E-3	-2.757349E+4	4.719292E+4	1.014220E-3	4.786400E-2	1.000000E-2	0.000000E+0	1.000000E-2	1.000000E+0	1.000000E-2	1.000000E+0	1.000000E+0	6.300000E+1
1.950762E+0	-8.500000E+2	-8.496000E-1	-1.569580E-3	5.412913E+5	4.915935E+5	1.015880E-3	4.994000E-1	4.789100E-2	-1.569580E-3	-3.051198E+4	4.623381E+4	1.015880E-3	4.696800E-2	1.000000E-2	0.000000E+0	1.000000E-2	1.000000E+0	1.000000E-2	1.000000E+0	1.000000E+0	6.400000E+1
1.971479E+0	-8.000000E+2	-7.993000E-1	-1.500320E-3	5.327530E+5	4.927830E+5	1.015660E-3	5.005000E-1	4.682400E-2	-1.500320E-3	-3.120934E+4	4.726385E+4	1.015660E-3	4.800400E-2	1.000000E-2	0.000000E+0	1.000000E-2	1.000000E+0	1.000000E-2	1.000000E+0	1.000000E+0	6.500000E+1
1.993447E+0	-7.500000E+2	-7.498000E-1	-1.389210E-3	5.397312E+5	4.942361E+5	1.011460E-3	4.999000E-1	4.871800E-2	-1.389210E-3	-3.506885E+4	4.713187E+4	1.011460E-3	4.767200E-2	1.000000E-2	0.000000E+0	1.000000E-2	1.000000E+0	1.000000E-2	1.000000E+0	1.000000E+0	6.600000E+1
2.014215E+0	-7.000000E+2	-6.993000E-1	-1.300030E-3	5.379107E+5	5.185408E+5	9.632800E-4	4.995000E-1	4.675100E-2	-1.300030E-3	-3.596148E+4	5.056993E+4	9.632800E-4	4.871300E-2	1.000000E-2	0.000000E+0	1.000000E-2	1.000000E+0	1.000000E-2	1.000000E+0	1.000000E+0	6.700000E+1
2.036150E+0	-6.500000E+2	-6.497000E-1	-1.162710E-3	5.587808E+5	5.080956E+5	9.838700E-4	4.999000E-1	4.613400E-2	-1.162710E-3	-3.967799E+4	4.874933E+4	9.838700E-4	4.796300E-2	1.000000E-2	0.000000E+0	1.000000E-2	1.000000E+0	1.000000E-2	1.000000E+0	1.000000E+0	6.800000E+1
2.057034E+0	-6.000000E+2	-6.007000E-1	-1.113110E-3	5.396592E+5	4.936298E+5	1.013310E-3	5.002000E-1	4.745400E-2	-1.113110E-3	-4.263191E+4	4.863369E+4	1.013310E-3	4.928100E-2	1.000000E-2	0.000000E+0	1.000000E-2	1.000000E+0	1.000000E-2	1.000000E+0	1.000000E+0	6.900000E+1
2.078819E+0	-5.500000E+2	-5.499000E-1	-1.002420E-3	5.485725E+5	5.015400E+5	9.967300E-4	4.999000E-1	4.714600E-2	-1.002420E-3	-4.703218E+4	4.981991E+4	9.967300E-4	4.965700E-2	1.000000E-2	0.000000E+0	1.000000E-2	1.000000E+0	1.000000E-2	1.000000E+0	1.000000E+0	7.000000E+1
2.099637E+0	-5.000000E+2	-4.984000E-1	-9.194000E-4	5.420927E+5	5.257557E+5	9.491100E-4	4.990000E-1	4.615500E-2	-9.194000E-4	-5.020122E+4	5.043040E+4	9.491100E-4	4.786400E-2	1.000000E-2	0.000000E+0	1.000000E-2	1.000000E+0	1.000000E-2	1.000000E+0	1.000000E+0	7.100000E+1
2.121571E+0	-4.500000E+2	-4.502000E-1	-8.077100E-4	5.573783E+5	5.179849E+5	9.647000E-4	4.997000E-1	4.778900E-2	-8.077100E-4	-5.916604E+4	5.084897E+4	9.647000E-4	4.905400E-2	1.000000E-2	0.000000E+0	1.000000E-2	1.000000E+0	1.000000E-2	1.000000E+0	1.000000E+0	7.200000E+1
2.142256E+0	-4.000000E+2	-4.004000E-1	-7.386400E-4	5.420773E+5	4.996505E+5	1.001300E-3	5.003000E-1	4.712500E-2	-7.386400E-4	-6.379969E+4	4.921902E+4	1.001300E-3	4.928300E-2	1.000000E-2	0.000000E+0	1.000000E-2	1.000000E+0	1.000000E-2	1.000000E+0	1.000000E+0	7.300000E+1
2.163357E+0	-3.500000E+2	-3.515000E-1	-6.628000E-4	5.303259E+5	5.113068E+5	9.790600E-4	5.006000E-1	4.604700E-2	-6.628000E-4	-6.947345E+4	4.831165E+4	9.790600E-4	4.730000E-2	1.000000E-2	0.000000E+0	1.000000E-2	1.000000E+0	1.000000E-2	1.000000E+0	1.000000E+0	7.400000E+1
2.184558E+0	-3.000000E+2	-2.996000E-1	-4.941800E-4	6.062568E+5	5.158279E+5	9.685400E-4	4.996000E-1	4.726800E-2	-4.941800E-4	-9.564936E+4	5.025812E+4	9.685400E-4	4.867700E-2	1.000000E-2	0.000000E+0	1.000000E-2	1.000000E+0	1.000000E-2	1.000000E+0	1.000000E+0	7.500000E+1
2.205643E+0	-2.500000E+2	-2.505000E-1	-4.438400E-4	5.643926E+5	5.117539E+5	9.784000E-4	5.007000E-1	4.814500E-2	-4.438400E-4	-1.084738E+5	4.902903E+4	9.784000E-4	4.797000E-2	1.000000E-2	0.000000E+0	1.000000E-2	1.000000E+0	1.000000E-2	1.000000E+0	1.000000E+0	7.600000E+1
2.226661E+0	-2.000000E+2	-1.995000E-1	-3.512300E-4	5.680039E+5	5.017885E+5	9.952400E-4	4.994000E-1	4.648900E-2	-3.512300E-4	-1.323606E+5	4.759053E+4	9.952400E-4	4.736400E-2	1.000000E-2	0.000000E+0	1.000000E-2	1.000000E+0	1.000000E-2	1.000000E+0	1.000000E+0	7.700000E+1
2.247695E+0	-1.500000E+2	-1.497000E-1	-2.618000E-4	5.718105E+5	5.218852E+5	9.586400E-4	5.003000E-1	4.715400E-2	-2.618000E-4	-1.801146E+5	4.795648E+4	9.586400E-4	4.597300E-2	1.000000E-2	0.000000E+0	1.000000E-2	1.000000E+0	1.000000E-2	1.000000E+0	1.000000E+0	7.800000E+1
2.268746E+0	-1.000000E+2	-9.900000E-2	-1.779800E-4	5.562423E+5	5.097040E+5	9.815500E-4	5.003000E-1	4.505600E-2	-1.779800E-4	-2.531520E+5	4.897152E+4	9.815500E-4	4.806800E-2	1.000000E-2	0.000000E+0	1.000000E-2	1.000000E+0	1.000000E-2	1.000000E+0	1.000000E+0	7.900000E+1
2.289864E+0	-5.000000E+1	-5.050000E-2	-5.594000E-5	9.027529E+5	4.966207E+5	1.007610E-3	5.004000E-1	4.711000E-2	-5.594000E-5	-8.421523E+5	4.821608E+4	1.007610E-3	4.858300E-2	1.000000E-2	0.000000E+0	1.000000E-2	1.000000E+0	1.000000E-2	1.000000E+0	1.000000E+0	8.000000E+1
2.311749E+0	0.000000E+0	-7.000000E-4	7.260000E-6	-9.641873E+4	5.176151E+5	9.642300E-4	4.991000E-1	5.072500E-2	7.260000E-6	6.986915E+6	4.954627E+4	9.642300E-4	4.777400E-2	1.000000E-2	0.000000E+0	1.000000E-2	1.000000E+0	1.000000E-2	1.000000E+0	1.000000E+0	8.100000E+1
2.332950E+0	5.000000E+1	4.930000E-2	1.580800E-4	3.118674E+5	4.895673E+5	1.021310E-3	5.000000E-1	4.892600E-2	1.580800E-4	3.095015E+5	4.636790E+4	1.021310E-3	4.735600E-2	1.000000E-2	0.000000E+0	1.000000E-2	1.000000E+0	1.000000E-2	1.000000E+0	1.000000E+0	8.200000E+1
2.353735E+0	1.000000E+2	1.001000E-1	2.006100E-4	4.989781E+5	5.235525E+5	9.542500E-4	4.996000E-1	4.784100E-2	2.006100E-4	2.384776E+5	4.975111E+4	9.542500E-4	4.747500E-2	1.000000E-2	0.000000E+0	1.000000E-2	1.000000E+0	1.000000E-2	1.000000E+0	1.000000E+0	8.300000E+1
2.374969E+0	1.500000E+2	1.494000E-1	3.536200E-4	4.224874E+5	4.983873E+5	1.001430E-3	4.991000E-1	4.809500E-2	3.536200E-4	1.360076E+5	4.801434E+4	1.001430E-3	4.808300E-2	1.000000E-2	0.000000E+0	1.000000E-2	1.000000E+0	1.000000E-2	1.000000E+0	1.000000E+0	8.400000E+1
2.396004E+0	2.000000E+2	2.001000E-1	4.335800E-4	4.615065E+5	4.968081E+5	1.007230E-3	5.004000E-1	4.694800E-2	4.335800E-4	1.082799E+5	4.746781E+4	1.007230E-3	4.781100E-2	1.000000E-2	0.000000E+0	1.000000E-2	1.000000E+0	1.000000E-2	1.000000E+0	1.000000E+0	8.500000E+1
2.417038E+0	2.500000E+2	2.513000E-1	5.384000E-4	4.667533E+5	5.177405E+5	9.672800E-4	5.008000E-1	4.944700E-2	5.384000E-4	9.184064E+4	4.898582E+4	9.672800E-4	4.738300E-2	1.000000E-2	0.000000E+0	1.000000E-2	1.000000E+0	1.000000E-2	1.000000E+0	1.000000E+0	8.600000E+1
2.438089E+0	3.000000E+2	3.005000E-1	6.041600E-4	4.973848E+5	5.223701E+5	9.564100E-4	4.996000E-1	4.890700E-2	6.041600E-4	8.095041E+4	4.940036E+4	9.564100E-4	4.724700E-2	1.000000E-2	0.000000E+0	1.000000E-2	1.000000E+0	1.000000E-2	1.000000E+0	1.000000E+0	8.700000E+1
2.459074E+0	3.500000E+2	3.497000E-1	6.859500E-4	5.098039E+5	5.226605E+5	9.560700E-4	4.997000E-1	4.798400E-2	6.859500E-4	6.995262E+4	4.956122E+4	9.560700E-4	4.738400E-2	1.000000E-2	0.000000E+0	1.000000E-2	1.000000E+0	1.000000E-2	1.000000E+0	1.000000E+0	8.800000E+1
2.481225E+0	4.000000E+2	3.997000E-1	7.604600E-4	5.256029E+5	5.085091E+5	9.807100E-4	4.987000E-1	4.715500E-2	7.604600E-4	6.200852E+4	4.924799E+4	9.807100E-4	4.829800E-2	1.000000E-2	0.000000E+0	1.000000E-2	1.000000E+0	1.000000E-2	1.000000E+0	1.000000E+0	8.900000E+1
2.501943E+0	4.500000E+2	4.501000E-1	8.993800E-4	5.004559E+5	4.947937E+5	1.010320E-3	4.999000E-1	4.890400E-2	8.993800E-4	5.437524E+4	4.869249E+4	1.010320E-3	4.919500E-2	1.000000E-2	0.000000E+0	1.000000E-2	1.000000E+0	1.000000E-2	1.000000E+0	1.000000E+0	9.000000E+1
2.523444E+0	5.000000E+2	4.999000E-1	9.357400E-4	5.342296E+5	5.200299E+5	9.620600E-4	5.003000E-1	4.676000E-2	9.357400E-4	4.997115E+4	4.978276E+4	9.620600E-4	4.789400E-2	1.000000E-2	0.000000E+0	1.000000E-2	1.000000E+0	1.000000E-2	1.000000E+0	1.000000E+0	9.100000E+1
2.544362E+0	5.500000E+2	5.497000E-1	1.042110E-3	5.274875E+5	5.312530E+5	9.402300E-4	4.995000E-1	4.809900E-2	1.042110E-3	4.615540E+4	5.101199E+4	9.402300E-4	4.796300E-2	1.000000E-2	0.000000E+0	1.000000E-2	1.000000E+0	1.000000E-2	1.000000E+0	1.000000E+0	9.200000E+1
2.565397E+0	6.000000E+2	5.994000E-1	1.133130E-3	5.289773E+5	5.316760E+5	9.396700E-4	4.996000E-1	4.685500E-2	1.133130E-3	4.135007E+4	5.024530E+4	9.396700E-4	4.721400E-2	1.000000E-2	0.000000E+0	1.000000E-2	1.000000E+0	1.000000E-2	1.000000E+0	1.000000E+0	9.300000E+1
2.586448E+0	6.500000E+2	6.495000E-1	1.217550E-3	5.334483E+5	5.299037E+5	9.447000E-4	5.006000E-1	4.744900E-2	1.217550E-3	3.897088E+4	4.935112E+4	9.447000E-4	4.662200E-2	1.000000E-2	0.000000E+0	1.000000E-2	1.000000E+0	1.000000E-2	1.000000E+0	1.000000E+0	9.400000E+1
2.607416E+0	7.000000E+2	6.997000E-1	1.308050E-3	5.349184E+5	5.318380E+5	9.407000E-4	5.003000E-1	4.665600E-2	1.308050E-3	3.566836E+4	5.018178E+4	9.407000E-4	4.720600E-2	1.000000E-2	0.000000E+0	1.000000E-2	1.000000E+0	1.000000E-2	1.000000E+0	1.000000E+0	9.500000E+1
2.628850E+0	7.500000E+2	7.505000E-1	1.433180E-3	5.236607E+5	5.122766E+5	9.758400E-4	4.999000E-1	4.915800E-2	1.433180E-3	3.429995E+4	4.839523E+4	9.758400E-4	4.722600E-2	1.000000E-2	0.000000E+0	1.000000E-2	1.000000E+0	1.000000E-2	1.000000E+0	1.000000E+0	9.600000E+1
2.649968E+0	8.000000E+2	7.993000E-1	1.522130E-3	5.251194E+5	5.131100E+5	9.744500E-4	5.000000E-1	4.801700E-2	1.522130E-3	3.154593E+4	4.799117E+4	9.744500E-4	4.676500E-2	1.000000E-2	0.000000E+0	1.000000E-2	1.000000E+0	1.000000E-2	1.000000E+0	1.000000E+0	9.700000E+1
2.670769E+0	8.500000E+2	8.505000E-1	1.582400E-3	5.374747E+5	5.180449E+5	9.634300E-4	4.991000E-1	4.851800E-2	1.582400E-3	3.066102E+4	5.020915E+4	9.634300E-4	4.837300E-2	1.000000E-2	0.000000E+0	1.000000E-2	1.000000E+0	1.000000E-2	1.000000E+0	1.000000E+0	9.800000E+1
2.691804E+0	9.000000E+2	9.002000E-1	1.706710E-3	5.274475E+5	5.324927E+5	9.389800E-4	5.000000E-1	4.822500E-2	1.706710E-3	2.825612E+4	5.031737E+4	9.389800E-4	4.724700E-2	1.000000E-2	0.000000E+0	1.000000E-2	1.000000E+0	1.000000E-2	1.000000E+0	1.000000E+0	9.900000E+1
2.713039E+0	9.500000E+2	9.500000E-1	1.762040E-3	5.391478E+5	5.297158E+5	9.442800E-4	5.002000E-1	4.804100E-2	1.762040E-3	2.726442E+4	5.175795E+4	9.442800E-4	4.887400E-2	1.000000E-2	0.000000E+0	1.000000E-2	1.000000E+0	1.000000E-2	1.000000E+0	1.000000E+0	1.000000E+2
2.734123E+0	1.000000E+3	1.000200E+0	1.875030E-3	5.334315E+5	5.284274E+5	9.471500E-4	5.005000E-1	4.929000E-2	1.875030E-3	2.628758E+4	5.037745E+4	9.471500E-4	4.771500E-2	1.000000E-2	0.000000E+0	1.000000E-2	1.000000E+0	1.000000E-2	1.000000E+0	1.000000E+0	1.010000E+2
2.755624E+0	1.000000E+3	1.000100E+0	1.883030E-3	5.311121E+5	5.358216E+5	9.318400E-4	4.993000E-1	4.781900E-2	1.883030E-3	2.539471E+4	5.162260E+4	9.318400E-4	4.810400E-2	1.000000E-2	0.000000E+0	1.000000E-2	1.000000E+0	1.000000E-2	1.000000E+0	1.000000E+0	1.020000E+2
2.777126E+0	9.500000E+2	9.498000E-1	1.753490E-3	5.416626E+5	5.335542E+5	9.358000E-4	4.993000E-1	4.910800E-2	1.753490E-3	2.800586E+4	5.301240E+4	9.358000E-4	4.960900E-2	1.000000E-2	0.000000E+0	1.000000E-2	1.000000E+0	1.000000E-2	1.000000E+0	1.000000E+0	1.030000E+2
2.798227E+0	9.000000E+2	9.004000E-1	1.712380E-3	5.258179E+5	5.085195E+5	9.818700E-4	4.993000E-1	4.929300E-2	1.712380E-3	2.878625E+4	5.220243E+4	9.818700E-4	5.125600E-2	1.000000E-2	0.000000E+0	1.000000E-2	1.000000E+0	1.000000E-2	1.000000E+0	1.000000E+0	1.040000E+2
2.819111E+0	8.500000E+2	8.500000E-1	1.567790E-3	5.421644E+5	5.410288E+5	9.243500E-4	5.001000E-1	4.856800E-2	1.567790E-3	3.097864E+4	5.296695E+4	9.243500E-4	4.896000E-2	1.000000E-2	0.000000E+0	1.000000E-2	1.000000E+0	1.000000E-2	1.000000E+0	1.000000E+0	1.050000E+2
2.840379E+0	8.000000E+2	7.989000E-1	1.497500E-3	5.334891E+5	5.367520E+5	9.309700E-4	4.997000E-1	4.680000E-2	1.497500E-3	3.125209E+4	5.222617E+4	9.309700E-4	4.862100E-2	1.000000E-2	0.000000E+0	1.000000E-2	1.000000E+0	1.000000E-2	1.000000E+0	1.000000E+0	1.060000E+2
2.861480E+0	7.500000E+2	7.498000E-1	1.362680E-3	5.502392E+5	5.302749E+5	9.425300E-4	4.998000E-1	4.693200E-2	1.362680E-3	3.444095E+4	5.179676E+4	9.425300E-4	4.882000E-2	1.000000E-2	0.000000E+0	1.000000E-2	1.000000E+0	1.000000E-2	1.000000E+0	1.000000E+0	1.070000E+2
2.883015E+0	7.000000E+2	7.009000E-1	1.319030E-3	5.313753E+5	5.159812E+5	9.686400E-4	4.998000E-1	4.913500E-2	1.319030E-3	3.725086E+4	4.903576E+4	9.686400E-4	4.749800E-2	1.000000E-2	0.000000E+0	1.000000E-2	1.000000E+0	1.000000E-2	1.000000E+0	1.000000E+0	1.080000E+2
2.904033E+0	6.500000E+2	6.494000E-1	1.225640E-3	5.298456E+5	5.621631E+5	8.887100E-4	4.996000E-1	4.937100E-2	1.225640E-3	4.028181E+4	5.485704E+4	8.887100E-4	4.875200E-2	1.000000E-2	0.000000E+0	1.000000E-2	1.000000E+0	1.000000E-2	1.000000E+0	1.000000E+0	1.090000E+2
2.925134E+0	6.000000E+2	5.998000E-1	1.087030E-3	5.517787E+5	5.513105E+5	9.069300E-4	5.000000E-1	4.787900E-2	1.087030E-3	4.404570E+4	5.289273E+4	9.069300E-4	4.797000E-2	1.000000E-2	0.000000E+0	1.000000E-2	1.000000E+0	1.000000E-2	1.000000E+0	1.000000E+0	1.100000E+2
2.946435E+0	5.500000E+2	5.500000E-1	9.771800E-4	5.628441E+5	5.526188E+5	9.042400E-4	4.997000E-1	4.759600E-2	9.771800E-4	4.870751E+4	5.409515E+4	9.042400E-4	4.891500E-2	1.000000E-2	0.000000E+0	1.000000E-2	1.000000E+0	1.000000E-2	1.000000E+0	1.000000E+0	1.110000E+2
2.968120E+0	5.000000E+2	5.000000E-1	9.008500E-4	5.550314E+5	5.614071E+5	8.915100E-4	5.005000E-1	4.974400E-2	9.008500E-4	5.521896E+4	5.310541E+4	8.915100E-4	4.734400E-2	1.000000E-2	0.000000E+0	1.000000E-2	1.000000E+0	1.000000E-2	1.000000E+0	1.000000E+0	1.120000E+2
2.989154E+0	4.500000E+2	4.498000E-1	8.106600E-4	5.548565E+5	5.457911E+5	9.183000E-4	5.012000E-1	4.852500E-2	8.106600E-4	5.985863E+4	5.434063E+4	9.183000E-4	4.990100E-2	1.000000E-2	0.000000E+0	1.000000E-2	1.000000E+0	1.000000E-2	1.000000E+0	1.000000E+0	1.130000E+2
3.009889E+0	4.000000E+2	4.000000E-1	7.288900E-4	5.487797E+5	5.326270E+5	9.381800E-4	4.997000E-1	4.790000E-2	7.288900E-4	6.571636E+4	5.115010E+4	9.381800E-4	4.798800E-2	1.000000E-2	0.000000E+0	1.000000E-2	1.000000E+0	1.000000E-2	1.000000E+0	1.000000E+0	1.140000E+2
3.030907E+0	3.500000E+2	3.508000E-1	6.497900E-4	5.398667E+5	5.277084E+5	9.486300E-4	5.006000E-1	4.766000E-2	6.497900E-4	7.334677E+4	5.183370E+4	9.486300E-4	4.917100E-2	1.000000E-2	0.000000E+0	1.000000E-2	1.000000E+0	1.000000E-2	1.000000E+0	1.000000E+0	1.150000E+2
3.051925E+0	3.000000E+2	3.000000E-1	5.389600E-4	5.566276E+5	5.476240E+5	9.126700E-4	4.998000E-1	4.848600E-2	5.389600E-4	8.996215E+4	5.154547E+4	9.126700E-4	4.704400E-2	1.000000E-2	0.000000E+0	1.000000E-2	1.000000E+0	1.000000E-2	1.000000E+0	1.000000E+0	1.160000E+2
3.072926E+0	2.500000E+2	2.495000E-1	4.411200E-4	5.656057E+5	5.419719E+5	9.214500E-4	4.994000E-1	4.751900E-2	4.411200E-4	1.077235E+5	5.174996E+4	9.214500E-4	4.768500E-2	1.000000E-2	0.000000E+0	1.000000E-2	1.000000E+0	1.000000E-2	1.000000E+0	1.000000E+0	1.170000E+2
3.095177E+0	2.000000E+2	2.002000E-1	3.777600E-4	5.299661E+5	5.486582E+5	9.125900E-4	5.007000E-1	4.762800E-2	3.777600E-4	1.260801E+5	4.993371E+4	9.125900E-4	4.556900E-2	1.000000E-2	0.000000E+0	1.000000E-2	1.000000E+0	1.000000E-2	1.000000E+0	1.000000E+0	1.180000E+2
3.115912E+0	1.500000E+2	1.501000E-1	2.902500E-4	5.171404E+5	5.495980E+5	9.092100E-4	4.997000E-1	4.746600E-2	2.902500E-4	1.635349E+5	5.352889E+4	9.092100E-4	4.866900E-2	1.000000E-2	0.000000E+0	1.000000E-2	1.000000E+0	1.000000E-2	1.000000E+0	1.000000E+0	1.190000E+2
3.137646E+0	1.000000E+2	1.003000E-1	-5.790000E-6	-1.732297E+7	1.873830E+7	2.671000E-5	5.005000E-1	4.758200E-2	-5.790000E-6	-8.217962E+6	1.787945E+6	2.671000E-5	4.775600E-2	1.000000E-2	0.000000E+0	1.000000E-2	1.000000E+0	1.000000E-2	1.000000E+0	1.000000E+0	1.200000E+2
3.158531E+0	5.000000E+1	5.060000E-2	-2.600000E-7	-1.946154E+8	5.051567E+7	9.890000E-6	4.996000E-1	4.814600E-2	-2.600000E-7	-1.851769E+8	4.709606E+6	9.890000E-6	4.657800E-2	1.000000E-2	0.000000E+0	1.000000E-2	1.000000E+0	1.000000E-2	1.000000E+0	1.000000E+0	1.210000E+2
3.180215E+0	0.000000E+0	6.000000E-4	-5.720000E-6	-1.048951E+5	3.582079E+7	1.395000E-5	4.997000E-1	4.644600E-2	-5.720000E-6	-8.119930E+6	3.377634E+6	1.395000E-5	4.711800E-2	1.000000E-2	0.000000E+0	1.000000E-2	1.000000E+0	1.000000E-2	1.000000E+0	1.000000E+0	1.220000E+2
3.200900E+0	-5.000000E+1	-5.050000E-2	-2.487000E-5	2.030559E+6	2.830691E+7	1.766000E-5	4.999000E-1	4.777400E-2	-2.487000E-5	-1.920949E+6	2.609853E+6	1.766000E-5	4.609000E-2	1.000000E-2	0.000000E+0	1.000000E-2	1.000000E+0	1.000000E-2	1.000000E+0	1.000000E+0	1.230000E+2
3.221868E+0	-1.000000E+2	-9.980000E-2	-1.551000E-5	6.434558E+6	2.751648E+8	1.820000E-6	5.008000E-1	4.769700E-2	-1.551000E-5	-3.075242E+6	2.579505E+7	1.820000E-6	4.694700E-2	1.000000E-2	0.000000E+0	1.000000E-2	1.000000E+0	1.000000E-2	1.000000E+0	1.000000E+0	1.240000E+2
3.243052E+0	-1.500000E+2	-1.504000E-1	2.073000E-5	-7.255186E+6	8.645707E+6	5.789000E-5	5.005000E-1	4.638500E-2	2.073000E-5	2.237578E+6	8.314217E+5	5.789000E-5	4.813100E-2	1.000000E-2	0.000000E+0	1.000000E-2	1.000000E+0	1.000000E-2	1.000000E+0	1.000000E+0	1.250000E+2
3.264053E+0	-2.000000E+2	-2.007000E-1	-2.590000E-6	7.749035E+7	7.242525E+6	6.923000E-5	5.014000E-1	4.747500E-2	-2.590000E-6	-1.833012E+7	6.696230E+5	6.923000E-5	4.635800E-2	1.000000E-2	0.000000E+0	1.000000E-2	1.000000E+0	1.000000E-2	1.000000E+0	1.000000E+0	1.260000E+2
3.285055E+0	-2.500000E+2	-2.503000E-1	-5.640000E-6	4.437943E+7	9.292610E+6	5.386000E-5	5.005000E-1	4.639700E-2	-5.640000E-6	-8.226418E+6	8.811920E+5	5.386000E-5	4.746100E-2	1.000000E-2	0.000000E+0	1.000000E-2	1.000000E+0	1.000000E-2	1.000000E+0	1.000000E+0	1.270000E+2
3.306289E+0	-3.000000E+2	-2.989000E-1	-1.258000E-5	2.375994E+7	1.040000E+8	4.800000E-6	4.992000E-1	4.650900E-2	-1.258000E-5	-3.697059E+6	9.962083E+6	4.800000E-6	4.781800E-2	1.000000E-2	0.000000E+0	1.000000E-2	1.000000E+0	1.000000E-2	1.000000E+0	1.000000E+0	1.280000E+2
3.327424E+0	-3.500000E+2	-3.504000E-1	-8.780000E-6	3.990888E+7	8.998562E+6	5.562000E-5	5.005000E-1	4.718500E-2	-8.780000E-6	-5.374146E+6	8.309421E+5	5.562000E-5	4.621700E-2	1.000000E-2	0.000000E+0	1.000000E-2	1.000000E+0	1.000000E-2	1.000000E+0	1.000000E+0	1.290000E+2
3.348542E+0	-4.000000E+2	-3.997000E-1	8.710000E-6	-4.588978E+7	3.724497E+7	1.343000E-5	5.002000E-1	4.761700E-2	8.710000E-6	5.466935E+6	3.579598E+6	1.343000E-5	4.807400E-2	1.000000E-2	0.000000E+0	1.000000E-2	1.000000E+0	1.000000E-2	1.000000E+0	1.000000E+0	1.300000E+2
3.369693E+0	-4.500000E+2	-4.500000E-1	-2.631000E-5	1.710376E+7	1.416052E+7	3.526000E-5	4.993000E-1	4.640500E-2	-2.631000E-5	-1.763778E+6	1.340074E+6	3.526000E-5	4.725100E-2	1.000000E-2	0.000000E+0	1.000000E-2	1.000000E+0	1.000000E-2	1.000000E+0	1.000000E+0	1.310000E+2
3.390811E+0	-5.000000E+2	-4.999000E-1	1.424000E-5	-3.510534E+7	1.448986E+7	3.450000E-5	4.999000E-1	4.643100E-2	1.424000E-5	3.260604E+6	1.374116E+6	3.450000E-5	4.740700E-2	1.000000E-2	0.000000E+0	1.000000E-2	1.000000E+0	1.000000E-2	1.000000E+0	1.000000E+0	1.320000E+2
3.411862E+0	-5.500000E+2	-5.499000E-1	-2.230000E-6	2.465919E+8	9.988026E+6	5.011000E-5	5.005000E-1	4.689700E-2	-2.230000E-6	-2.103004E+7	9.386350E+5	5.011000E-5	4.703500E-2	1.000000E-2	0.000000E+0	1.000000E-2	1.000000E+0	1.000000E-2	1.000000E+0	1.000000E+0	1.330000E+2
3.433030E+0	-6.000000E+2	-6.008000E-1	-3.011000E-5	1.995350E+7	3.062347E+7	1.636000E-5	5.010000E-1	4.621500E-2	-3.011000E-5	-1.534872E+6	2.853851E+6	1.636000E-5	4.668900E-2	1.000000E-2	0.000000E+0	1.000000E-2	1.000000E+0	1.000000E-2	1.000000E+0	1.000000E+0	1.340000E+2
3.454014E+0	-6.500000E+2	-6.498000E-1	-4.400000E-5	1.476818E+7	-6.008413E+7	-8.320000E-6	4.999000E-1	4.634800E-2	-4.400000E-5	-1.053364E+6	-5.464543E+6	-8.320000E-6	4.546500E-2	1.000000E-2	0.000000E+0	1.000000E-2	1.000000E+0	1.000000E-2	1.000000E+0	1.000000E+0	1.350000E+2
3.475049E+0	-7.000000E+2	-7.015000E-1	-4.425000E-5	1.585311E+7	3.690547E+7	1.354000E-5	4.997000E-1	4.605800E-2	-4.425000E-5	-1.040859E+6	3.351625E+6	1.354000E-5	4.538100E-2	1.000000E-2	0.000000E+0	1.000000E-2	1.000000E+0	1.000000E-2	1.000000E+0	1.000000E+0	1.360000E+2
3.496150E+0	-7.500000E+2	-7.497000E-1	-2.153000E-5	3.482118E+7	1.012138E+7	4.943000E-5	5.003000E-1	4.597600E-2	-2.153000E-5	-2.135439E+6	9.622699E+5	4.943000E-5	4.756500E-2	1.000000E-2	0.000000E+0	1.000000E-2	1.000000E+0	1.000000E-2	1.000000E+0	1.000000E+0	1.370000E+2
3.517251E+0	-8.000000E+2	-8.008000E-1	-2.300000E-7	3.481739E+9	2.019394E+7	2.475000E-5	4.998000E-1	4.686000E-2	-2.300000E-7	-2.037391E+8	1.891152E+6	2.475000E-5	4.680600E-2	1.000000E-2	0.000000E+0	1.000000E-2	1.000000E+0	1.000000E-2	1.000000E+0	1.000000E+0	1.380000E+2
3.538552E+0	-8.500000E+2	-8.496000E-1	4.170000E-6	-2.037410E+8	1.223851E+7	4.092000E-5	5.008000E-1	4.893800E-2	4.170000E-6	1.173573E+7	1.156867E+6	4.092000E-5	4.733900E-2	1.000000E-2	0.000000E+0	1.000000E-2	1.000000E+0	1.000000E-2	1.000000E+0	1.000000E+0	1.390000E+2
3.559837E+0	-9.000000E+2	-9.007000E-1	-3.634000E-5	2.478536E+7	1.323988E+7	3.781000E-5	5.006000E-1	4.824300E-2	-3.634000E-5	-1.327545E+6	1.213039E+6	3.781000E-5	4.586500E-2	1.000000E-2	0.000000E+0	1.000000E-2	1.000000E+0	1.000000E-2	1.000000E+0	1.000000E+0	1.400000E+2
3.581838E+0	-9.500000E+2	-9.504000E-1	-3.734000E-5	2.545260E+7	1.263491E+7	3.947000E-5	4.987000E-1	4.631500E-2	-3.734000E-5	-1.240359E+6	1.164834E+6	3.947000E-5	4.597600E-2	1.000000E-2	0.000000E+0	1.000000E-2	1.000000E+0	1.000000E-2	1.000000E+0	1.000000E+0	1.410000E+2
3.602806E+0	-1.000000E+3	-1.000200E+0	-2.470000E-6	4.049393E+8	1.765559E+7	2.828000E-5	4.993000E-1	4.580300E-2	-2.470000E-6	-1.854372E+7	1.612518E+6	2.828000E-5	4.560200E-2	1.000000E-2	0.000000E+0	1.000000E-2	1.000000E+0	1.000000E-2	1.000000E+0	1.000000E+0	1.420000E+2
3.623557E+0	-1.000000E+3	-9.999000E-1	-1.530000E-6	6.535294E+8	1.348624E+7	3.706000E-5	4.998000E-1	4.663000E-2	-1.530000E-6	-3.047712E+7	1.252671E+6	3.706000E-5	4.642400E-2	1.000000E-2	0.000000E+0	1.000000E-2	1.000000E+0	1.000000E-2	1.000000E+0	1.000000E+0	1.430000E+2
3.644792E+0	-9.500000E+2	-9.501000E-1	-2.723000E-5	3.489166E+7	1.142271E+7	4.386000E-5	5.010000E-1	4.560500E-2	-2.723000E-5	-1.674807E+6	1.068719E+6	4.386000E-5	4.687400E-2	1.000000E-2	0.000000E+0	1.000000E-2	1.000000E+0	1.000000E-2	1.000000E+0	1.000000E+0	1.440000E+2
3.665910E+0	-9.000000E+2	-9.001000E-1	-2.114000E-5	4.257805E+7	1.274350E+7	3.922000E-5	4.998000E-1	4.830100E-2	-2.114000E-5	-2.284816E+6	1.214100E+6	3.922000E-5	4.761700E-2	1.000000E-2	0.000000E+0	1.000000E-2	1.000000E+0	1.000000E-2	1.000000E+0	1.000000E+0	1.450000E+2
3.687144E+0	-8.500000E+2	-8.491000E-1	-1.224000E-5	6.937092E+7	1.228726E+7	4.066000E-5	4.996000E-1	4.681600E-2	-1.224000E-5	-3.824837E+6	1.147614E+6	4.066000E-5	4.666200E-2	1.000000E-2	0.000000E+0	1.000000E-2	1.000000E+0	1.000000E-2	1.000000E+0	1.000000E+0	1.460000E+2
3.708295E+0	-8.000000E+2	-8.001000E-1	-2.827000E-5	2.830209E+7	1.348825E+7	3.701000E-5	4.992000E-1	4.687900E-2	-2.827000E-5	-1.658260E+6	1.233910E+6	3.701000E-5	4.566700E-2	1.000000E-2	0.000000E+0	1.000000E-2	1.000000E+0	1.000000E-2	1.000000E+0	1.000000E+0	1.470000E+2
3.729730E+0	-7.500000E+2	-7.508000E-1	-4.841000E-5	1.550919E+7	1.710769E+7	2.925000E-5	5.004000E-1	4.677500E-2	-4.841000E-5	-9.662260E+5	1.549368E+6	2.925000E-5	4.531900E-2	1.000000E-2	0.000000E+0	1.000000E-2	1.000000E+0	1.000000E-2	1.000000E+0	1.000000E+0	1.480000E+2
3.750848E+0	-7.000000E+2	-7.000000E-1	-1.471000E-5	4.758668E+7	1.221733E+7	4.086000E-5	4.992000E-1	4.540300E-2	-1.471000E-5	-3.086540E+6	1.123177E+6	4.086000E-5	4.589300E-2	1.000000E-2	0.000000E+0	1.000000E-2	1.000000E+0	1.000000E-2	1.000000E+0	1.000000E+0	1.490000E+2
3.771999E+0	-6.500000E+2	-6.505000E-1	-2.096000E-5	3.103531E+7	2.664712E+7	1.876000E-5	4.999000E-1	4.555800E-2	-2.096000E-5	-2.173569E+6	2.488433E+6	1.876000E-5	4.668300E-2	1.000000E-2	0.000000E+0	1.000000E-2	1.000000E+0	1.000000E-2	1.000000E+0	1.000000E+0	1.500000E+2
3.793200E+0	-6.000000E+2	-6.004000E-1	2.471000E-5	-2.429786E+7	9.550927E+6	5.233000E-5	4.998000E-1	4.481600E-2	2.471000E-5	1.813679E+6	8.944009E+5	5.233000E-5	4.680400E-2	1.000000E-2	0.000000E+0	1.000000E-2	1.000000E+0	1.000000E-2	1.000000E+0	1.000000E+0	1.510000E+2
3.814502E+0	-5.500000E+2	-5.503000E-1	-1.440000E-5	3.821528E+7	9.285714E+6	5.376000E-5	4.992000E-1	4.498600E-2	-1.440000E-5	-3.124028E+6	8.430618E+5	5.376000E-5	4.532300E-2	1.000000E-2	0.000000E+0	1.000000E-2	1.000000E+0	1.000000E-2	1.000000E+0	1.000000E+0	1.520000E+2
3.835619E+0	-5.000000E+2	-4.990000E-1	-9.760000E-6	5.112705E+7	1.846637E+7	2.706000E-5	4.997000E-1	4.583600E-2	-9.760000E-6	-4.696311E+6	1.637620E+6	2.706000E-5	4.431400E-2	1.000000E-2	0.000000E+0	1.000000E-2	1.000000E+0	1.000000E-2	1.000000E+0	1.000000E+0	1.530000E+2
3.856687E+0	-4.500000E+2	-4.489000E-1	-1.283000E-5	3.498831E+7	2.127234E+8	2.350000E-6	4.999000E-1	4.532400E-2	-1.283000E-5	-3.532658E+6	1.953574E+7	2.350000E-6	4.590900E-2	1.000000E-2	0.000000E+0	1.000000E-2	1.000000E+0	1.000000E-2	1.000000E+0	1.000000E+0	1.540000E+2
3.877955E+0	-4.000000E+2	-4.004000E-1	-2.030000E-5	1.972414E+7	1.002209E+8	4.980000E-6	4.991000E-1	4.829000E-2	-2.030000E-5	-2.378818E+6	9.197189E+6	4.980000E-6	4.580200E-2	1.000000E-2	0.000000E+0	1.000000E-2	1.000000E+0	1.000000E-2	1.000000E+0	1.000000E+0	1.550000E+2
3.899006E+0	-3.500000E+2	-3.502000E-1	-1.696000E-5	2.064858E+7	3.064457E+7	1.629000E-5	4.992000E-1	4.574300E-2	-1.696000E-5	-2.697111E+6	2.900859E+6	1.629000E-5	4.725500E-2	1.000000E-2	0.000000E+0	1.000000E-2	1.000000E+0	1.000000E-2	1.000000E+0	1.000000E+0	1.560000E+2
3.920358E+0	-3.000000E+2	-3.005000E-1	-2.055000E-5	1.462287E+7	7.382570E+7	6.770000E-6	4.998000E-1	4.690100E-2	-2.055000E-5	-2.282287E+6	6.751256E+6	6.770000E-6	4.570600E-2	1.000000E-2	0.000000E+0	1.000000E-2	1.000000E+0	1.000000E-2	1.000000E+0	1.000000E+0	1.570000E+2
3.941109E+0	-2.500000E+2	-2.495000E-1	-2.446000E-5	1.020033E+7	3.021174E+7	1.653000E-5	4.994000E-1	4.742200E-2	-2.446000E-5	-1.938757E+6	2.705626E+6	1.653000E-5	4.472400E-2	1.000000E-2	0.000000E+0	1.000000E-2	1.000000E+0	1.000000E-2	1.000000E+0	1.000000E+0	1.580000E+2
3.962143E+0	-2.000000E+2	-2.005000E-1	-2.845000E-5	7.047452E+6	1.603139E+7	3.122000E-5	5.005000E-1	4.647900E-2	-2.845000E-5	-1.633708E+6	1.513229E+6	3.122000E-5	4.724300E-2	1.000000E-2	0.000000E+0	1.000000E-2	1.000000E+0	1.000000E-2	1.000000E+0	1.000000E+0	1.590000E+2
3.983211E+0	-1.500000E+2	-1.496000E-1	-8.170000E-6	1.831089E+7	1.723140E+7	2.904000E-5	5.004000E-1	4.687300E-2	-8.170000E-6	-5.737209E+6	1.634607E+6	2.904000E-5	4.746900E-2	1.000000E-2	0.000000E+0	1.000000E-2	1.000000E+0	1.000000E-2	1.000000E+0	1.000000E+0	1.600000E+2
4.004196E+0	-1.000000E+2	-9.900000E-2	-1.953000E-5	5.069124E+6	2.579463E+7	1.938000E-5	4.999000E-1	4.640200E-2	-1.953000E-5	-2.375934E+6	2.324613E+6	1.938000E-5	4.505100E-2	1.000000E-2	0.000000E+0	1.000000E-2	1.000000E+0	1.000000E-2	1.000000E+0	1.000000E+0	1.610000E+2
4.025247E+0	-5.000000E+1	-4.970000E-2	1.557000E-5	-3.192036E+6	2.153149E+7	2.318000E-5	4.991000E-1	4.545000E-2	1.557000E-5	2.919075E+6	1.996117E+6	2.318000E-5	4.627000E-2	1.000000E-2	0.000000E+0	1.000000E-2	1.000000E+0	1.000000E-2	1.000000E+0	1.000000E+0	1.620000E+2
4.046381E+0	0.000000E+0	-1.000000E-4	4.107000E-5	-2.434867E+3	2.472071E+7	2.023000E-5	5.001000E-1	4.602000E-2	4.107000E-5	1.120526E+6	2.272615E+6	2.023000E-5	4.597500E-2	1.000000E-2	0.000000E+0	1.000000E-2	1.000000E+0	1.000000E-2	1.000000E+0	1.000000E+0	1.630000E+2
4.067249E+0	5.000000E+1	5.010000E-2	1.066000E-5	4.699812E+6	2.576070E+7	1.939000E-5	4.995000E-1	4.652500E-2	1.066000E-5	4.364447E+6	2.435431E+6	1.939000E-5	4.722300E-2	1.000000E-2	0.000000E+0	1.000000E-2	1.000000E+0	1.000000E-2	1.000000E+0	1.000000E+0	1.640000E+2
4.088317E+0	1.000000E+2	9.970000E-2	1.892000E-5	5.269556E+6	1.417779E+7	3.521000E-5	4.992000E-1	4.745600E-2	1.892000E-5	2.508245E+6	1.321187E+6	3.521000E-5	4.651900E-2	1.000000E-2	0.000000E+0	1.000000E-2	1.000000E+0	1.000000E-2	1.000000E+0	1.000000E+0	1.650000E+2
4.109418E+0	1.500000E+2	1.508000E-1	2.684000E-5	5.618480E+6	9.586919E+6	5.229000E-5	5.013000E-1	4.635400E-2	2.684000E-5	1.727049E+6	8.800727E+5	5.229000E-5	4.601900E-2	1.000000E-2	0.000000E+0	1.000000E-2	1.000000E+0	1.000000E-2	1.000000E+0	1.000000E+0	1.660000E+2
4.130453E+0	2.000000E+2	1.993000E-1	2.513000E-5	7.930760E+6	1.270564E+7	3.951000E-5	5.020000E-1	4.612500E-2	2.513000E-5	1.835456E+6	1.152265E+6	3.951000E-5	4.552600E-2	1.000000E-2	0.000000E+0	1.000000E-2	1.000000E+0	1.000000E-2	1.000000E+0	1.000000E+0	1.670000E+2
4.152221E+0	2.500000E+2	2.485000E-1	-1.950000E-6	-1.274359E+8	1.657607E+7	3.017000E-5	5.001000E-1	4.525700E-2	-1.950000E-6	-2.320872E+7	1.525356E+6	3.017000E-5	4.602000E-2	1.000000E-2	0.000000E+0	1.000000E-2	1.000000E+0	1.000000E-2	1.000000E+0	1.000000E+0	1.680000E+2
4.173505E+0	3.000000E+2	3.009000E-1	7.890000E-6	3.813688E+7	-5.044444E+8	-9.900000E-7	4.994000E-1	4.511100E-2	7.890000E-6	5.717490E+6	-4.728990E+7	-9.900000E-7	4.681700E-2	1.000000E-2	0.000000E+0	1.000000E-2	1.000000E+0	1.000000E-2	1.000000E+0	1.000000E+0	1.690000E+2
4.194690E+0	3.500000E+2	3.497000E-1	3.581000E-5	9.765429E+6	1.010900E+7	4.954000E-5	5.008000E-1	4.548700E-2	3.581000E-5	1.270232E+6	9.122729E+5	4.954000E-5	4.519400E-2	1.000000E-2	0.000000E+0	1.000000E-2	1.000000E+0	1.000000E-2	1.000000E+0	1.000000E+0	1.700000E+2
4.215741E+0	4.000000E+2	3.999000E-1	5.022000E-5	7.962963E+6	4.006410E+7	1.248000E-5	5.000000E-1	4.562900E-2	5.022000E-5	9.085822E+5	3.678045E+6	1.248000E-5	4.590200E-2	1.000000E-2	0.000000E+0	1.000000E-2	1.000000E+0	1.000000E-2	1.000000E+0	1.000000E+0	1.710000E+2
4.237009E+0	4.500000E+2	4.499000E-1	3.499000E-5	1.285796E+7	1.290890E+7	3.864000E-5	4.988000E-1	4.588400E-2	3.499000E-5	1.311346E+6	1.199431E+6	3.864000E-5	4.634600E-2	1.000000E-2	0.000000E+0	1.000000E-2	1.000000E+0	1.000000E-2	1.000000E+0	1.000000E+0	1.720000E+2
4.258010E+0	5.000000E+2	5.007000E-1	3.253000E-5	1.539195E+7	9.754002E+6	5.122000E-5	4.996000E-1	4.627300E-2	3.253000E-5	1.422472E+6	9.235064E+5	5.122000E-5	4.730200E-2	1.000000E-2	0.000000E+0	1.000000E-2	1.000000E+0	1.000000E-2	1.000000E+0	1.000000E+0	1.730000E+2
4.280145E+0	5.500000E+2	5.486000E-1	7.900000E-5	6.944304E+6	1.400955E+7	3.559000E-5	4.986000E-1	4.425800E-2	7.900000E-5	5.602278E+5	1.267069E+6	3.559000E-5	4.509500E-2	1.000000E-2	0.000000E+0	1.000000E-2	1.000000E+0	1.000000E-2	1.000000E+0	1.000000E+0	1.740000E+2
4.300913E+0	6.000000E+2	6.004000E-1	2.692000E-5	2.230312E+7	2.439512E+8	2.050000E-6	5.001000E-1	4.540900E-2	2.692000E-5	1.686813E+6	2.121854E+7	2.050000E-6	4.349800E-2	1.000000E-2	0.000000E+0	1.000000E-2	1.000000E+0	1.000000E-2	1.000000E+0	1.000000E+0	1.750000E+2
4.322331E+0	6.500000E+2	6.499000E-1	2.710000E-5	2.398155E+7	1.545989E+7	3.229000E-5	4.992000E-1	4.472100E-2	2.710000E-5	1.650221E+6	1.402818E+6	3.229000E-5	4.529700E-2	1.000000E-2	0.000000E+0	1.000000E-2	1.000000E+0	1.000000E-2	1.000000E+0	1.000000E+0	1.760000E+2
4.344082E+0	7.000000E+2	7.007000E-1	4.327000E-5	1.619367E+7	1.084996E+7	4.612000E-5	5.004000E-1	4.492200E-2	4.327000E-5	1.038179E+6	1.009779E+6	4.612000E-5	4.657100E-2	1.000000E-2	0.000000E+0	1.000000E-2	1.000000E+0	1.000000E-2	1.000000E+0	1.000000E+0	1.770000E+2
4.365300E+0	7.500000E+2	7.492000E-1	-1.041000E-5	-7.196926E+7	1.723653E+7	2.913000E-5	5.021000E-1	4.561000E-2	-1.041000E-5	-4.381364E+6	1.457844E+6	2.913000E-5	4.246700E-2	1.000000E-2	0.000000E+0	1.000000E-2	1.000000E+0	1.000000E-2	1.000000E+0	1.000000E+0	1.780000E+2
4.386218E+0	8.000000E+2	8.001000E-1	3.041000E-5	2.631042E+7	1.369345E+7	3.647000E-5	4.994000E-1	4.521600E-2	3.041000E-5	1.486879E+6	1.243488E+6	3.647000E-5	4.535000E-2	1.000000E-2	0.000000E+0	1.000000E-2	1.000000E+0	1.000000E-2	1.000000E+0	1.000000E+0	1.790000E+2
4.407302E+0	8.500000E+2	8.502000E-1	2.019000E-5	4.210996E+7	-7.223988E+7	-6.920000E-6	4.999000E-1	4.368500E-2	2.019000E-5	2.163695E+6	-6.694075E+6	-6.920000E-6	4.632300E-2	1.000000E-2	0.000000E+0	1.000000E-2	1.000000E+0	1.000000E-2	1.000000E+0	1.000000E+0	1.800000E+2
4.428437E+0	9.000000E+2	9.008000E-1	5.197000E-5	1.733308E+7	1.229670E+7	4.058000E-5	4.990000E-1	4.609900E-2	5.197000E-5	8.870310E+5	2.034105E+6	4.058000E-5	8.254400E-2	1.000000E-2	0.000000E+0	1.000000E-2	1.000000E+0	1.000000E-2	1.000000E+0	1.000000E+0	1.810000E+2
4.449771E+0	9.500000E+2	9.490000E-1	4.843000E-5	1.959529E+7	6.648111E+6	7.545000E-5	5.016000E-1	4.681500E-2	4.843000E-5	9.666529E+5	6.190457E+5	7.545000E-5	4.670700E-2	1.000000E-2	0.000000E+0	1.000000E-2	1.000000E+0	1.000000E-2	1.000000E+0	1.000000E+0	1.820000E+2
4.471872E+0	1.000000E+3	1.000300E+0	7.931000E-5	1.261253E+7	-6.085366E+8	-8.200000E-7	4.990000E-1	4.695700E-2	7.931000E-5	5.920691E+5	-5.683902E+7	-8.200000E-7	4.660800E-2	1.000000E-2	0.000000E+0	1.000000E-2	1.000000E+0	1.000000E-2	1.000000E+0	1.000000E+0	1.830000E+2
4.492640E+0	1.000000E+3	9.996000E-1	2.852000E-5	3.504909E+7	3.663982E+7	1.366000E-5	5.005000E-1	4.677400E-2	2.852000E-5	1.640042E+6	3.438726E+6	1.366000E-5	4.697300E-2	1.000000E-2	0.000000E+0	1.000000E-2	1.000000E+0	1.000000E-2	1.000000E+0	1.000000E+0	1.840000E+2
4.514358E+0	9.500000E+2	9.506000E-1	1.006000E-5	9.449304E+7	-1.387778E+9	-3.600000E-7	4.996000E-1	4.742300E-2	1.006000E-5	4.714016E+6	-1.274722E+8	-3.600000E-7	4.589000E-2	1.000000E-2	0.000000E+0	1.000000E-2	1.000000E+0	1.000000E-2	1.000000E+0	1.000000E+0	1.850000E+2
4.535026E+0	9.000000E+2	9.006000E-1	6.330000E-6	1.422749E+8	1.698881E+7	2.949000E-5	5.010000E-1	4.438000E-2	6.330000E-6	7.011058E+6	1.645168E+6	2.949000E-5	4.851600E-2	1.000000E-2	0.000000E+0	1.000000E-2	1.000000E+0	1.000000E-2	1.000000E+0	1.000000E+0	1.860000E+2
4.556044E+0	8.500000E+2	8.492000E-1	1.233000E-5	6.887267E+7	4.047002E+7	1.234000E-5	4.994000E-1	4.654800E-2	1.233000E-5	3.775182E+6	3.771070E+6	1.234000E-5	4.653500E-2	1.000000E-2	0.000000E+0	1.000000E-2	1.000000E+0	1.000000E-2	1.000000E+0	1.000000E+0	1.870000E+2
4.577295E+0	8.000000E+2	7.998000E-1	3.836000E-5	2.084984E+7	2.206897E+7	2.262000E-5	4.992000E-1	4.580800E-2	3.836000E-5	1.194161E+6	2.001503E+6	2.262000E-5	4.527400E-2	1.000000E-2	0.000000E+0	1.000000E-2	1.000000E+0	1.000000E-2	1.000000E+0	1.000000E+0	1.880000E+2
4.598263E+0	7.500000E+2	7.504000E-1	4.804000E-5	1.562032E+7	7.692308E+7	6.500000E-6	5.000000E-1	4.527100E-2	4.804000E-5	9.423605E+5	7.333231E+6	6.500000E-6	4.766600E-2	1.000000E-2	0.000000E+0	1.000000E-2	1.000000E+0	1.000000E-2	1.000000E+0	1.000000E+0	1.890000E+2
4.619314E+0	7.000000E+2	6.997000E-1	1.140000E-6	6.137719E+8	2.277828E+7	2.192000E-5	4.993000E-1	4.562100E-2	1.140000E-6	4.001842E+7	2.103786E+6	2.192000E-5	4.611500E-2	1.000000E-2	0.000000E+0	1.000000E-2	1.000000E+0	1.000000E-2	1.000000E+0	1.000000E+0	1.900000E+2
4.640549E+0	6.500000E+2	6.498000E-1	6.485000E-5	1.002005E+7	7.734218E+6	6.479000E-5	5.011000E-1	4.683900E-2	6.485000E-5	7.222668E+5	7.306066E+5	6.479000E-5	4.733600E-2	1.000000E-2	0.000000E+0	1.000000E-2	1.000000E+0	1.000000E-2	1.000000E+0	1.000000E+0	1.910000E+2
4.662283E+0	6.000000E+2	6.006000E-1	4.477000E-5	1.341523E+7	3.024272E+7	1.648000E-5	4.984000E-1	4.680300E-2	4.477000E-5	1.045410E+6	2.825182E+6	1.648000E-5	4.655900E-2	1.000000E-2	0.000000E+0	1.000000E-2	1.000000E+0	1.000000E-2	1.000000E+0	1.000000E+0	1.920000E+2
4.683368E+0	5.500000E+2	5.505000E-1	3.114000E-5	1.767823E+7	2.240807E+8	2.230000E-6	4.997000E-1	4.691500E-2	3.114000E-5	1.506583E+6	2.062152E+7	2.230000E-6	4.598600E-2	1.000000E-2	0.000000E+0	1.000000E-2	1.000000E+0	1.000000E-2	1.000000E+0	1.000000E+0	1.930000E+2
4.704736E+0	5.000000E+2	5.016000E-1	2.524000E-5	1.987322E+7	1.473498E+7	3.396000E-5	5.004000E-1	4.495300E-2	2.524000E-5	1.781022E+6	1.316814E+6	3.396000E-5	4.471900E-2	1.000000E-2	0.000000E+0	1.000000E-2	1.000000E+0	1.000000E-2	1.000000E+0	1.000000E+0	1.940000E+2
4.725887E+0	4.500000E+2	4.504000E-1	6.650000E-5	6.772932E+6	1.598785E+7	3.128000E-5	5.001000E-1	4.536100E-2	6.650000E-5	6.821203E+5	1.487084E+6	3.128000E-5	4.651600E-2	1.000000E-2	0.000000E+0	1.000000E-2	1.000000E+0	1.000000E-2	1.000000E+0	1.000000E+0	1.950000E+2
4.748322E+0	4.000000E+2	4.002000E-1	1.834000E-5	2.182116E+7	2.803022E+7	1.787000E-5	5.009000E-1	4.682800E-2	1.834000E-5	2.553326E+6	2.547734E+6	1.787000E-5	4.552800E-2	1.000000E-2	0.000000E+0	1.000000E-2	1.000000E+0	1.000000E-2	1.000000E+0	1.000000E+0	1.960000E+2
4.769023E+0	3.500000E+2	3.496000E-1	2.040000E-5	1.713725E+7	3.761115E+7	1.327000E-5	4.991000E-1	4.650700E-2	2.040000E-5	2.279755E+6	3.439111E+6	1.327000E-5	4.563700E-2	1.000000E-2	0.000000E+0	1.000000E-2	1.000000E+0	1.000000E-2	1.000000E+0	1.000000E+0	1.970000E+2
4.790391E+0	3.000000E+2	2.997000E-1	-4.570000E-6	-6.557987E+7	5.183801E+7	9.630000E-6	4.992000E-1	4.601500E-2	-4.570000E-6	-1.006893E+7	4.707892E+6	9.630000E-6	4.533700E-2	1.000000E-2	0.000000E+0	1.000000E-2	1.000000E+0	1.000000E-2	1.000000E+0	1.000000E+0	1.980000E+2
