Tiempo (min)	I pulso(mA)	Vinst 1 (V)	Iinst 1 (mA)	Rinst 1(Ohm)	Rrem 1 (Ohm)	Ibias 1 (mA)	Vbias 1 (V)	Vinst 2 (V)	Iinst 2 (mA)	Rinst 2(Ohm)	Rrem 2 (Ohm)	Ibias 2 (mA)	Vbias 2 (V)	Ancho pulso (s)	Periodo (s)	Icc 1 (mA)	Vcc 1 (V)	Icc 2 (mA)	Vcc 2 (V)	2W 1?	N9.565547E-2	0.000000E+0	6.000000E-4	-4.220000E-4	-1.421801E+3	3.000903E+4	1.329600E-2	3.990000E-1	9.910000E+37	-4.220000E-4	-2.348341E+44	7.453369E+42	1.329600E-2	9.910000E+37	1.000000E-1	0.000000E+0	1.000000E+0	1.000000E+1	1.000000E+0	1.000000E+1	1.000000E+0	1.000000E+0
1.173234E-1	2.000000E+2	2.004000E-1	6.260000E-3	3.201278E+4	3.019552E+4	1.324700E-2	4.000000E-1	9.910000E+37	6.260000E-3	1.583067E+43	7.480939E+42	1.324700E-2	9.910000E+37	1.000000E-1	0.000000E+0	1.000000E+0	1.000000E+1	1.000000E+0	1.000000E+1	1.000000E+0	2.000000E+0
1.390079E-1	4.000000E+2	3.999000E-1	1.352800E-2	2.956091E+4	3.018896E+4	1.323000E-2	3.994000E-1	9.910000E+37	1.352800E-2	7.325547E+42	7.490552E+42	1.323000E-2	9.910000E+37	1.000000E-1	0.000000E+0	1.000000E+0	1.000000E+1	1.000000E+0	1.000000E+1	1.000000E+0	3.000000E+0
1.607092E-1	6.000000E+2	5.993000E-1	2.068300E-2	2.897549E+4	2.984016E+4	1.338800E-2	3.995000E-1	9.910000E+37	2.068300E-2	4.791375E+42	7.402151E+42	1.338800E-2	9.910000E+37	1.000000E-1	0.000000E+0	1.000000E+0	1.000000E+1	1.000000E+0	1.000000E+1	1.000000E+0	4.000000E+0
1.821771E-1	8.000000E+2	8.007000E-1	2.812000E-2	2.847440E+4	2.978248E+4	1.342400E-2	3.998000E-1	9.910000E+37	2.812000E-2	3.524182E+42	7.382300E+42	1.342400E-2	9.910000E+37	1.000000E-1	0.000000E+0	1.000000E+0	1.000000E+1	1.000000E+0	1.000000E+1	1.000000E+0	5.000000E+0
2.037950E-1	1.000000E+3	9.992000E-1	3.579200E-2	2.791685E+4	3.005037E+4	1.330100E-2	3.997000E-1	9.910000E+37	3.579200E-2	2.768775E+42	7.450568E+42	1.330100E-2	9.910000E+37	1.000000E-1	0.000000E+0	1.000000E+0	1.000000E+1	1.000000E+0	1.000000E+1	1.000000E+0	6.000000E+0
2.254129E-1	1.200000E+3	1.200600E+0	4.394600E-2	2.731989E+4	2.960712E+4	1.349000E-2	3.994000E-1	9.910000E+37	4.394600E-2	2.255040E+42	7.346182E+42	1.349000E-2	9.910000E+37	1.000000E-1	0.000000E+0	1.000000E+0	1.000000E+1	1.000000E+0	1.000000E+1	1.000000E+0	7.000000E+0
2.470808E-1	1.400000E+3	1.399400E+0	5.205000E-2	2.688569E+4	3.015945E+4	1.329600E-2	4.010000E-1	9.910000E+37	5.205000E-2	1.903939E+42	7.453369E+42	1.329600E-2	9.910000E+37	1.000000E-1	0.000000E+0	1.000000E+0	1.000000E+1	1.000000E+0	1.000000E+1	1.000000E+0	8.000000E+0
2.687154E-1	1.600000E+3	1.600000E+0	6.044000E-2	2.647253E+4	2.965813E+4	1.351400E-2	4.008000E-1	9.910000E+37	6.044000E-2	1.639643E+42	7.333136E+42	1.351400E-2	9.910000E+37	1.000000E-1	0.000000E+0	1.000000E+0	1.000000E+1	1.000000E+0	1.000000E+1	1.000000E+0	9.000000E+0
2.902499E-1	1.800000E+3	1.799800E+0	6.891800E-2	2.611509E+4	2.992303E+4	1.338100E-2	4.004000E-1	9.910000E+37	6.891800E-2	1.437941E+42	7.406023E+42	1.338100E-2	9.910000E+37	1.000000E-1	0.000000E+0	1.000000E+0	1.000000E+1	1.000000E+0	1.000000E+1	1.000000E+0	1.000000E+1
3.117178E-1	2.000000E+3	1.999500E+0	7.763500E-2	2.575514E+4	2.981172E+4	1.338400E-2	3.990000E-1	9.910000E+37	7.763500E-2	1.276486E+42	7.404363E+42	1.338400E-2	9.910000E+37	1.000000E-1	0.000000E+0	1.000000E+0	1.000000E+1	1.000000E+0	1.000000E+1	1.000000E+0	1.100000E+1
3.331691E-1	2.200000E+3	2.200100E+0	8.620400E-2	2.552202E+4	2.949285E+4	1.356600E-2	4.001000E-1	9.910000E+37	8.620400E-2	1.149599E+42	7.305027E+42	1.356600E-2	9.910000E+37	1.000000E-1	0.000000E+0	1.000000E+0	1.000000E+1	1.000000E+0	1.000000E+1	1.000000E+0	1.200000E+1
3.547203E-1	2.400000E+3	2.400400E+0	9.532300E-2	2.518175E+4	2.973834E+4	1.349100E-2	4.012000E-1	9.910000E+37	9.532300E-2	1.039623E+42	7.345638E+42	1.349100E-2	9.910000E+37	1.000000E-1	0.000000E+0	1.000000E+0	1.000000E+1	1.000000E+0	1.000000E+1	1.000000E+0	1.300000E+1
3.762882E-1	2.600000E+3	2.599700E+0	1.043090E-1	2.492307E+4	2.991038E+4	1.339000E-2	4.005000E-1	9.910000E+37	1.043090E-1	9.500618E+41	7.401046E+42	1.339000E-2	9.910000E+37	1.000000E-1	0.000000E+0	1.000000E+0	1.000000E+1	1.000000E+0	1.000000E+1	1.000000E+0	1.400000E+1
3.979894E-1	2.800000E+3	2.800300E+0	1.135850E-1	2.465378E+4	3.024808E+4	1.318100E-2	3.987000E-1	9.910000E+37	1.135850E-1	8.724744E+41	7.518398E+42	1.318100E-2	9.910000E+37	1.000000E-1	0.000000E+0	1.000000E+0	1.000000E+1	1.000000E+0	1.000000E+1	1.000000E+0	1.500000E+1
4.195240E-1	3.000000E+3	3.000100E+0	1.230930E-1	2.437263E+4	2.994821E+4	1.332300E-2	3.990000E-1	9.910000E+37	1.230930E-1	8.050823E+41	7.438265E+42	1.332300E-2	9.910000E+37	1.000000E-1	0.000000E+0	1.000000E+0	1.000000E+1	1.000000E+0	1.000000E+1	1.000000E+0	1.600000E+1
4.410252E-1	3.200000E+3	3.199800E+0	1.324510E-1	2.415837E+4	2.980439E+4	1.339400E-2	3.992000E-1	9.910000E+37	1.324510E-1	7.482012E+41	7.398835E+42	1.339400E-2	9.910000E+37	1.000000E-1	0.000000E+0	1.000000E+0	1.000000E+1	1.000000E+0	1.000000E+1	1.000000E+0	1.700000E+1
4.624598E-1	3.400000E+3	3.401600E+0	1.419900E-1	2.395662E+4	3.008118E+4	1.330400E-2	4.002000E-1	9.910000E+37	1.419900E-1	6.979365E+41	7.448888E+42	1.330400E-2	9.910000E+37	1.000000E-1	0.000000E+0	1.000000E+0	1.000000E+1	1.000000E+0	1.000000E+1	1.000000E+0	1.800000E+1
4.841444E-1	3.600000E+3	3.599800E+0	1.513510E-1	2.378445E+4	2.979689E+4	1.344100E-2	4.005000E-1	9.910000E+37	1.513510E-1	6.547694E+41	7.372963E+42	1.344100E-2	9.910000E+37	1.000000E-1	0.000000E+0	1.000000E+0	1.000000E+1	1.000000E+0	1.000000E+1	1.000000E+0	1.900000E+1
5.056123E-1	3.800000E+3	3.799100E+0	1.610440E-1	2.359045E+4	3.014296E+4	1.329000E-2	4.006000E-1	9.910000E+37	1.610440E-1	6.153598E+41	7.456734E+42	1.329000E-2	9.910000E+37	1.000000E-1	0.000000E+0	1.000000E+0	1.000000E+1	1.000000E+0	1.000000E+1	1.000000E+0	2.000000E+1
5.272968E-1	4.000000E+3	4.000900E+0	1.707550E-1	2.343065E+4	3.003147E+4	1.334600E-2	4.008000E-1	9.910000E+37	1.707550E-1	5.803637E+41	7.425446E+42	1.334600E-2	9.910000E+37	1.000000E-1	0.000000E+0	1.000000E+0	1.000000E+1	1.000000E+0	1.000000E+1	1.000000E+0	2.100000E+1
5.489647E-1	4.200000E+3	4.199300E+0	1.804680E-1	2.326895E+4	2.990724E+4	1.336800E-2	3.998000E-1	9.910000E+37	1.804680E-1	5.491278E+41	7.413226E+42	1.336800E-2	9.910000E+37	1.000000E-1	0.000000E+0	1.000000E+0	1.000000E+1	1.000000E+0	1.000000E+1	1.000000E+0	2.200000E+1
5.705993E-1	4.400000E+3	4.400000E+0	1.903050E-1	2.312078E+4	2.988060E+4	1.340000E-2	4.004000E-1	9.910000E+37	1.903050E-1	5.207430E+41	7.395522E+42	1.340000E-2	9.910000E+37	1.000000E-1	0.000000E+0	1.000000E+0	1.000000E+1	1.000000E+0	1.000000E+1	1.000000E+0	2.300000E+1
5.923005E-1	4.600000E+3	4.601200E+0	2.000710E-1	2.299784E+4	3.006841E+4	1.330300E-2	4.000000E-1	9.910000E+37	2.000710E-1	4.953242E+41	7.449447E+42	1.330300E-2	9.910000E+37	1.000000E-1	0.000000E+0	1.000000E+0	1.000000E+1	1.000000E+0	1.000000E+1	1.000000E+0	2.400000E+1
6.138684E-1	4.800000E+3	4.799800E+0	2.098620E-1	2.287122E+4	3.030441E+4	1.320600E-2	4.002000E-1	9.910000E+37	2.098620E-1	4.722151E+41	7.504165E+42	1.320600E-2	9.910000E+37	1.000000E-1	0.000000E+0	1.000000E+0	1.000000E+1	1.000000E+0	1.000000E+1	1.000000E+0	2.500000E+1
6.355364E-1	5.000000E+3	4.999800E+0	2.195460E-1	2.277336E+4	3.035985E+4	1.317200E-2	3.999000E-1	9.910000E+37	2.195460E-1	4.513860E+41	7.523535E+42	1.317200E-2	9.910000E+37	1.000000E-1	0.000000E+0	1.000000E+0	1.000000E+1	1.000000E+0	1.000000E+1	1.000000E+0	2.600000E+1
6.572209E-1	5.200000E+3	5.200100E+0	2.293210E-1	2.267607E+4	3.016304E+4	1.324800E-2	3.996000E-1	9.910000E+37	2.293210E-1	4.321453E+41	7.480374E+42	1.324800E-2	9.910000E+37	1.000000E-1	0.000000E+0	1.000000E+0	1.000000E+1	1.000000E+0	1.000000E+1	1.000000E+0	2.700000E+1
6.787888E-1	5.400000E+3	5.399200E+0	2.390740E-1	2.258380E+4	3.046726E+4	1.311900E-2	3.997000E-1	9.910000E+37	2.390740E-1	4.145160E+41	7.553929E+42	1.311900E-2	9.910000E+37	1.000000E-1	0.000000E+0	1.000000E+0	1.000000E+1	1.000000E+0	1.000000E+1	1.000000E+0	2.800000E+1
7.003401E-1	5.600000E+3	5.600600E+0	2.485070E-1	2.253699E+4	3.031222E+4	1.319600E-2	4.000000E-1	9.910000E+37	2.485070E-1	3.987815E+41	7.509851E+42	1.319600E-2	9.910000E+37	1.000000E-1	0.000000E+0	1.000000E+0	1.000000E+1	1.000000E+0	1.000000E+1	1.000000E+0	2.900000E+1
7.219246E-1	5.800000E+3	5.800100E+0	2.581310E-1	2.246960E+4	3.067824E+4	1.301900E-2	3.994000E-1	9.910000E+37	2.581310E-1	3.839136E+41	7.611952E+42	1.301900E-2	9.910000E+37	1.000000E-1	0.000000E+0	1.000000E+0	1.000000E+1	1.000000E+0	1.000000E+1	1.000000E+0	3.000000E+1
7.436592E-1	6.000000E+3	6.000000E+0	2.670870E-1	2.246459E+4	3.045230E+4	1.315500E-2	4.006000E-1	9.910000E+37	2.670870E-1	3.710401E+41	7.533257E+42	1.315500E-2	9.910000E+37	1.000000E-1	0.000000E+0	1.000000E+0	1.000000E+1	1.000000E+0	1.000000E+1	1.000000E+0	3.100000E+1
7.652438E-1	6.200000E+3	6.201100E+0	2.763170E-1	2.244198E+4	3.029821E+4	1.321200E-2	4.003000E-1	9.910000E+37	2.763170E-1	3.586460E+41	7.500757E+42	1.321200E-2	9.910000E+37	1.000000E-1	0.000000E+0	1.000000E+0	1.000000E+1	1.000000E+0	1.000000E+1	1.000000E+0	3.200000E+1
7.867950E-1	6.400000E+3	6.400600E+0	2.864360E-1	2.234565E+4	3.008038E+4	1.331100E-2	4.004000E-1	9.910000E+37	2.864360E-1	3.459761E+41	7.444970E+42	1.331100E-2	9.910000E+37	1.000000E-1	0.000000E+0	1.000000E+0	1.000000E+1	1.000000E+0	1.000000E+1	1.000000E+0	3.300000E+1
8.083296E-1	6.600000E+3	6.600600E+0	2.975300E-1	2.218465E+4	3.014484E+4	1.325600E-2	3.996000E-1	9.910000E+37	2.975300E-1	3.330757E+41	7.475860E+42	1.325600E-2	9.910000E+37	1.000000E-1	0.000000E+0	1.000000E+0	1.000000E+1	1.000000E+0	1.000000E+1	1.000000E+0	3.400000E+1
8.298141E-1	6.800000E+3	6.800800E+0	3.082380E-1	2.206347E+4	2.966919E+4	1.348200E-2	4.000000E-1	9.910000E+37	3.082380E-1	3.215048E+41	7.350541E+42	1.348200E-2	9.910000E+37	1.000000E-1	0.000000E+0	1.000000E+0	1.000000E+1	1.000000E+0	1.000000E+1	1.000000E+0	3.500000E+1
8.514987E-1	7.000000E+3	7.000700E+0	3.188270E-1	2.195768E+4	2.989159E+4	1.337500E-2	3.998000E-1	9.910000E+37	3.188270E-1	3.108269E+41	7.409346E+42	1.337500E-2	9.910000E+37	1.000000E-1	0.000000E+0	1.000000E+0	1.000000E+1	1.000000E+0	1.000000E+1	1.000000E+0	3.600000E+1
8.731999E-1	7.200000E+3	7.200900E+0	3.300140E-1	2.181998E+4	2.953792E+4	1.356900E-2	4.008000E-1	9.910000E+37	3.300140E-1	3.002903E+41	7.303412E+42	1.356900E-2	9.910000E+37	1.000000E-1	0.000000E+0	1.000000E+0	1.000000E+1	1.000000E+0	1.000000E+1	1.000000E+0	3.700000E+1
8.947678E-1	7.400000E+3	7.401500E+0	3.409000E-1	2.171165E+4	2.913265E+4	1.372000E-2	3.997000E-1	9.910000E+37	3.409000E-1	2.907011E+41	7.223032E+42	1.372000E-2	9.910000E+37	1.000000E-1	0.000000E+0	1.000000E+0	1.000000E+1	1.000000E+0	1.000000E+1	1.000000E+0	3.800000E+1
9.161524E-1	7.600000E+3	7.600100E+0	3.516220E-1	2.161440E+4	2.966315E+4	1.347800E-2	3.998000E-1	9.910000E+37	3.516220E-1	2.818367E+41	7.352723E+42	1.347800E-2	9.910000E+37	1.000000E-1	0.000000E+0	1.000000E+0	1.000000E+1	1.000000E+0	1.000000E+1	1.000000E+0	3.900000E+1
9.378536E-1	7.800000E+3	7.799600E+0	3.624480E-1	2.151922E+4	2.922221E+4	1.365400E-2	3.990000E-1	9.910000E+37	3.624480E-1	2.734185E+41	7.257946E+42	1.365400E-2	9.910000E+37	1.000000E-1	0.000000E+0	1.000000E+0	1.000000E+1	1.000000E+0	1.000000E+1	1.000000E+0	4.000000E+1
9.592715E-1	8.000000E+3	7.998800E+0	3.730830E-1	2.143973E+4	2.913580E+4	1.377000E-2	4.012000E-1	9.910000E+37	3.730830E-1	2.656245E+41	7.196805E+42	1.377000E-2	9.910000E+37	1.000000E-1	0.000000E+0	1.000000E+0	1.000000E+1	1.000000E+0	1.000000E+1	1.000000E+0	4.100000E+1
9.807061E-1	8.200000E+3	8.199400E+0	3.836930E-1	2.136969E+4	2.911199E+4	1.371600E-2	3.993000E-1	9.910000E+37	3.836930E-1	2.582794E+41	7.225139E+42	1.371600E-2	9.910000E+37	1.000000E-1	0.000000E+0	1.000000E+0	1.000000E+1	1.000000E+0	1.000000E+1	1.000000E+0	4.200000E+1
1.002341E+0	8.400000E+3	8.400000E+0	3.945010E-1	2.129272E+4	2.945256E+4	1.355400E-2	3.992000E-1	9.910000E+37	3.945010E-1	2.512034E+41	7.311495E+42	1.355400E-2	9.910000E+37	1.000000E-1	0.000000E+0	1.000000E+0	1.000000E+1	1.000000E+0	1.000000E+1	1.000000E+0	4.300000E+1
1.023959E+0	8.600000E+3	8.600900E+0	4.048090E-1	2.124681E+4	2.931880E+4	1.366700E-2	4.007000E-1	9.910000E+37	4.048090E-1	2.448068E+41	7.251043E+42	1.366700E-2	9.910000E+37	1.000000E-1	0.000000E+0	1.000000E+0	1.000000E+1	1.000000E+0	1.000000E+1	1.000000E+0	4.400000E+1
1.045726E+0	8.800000E+3	8.799500E+0	4.155190E-1	2.117713E+4	2.908100E+4	1.376500E-2	4.003000E-1	9.910000E+37	4.155190E-1	2.384969E+41	7.199419E+42	1.376500E-2	9.910000E+37	1.000000E-1	0.000000E+0	1.000000E+0	1.000000E+1	1.000000E+0	1.000000E+1	1.000000E+0	4.500000E+1
1.067328E+0	9.000000E+3	9.000000E+0	4.258910E-1	2.113217E+4	2.897793E+4	1.377600E-2	3.992000E-1	9.910000E+37	4.258910E-1	2.326886E+41	7.193670E+42	1.377600E-2	9.910000E+37	1.000000E-1	0.000000E+0	1.000000E+0	1.000000E+1	1.000000E+0	1.000000E+1	1.000000E+0	4.600000E+1
1.089062E+0	9.000000E+3	9.000200E+0	4.251850E-1	2.116773E+4	2.885838E+4	1.384000E-2	3.994000E-1	9.910000E+37	4.251850E-1	2.330750E+41	7.160405E+42	1.384000E-2	9.910000E+37	1.000000E-1	0.000000E+0	1.000000E+0	1.000000E+1	1.000000E+0	1.000000E+1	1.000000E+0	4.700000E+1
1.110730E+0	8.800000E+3	8.800400E+0	4.133390E-1	2.129100E+4	2.881795E+4	1.390800E-2	4.008000E-1	9.910000E+37	4.133390E-1	2.397548E+41	7.125395E+42	1.390800E-2	9.910000E+37	1.000000E-1	0.000000E+0	1.000000E+0	1.000000E+1	1.000000E+0	1.000000E+1	1.000000E+0	4.800000E+1
1.132331E+0	8.600000E+3	8.599000E+0	4.019940E-1	2.139087E+4	2.910388E+4	1.373700E-2	3.998000E-1	9.910000E+37	4.019940E-1	2.465211E+41	7.214093E+42	1.373700E-2	9.910000E+37	1.000000E-1	0.000000E+0	1.000000E+0	1.000000E+1	1.000000E+0	1.000000E+1	1.000000E+0	4.900000E+1
1.153899E+0	8.400000E+3	8.399300E+0	3.906760E-1	2.149940E+4	2.926740E+4	1.365000E-2	3.995000E-1	9.910000E+37	3.906760E-1	2.536629E+41	7.260073E+42	1.365000E-2	9.910000E+37	1.000000E-1	0.000000E+0	1.000000E+0	1.000000E+1	1.000000E+0	1.000000E+1	1.000000E+0	5.000000E+1
1.175617E+0	8.200000E+3	8.199900E+0	3.794230E-1	2.161150E+4	2.899314E+4	1.385500E-2	4.017000E-1	9.910000E+37	3.794230E-1	2.611861E+41	7.152652E+42	1.385500E-2	9.910000E+37	1.000000E-1	0.000000E+0	1.000000E+0	1.000000E+1	1.000000E+0	1.000000E+1	1.000000E+0	5.100000E+1
1.197335E+0	8.000000E+3	7.999500E+0	3.676810E-1	2.175663E+4	2.921537E+4	1.368800E-2	3.999000E-1	9.910000E+37	3.676810E-1	2.695271E+41	7.239918E+42	1.368800E-2	9.910000E+37	1.000000E-1	0.000000E+0	1.000000E+0	1.000000E+1	1.000000E+0	1.000000E+1	1.000000E+0	5.200000E+1
1.218903E+0	7.800000E+3	7.799800E+0	3.570250E-1	2.184665E+4	2.965159E+4	1.349000E-2	4.000000E-1	9.910000E+37	3.570250E-1	2.775716E+41	7.346182E+42	1.349000E-2	9.910000E+37	1.000000E-1	0.000000E+0	1.000000E+0	1.000000E+1	1.000000E+0	1.000000E+1	1.000000E+0	5.300000E+1
1.240621E+0	7.600000E+3	7.599700E+0	3.462400E-1	2.194923E+4	2.949635E+4	1.356100E-2	4.000000E-1	9.910000E+37	3.462400E-1	2.862177E+41	7.307721E+42	1.356100E-2	9.910000E+37	1.000000E-1	0.000000E+0	1.000000E+0	1.000000E+1	1.000000E+0	1.000000E+1	1.000000E+0	5.400000E+1
1.262272E+0	7.400000E+3	7.400100E+0	3.352220E-1	2.207522E+4	2.960964E+4	1.352600E-2	4.005000E-1	9.910000E+37	3.352220E-1	2.956250E+41	7.326630E+42	1.352600E-2	9.910000E+37	1.000000E-1	0.000000E+0	1.000000E+0	1.000000E+1	1.000000E+0	1.000000E+1	1.000000E+0	5.500000E+1
1.283840E+0	7.200000E+3	7.200600E+0	3.242570E-1	2.220646E+4	2.952092E+4	1.352600E-2	3.993000E-1	9.910000E+37	3.242570E-1	3.056218E+41	7.326630E+42	1.352600E-2	9.910000E+37	1.000000E-1	0.000000E+0	1.000000E+0	1.000000E+1	1.000000E+0	1.000000E+1	1.000000E+0	5.600000E+1
1.305508E+0	7.000000E+3	7.000300E+0	3.137790E-1	2.230965E+4	3.022659E+4	1.324000E-2	4.002000E-1	9.910000E+37	3.137790E-1	3.158274E+41	7.484894E+42	1.324000E-2	9.910000E+37	1.000000E-1	0.000000E+0	1.000000E+0	1.000000E+1	1.000000E+0	1.000000E+1	1.000000E+0	5.700000E+1
1.327126E+0	6.800000E+3	6.800500E+0	3.034130E-1	2.241334E+4	2.959161E+4	1.354100E-2	4.007000E-1	9.910000E+37	3.034130E-1	3.266175E+41	7.318514E+42	1.354100E-2	9.910000E+37	1.000000E-1	0.000000E+0	1.000000E+0	1.000000E+1	1.000000E+0	1.000000E+1	1.000000E+0	5.800000E+1
1.348810E+0	6.600000E+3	6.601000E+0	2.937810E-1	2.246912E+4	2.991306E+4	1.334200E-2	3.991000E-1	9.910000E+37	2.937810E-1	3.373261E+41	7.427672E+42	1.334200E-2	9.910000E+37	1.000000E-1	0.000000E+0	1.000000E+0	1.000000E+1	1.000000E+0	1.000000E+1	1.000000E+0	5.900000E+1
1.370478E+0	6.400000E+3	6.399700E+0	2.838900E-1	2.254289E+4	2.996112E+4	1.337400E-2	4.007000E-1	9.910000E+37	2.838900E-1	3.490789E+41	7.409900E+42	1.337400E-2	9.910000E+37	1.000000E-1	0.000000E+0	1.000000E+0	1.000000E+1	1.000000E+0	1.000000E+1	1.000000E+0	6.000000E+1
1.392196E+0	6.200000E+3	6.200600E+0	2.750780E-1	2.254124E+4	2.978343E+4	1.343700E-2	4.002000E-1	9.910000E+37	2.750780E-1	3.602615E+41	7.375158E+42	1.343700E-2	9.910000E+37	1.000000E-1	0.000000E+0	1.000000E+0	1.000000E+1	1.000000E+0	1.000000E+1	1.000000E+0	6.100000E+1
1.413731E+0	6.000000E+3	6.001500E+0	2.655660E-1	2.259890E+4	2.998351E+4	1.334400E-2	4.001000E-1	9.910000E+37	2.655660E-1	3.731652E+41	7.426559E+42	1.334400E-2	9.910000E+37	1.000000E-1	0.000000E+0	1.000000E+0	1.000000E+1	1.000000E+0	1.000000E+1	1.000000E+0	6.200000E+1
1.435265E+0	5.800000E+3	5.800000E+0	2.557900E-1	2.267485E+4	2.984641E+4	1.341200E-2	4.003000E-1	9.910000E+37	2.557900E-1	3.874272E+41	7.388905E+42	1.341200E-2	9.910000E+37	1.000000E-1	0.000000E+0	1.000000E+0	1.000000E+1	1.000000E+0	1.000000E+1	1.000000E+0	6.300000E+1
1.457000E+0	5.600000E+3	5.600000E+0	2.460010E-1	2.276414E+4	2.973375E+4	1.344600E-2	3.998000E-1	9.910000E+37	2.460010E-1	4.028439E+41	7.370222E+42	1.344600E-2	9.910000E+37	1.000000E-1	0.000000E+0	1.000000E+0	1.000000E+1	1.000000E+0	1.000000E+1	1.000000E+0	6.400000E+1
1.478568E+0	5.400000E+3	5.399800E+0	2.362100E-1	2.286017E+4	2.946435E+4	1.353500E-2	3.988000E-1	9.910000E+37	2.362100E-1	4.195419E+41	7.321758E+42	1.353500E-2	9.910000E+37	1.000000E-1	0.000000E+0	1.000000E+0	1.000000E+1	1.000000E+0	1.000000E+1	1.000000E+0	6.500000E+1
1.500152E+0	5.200000E+3	5.199400E+0	2.266880E-1	2.293637E+4	2.955567E+4	1.357100E-2	4.011000E-1	9.910000E+37	2.266880E-1	4.371647E+41	7.302336E+42	1.357100E-2	9.910000E+37	1.000000E-1	0.000000E+0	1.000000E+0	1.000000E+1	1.000000E+0	1.000000E+1	1.000000E+0	6.600000E+1
1.521787E+0	5.000000E+3	5.000500E+0	2.168250E-1	2.306238E+4	2.950384E+4	1.354400E-2	3.996000E-1	9.910000E+37	2.168250E-1	4.570506E+41	7.316893E+42	1.354400E-2	9.910000E+37	1.000000E-1	0.000000E+0	1.000000E+0	1.000000E+1	1.000000E+0	1.000000E+1	1.000000E+0	6.700000E+1
1.543372E+0	4.800000E+3	4.799800E+0	2.067950E-1	2.321043E+4	2.999099E+4	1.332400E-2	3.996000E-1	9.910000E+37	2.067950E-1	4.792185E+41	7.437706E+42	1.332400E-2	9.910000E+37	1.000000E-1	0.000000E+0	1.000000E+0	1.000000E+1	1.000000E+0	1.000000E+1	1.000000E+0	6.800000E+1
1.564956E+0	4.600000E+3	4.600400E+0	1.970480E-1	2.334660E+4	2.948492E+4	1.359000E-2	4.007000E-1	9.910000E+37	1.970480E-1	5.029231E+41	7.292127E+42	1.359000E-2	9.910000E+37	1.000000E-1	0.000000E+0	1.000000E+0	1.000000E+1	1.000000E+0	1.000000E+1	1.000000E+0	6.900000E+1
1.586441E+0	4.400000E+3	4.401700E+0	1.875640E-1	2.346772E+4	2.911190E+4	1.377100E-2	4.009000E-1	9.910000E+37	1.875640E-1	5.283530E+41	7.196282E+42	1.377100E-2	9.910000E+37	1.000000E-1	0.000000E+0	1.000000E+0	1.000000E+1	1.000000E+0	1.000000E+1	1.000000E+0	7.000000E+1
1.607992E+0	4.200000E+3	4.201400E+0	1.779010E-1	2.361651E+4	2.932414E+4	1.362700E-2	3.996000E-1	9.910000E+37	1.779010E-1	5.570514E+41	7.272327E+42	1.362700E-2	9.910000E+37	1.000000E-1	0.000000E+0	1.000000E+0	1.000000E+1	1.000000E+0	1.000000E+1	1.000000E+0	7.100000E+1
1.629577E+0	4.000000E+3	4.000500E+0	1.683700E-1	2.376017E+4	2.976013E+4	1.342400E-2	3.995000E-1	9.910000E+37	1.683700E-1	5.885847E+41	7.382300E+42	1.342400E-2	9.910000E+37	1.000000E-1	0.000000E+0	1.000000E+0	1.000000E+1	1.000000E+0	1.000000E+1	1.000000E+0	7.200000E+1
1.651244E+0	3.800000E+3	3.799600E+0	1.588580E-1	2.391822E+4	2.920749E+4	1.367800E-2	3.995000E-1	9.910000E+37	1.588580E-1	6.238276E+41	7.245211E+42	1.367800E-2	9.910000E+37	1.000000E-1	0.000000E+0	1.000000E+0	1.000000E+1	1.000000E+0	1.000000E+1	1.000000E+0	7.300000E+1
1.672796E+0	3.600000E+3	3.600300E+0	1.495030E-1	2.408179E+4	2.943777E+4	1.357100E-2	3.995000E-1	9.910000E+37	1.495030E-1	6.628630E+41	7.302336E+42	1.357100E-2	9.910000E+37	1.000000E-1	0.000000E+0	1.000000E+0	1.000000E+1	1.000000E+0	1.000000E+1	1.000000E+0	7.400000E+1
1.694414E+0	3.400000E+3	3.399500E+0	1.399480E-1	2.429117E+4	2.944903E+4	1.357600E-2	3.998000E-1	9.910000E+37	1.399480E-1	7.081202E+41	7.299646E+42	1.357600E-2	9.910000E+37	1.000000E-1	0.000000E+0	1.000000E+0	1.000000E+1	1.000000E+0	1.000000E+1	1.000000E+0	7.500000E+1
1.715981E+0	3.200000E+3	3.199900E+0	1.308950E-1	2.444631E+4	2.941955E+4	1.359300E-2	3.999000E-1	9.910000E+37	1.308950E-1	7.570954E+41	7.290517E+42	1.359300E-2	9.910000E+37	1.000000E-1	0.000000E+0	1.000000E+0	1.000000E+1	1.000000E+0	1.000000E+1	1.000000E+0	7.600000E+1
1.737616E+0	3.000000E+3	3.000900E+0	1.218880E-1	2.462014E+4	2.935477E+4	1.362300E-2	3.999000E-1	9.910000E+37	1.218880E-1	8.130415E+41	7.274462E+42	1.362300E-2	9.910000E+37	1.000000E-1	0.000000E+0	1.000000E+0	1.000000E+1	1.000000E+0	1.000000E+1	1.000000E+0	7.700000E+1
1.759217E+0	2.800000E+3	2.800700E+0	1.126000E-1	2.487300E+4	2.936940E+4	1.360600E-2	3.996000E-1	9.910000E+37	1.126000E-1	8.801066E+41	7.283551E+42	1.360600E-2	9.910000E+37	1.000000E-1	0.000000E+0	1.000000E+0	1.000000E+1	1.000000E+0	1.000000E+1	1.000000E+0	7.800000E+1
1.780785E+0	2.600000E+3	2.600400E+0	1.038900E-1	2.503032E+4	2.937592E+4	1.362000E-2	4.001000E-1	9.910000E+37	1.038900E-1	9.538935E+41	7.276065E+42	1.362000E-2	9.910000E+37	1.000000E-1	0.000000E+0	1.000000E+0	1.000000E+1	1.000000E+0	1.000000E+1	1.000000E+0	7.900000E+1
1.802620E+0	2.400000E+3	2.399700E+0	9.495700E-2	2.527144E+4	2.917396E+4	1.370400E-2	3.998000E-1	9.910000E+37	9.495700E-2	1.043630E+42	7.231465E+42	1.370400E-2	9.910000E+37	1.000000E-1	0.000000E+0	1.000000E+0	1.000000E+1	1.000000E+0	1.000000E+1	1.000000E+0	8.000000E+1
1.824221E+0	2.200000E+3	2.200300E+0	8.617100E-2	2.553411E+4	2.955436E+4	1.353100E-2	3.999000E-1	9.910000E+37	8.617100E-2	1.150039E+42	7.323923E+42	1.353100E-2	9.910000E+37	1.000000E-1	0.000000E+0	1.000000E+0	1.000000E+1	1.000000E+0	1.000000E+1	1.000000E+0	8.100000E+1
1.845839E+0	2.000000E+3	1.999900E+0	7.756000E-2	2.578520E+4	2.890315E+4	1.386700E-2	4.008000E-1	9.910000E+37	7.756000E-2	1.277720E+42	7.146463E+42	1.386700E-2	9.910000E+37	1.000000E-1	0.000000E+0	1.000000E+0	1.000000E+1	1.000000E+0	1.000000E+1	1.000000E+0	8.200000E+1
1.867573E+0	1.800000E+3	1.799700E+0	6.909900E-2	2.604524E+4	2.928185E+4	1.367400E-2	4.004000E-1	9.910000E+37	6.909900E-2	1.434174E+42	7.247331E+42	1.367400E-2	9.910000E+37	1.000000E-1	0.000000E+0	1.000000E+0	1.000000E+1	1.000000E+0	1.000000E+1	1.000000E+0	8.300000E+1
1.889258E+0	1.600000E+3	1.600300E+0	6.080400E-2	2.631899E+4	2.958768E+4	1.350900E-2	3.997000E-1	9.910000E+37	6.080400E-2	1.629827E+42	7.335850E+42	1.350900E-2	9.910000E+37	1.000000E-1	0.000000E+0	1.000000E+0	1.000000E+1	1.000000E+0	1.000000E+1	1.000000E+0	8.400000E+1
1.910909E+0	1.400000E+3	1.400300E+0	5.246800E-2	2.668865E+4	2.901284E+4	1.378700E-2	4.000000E-1	9.910000E+37	5.246800E-2	1.888770E+42	7.187931E+42	1.378700E-2	9.910000E+37	1.000000E-1	0.000000E+0	1.000000E+0	1.000000E+1	1.000000E+0	1.000000E+1	1.000000E+0	8.500000E+1
1.932511E+0	1.200000E+3	1.199800E+0	4.431700E-2	2.707313E+4	2.941955E+4	1.359300E-2	3.999000E-1	9.910000E+37	4.431700E-2	2.236162E+42	7.290517E+42	1.359300E-2	9.910000E+37	1.000000E-1	0.000000E+0	1.000000E+0	1.000000E+1	1.000000E+0	1.000000E+1	1.000000E+0	8.600000E+1
1.954112E+0	1.000000E+3	1.000300E+0	3.644400E-2	2.744759E+4	2.913392E+4	1.374000E-2	4.003000E-1	9.910000E+37	3.644400E-2	2.719240E+42	7.212518E+42	1.374000E-2	9.910000E+37	1.000000E-1	0.000000E+0	1.000000E+0	1.000000E+1	1.000000E+0	1.000000E+1	1.000000E+0	8.700000E+1
1.975796E+0	8.000000E+2	7.999000E-1	2.857700E-2	2.799104E+4	2.937320E+4	1.357700E-2	3.988000E-1	9.910000E+37	2.857700E-2	3.467824E+42	7.299109E+42	1.357700E-2	9.910000E+37	1.000000E-1	0.000000E+0	1.000000E+0	1.000000E+1	1.000000E+0	1.000000E+1	1.000000E+0	8.800000E+1
1.997364E+0	6.000000E+2	6.001000E-1	2.120300E-2	2.830260E+4	2.940529E+4	1.362000E-2	4.005000E-1	9.910000E+37	2.120300E-2	4.673867E+42	7.276065E+42	1.362000E-2	9.910000E+37	1.000000E-1	0.000000E+0	1.000000E+0	1.000000E+1	1.000000E+0	1.000000E+1	1.000000E+0	8.900000E+1
2.018815E+0	4.000000E+2	4.006000E-1	1.368000E-2	2.928363E+4	2.910617E+4	1.370500E-2	3.989000E-1	9.910000E+37	1.368000E-2	7.244152E+42	7.230938E+42	1.370500E-2	9.910000E+37	1.000000E-1	0.000000E+0	1.000000E+0	1.000000E+1	1.000000E+0	1.000000E+1	1.000000E+0	9.000000E+1
2.040467E+0	2.000000E+2	2.012000E-1	6.641000E-3	3.029664E+4	2.902522E+4	1.375700E-2	3.993000E-1	9.910000E+37	6.641000E-3	1.492245E+43	7.203605E+42	1.375700E-2	9.910000E+37	1.000000E-1	0.000000E+0	1.000000E+0	1.000000E+1	1.000000E+0	1.000000E+1	1.000000E+0	9.100000E+1
2.062301E+0	0.000000E+0	-9.000000E-4	-3.870000E-4	2.325581E+3	2.930290E+4	1.367100E-2	4.006000E-1	9.910000E+37	-3.870000E-4	-2.560724E+44	7.248921E+42	1.367100E-2	9.910000E+37	1.000000E-1	0.000000E+0	1.000000E+0	1.000000E+1	1.000000E+0	1.000000E+1	1.000000E+0	9.200000E+1
2.084069E+0	-2.000000E+2	-2.008000E-1	-7.477000E-3	2.685569E+4	2.910491E+4	1.376400E-2	4.006000E-1	9.910000E+37	-7.477000E-3	-1.325398E+43	7.199942E+42	1.376400E-2	9.910000E+37	1.000000E-1	0.000000E+0	1.000000E+0	1.000000E+1	1.000000E+0	1.000000E+1	1.000000E+0	9.300000E+1
2.105770E+0	-4.000000E+2	-4.000000E-1	-1.465100E-2	2.730189E+4	2.881782E+4	1.391500E-2	4.010000E-1	9.910000E+37	-1.465100E-2	-6.764043E+42	7.121811E+42	1.391500E-2	9.910000E+37	1.000000E-1	0.000000E+0	1.000000E+0	1.000000E+1	1.000000E+0	1.000000E+1	1.000000E+0	9.400000E+1
2.127355E+0	-6.000000E+2	-6.006000E-1	-2.210200E-2	2.717401E+4	2.937601E+4	1.365400E-2	4.011000E-1	9.910000E+37	-2.210200E-2	-4.483757E+42	7.257946E+42	1.365400E-2	9.910000E+37	1.000000E-1	0.000000E+0	1.000000E+0	1.000000E+1	1.000000E+0	1.000000E+1	1.000000E+0	9.500000E+1
2.148856E+0	-8.000000E+2	-7.996000E-1	-2.983000E-2	2.680523E+4	2.917609E+4	1.370300E-2	3.998000E-1	9.910000E+37	-2.983000E-2	-3.322159E+42	7.231993E+42	1.370300E-2	9.910000E+37	1.000000E-1	0.000000E+0	1.000000E+0	1.000000E+1	1.000000E+0	1.000000E+1	1.000000E+0	9.600000E+1
2.170391E+0	-1.000000E+3	-1.000500E+0	-3.774300E-2	2.650823E+4	2.927723E+4	1.364200E-2	3.994000E-1	9.910000E+37	-3.774300E-2	-2.625652E+42	7.264331E+42	1.364200E-2	9.910000E+37	1.000000E-1	0.000000E+0	1.000000E+0	1.000000E+1	1.000000E+0	1.000000E+1	1.000000E+0	9.700000E+1
2.191892E+0	-1.200000E+3	-1.199700E+0	-4.585300E-2	2.616405E+4	2.910334E+4	1.375100E-2	4.002000E-1	9.910000E+37	-4.585300E-2	-2.161254E+42	7.206749E+42	1.375100E-2	9.910000E+37	1.000000E-1	0.000000E+0	1.000000E+0	1.000000E+1	1.000000E+0	1.000000E+1	1.000000E+0	9.800000E+1
2.213427E+0	-1.400000E+3	-1.400800E+0	-5.416700E-2	2.586076E+4	2.911844E+4	1.373700E-2	4.000000E-1	9.910000E+37	-5.416700E-2	-1.829527E+42	7.214093E+42	1.373700E-2	9.910000E+37	1.000000E-1	0.000000E+0	1.000000E+0	1.000000E+1	1.000000E+0	1.000000E+1	1.000000E+0	9.900000E+1
2.235145E+0	-1.600000E+3	-1.599200E+0	-6.244600E-2	2.560933E+4	2.903109E+4	1.376800E-2	3.997000E-1	9.910000E+37	-6.244600E-2	-1.586971E+42	7.197850E+42	1.376800E-2	9.910000E+37	1.000000E-1	0.000000E+0	1.000000E+0	1.000000E+1	1.000000E+0	1.000000E+1	1.000000E+0	1.000000E+2
2.256779E+0	-1.800000E+3	-1.799600E+0	-7.094000E-2	2.536792E+4	2.916880E+4	1.370300E-2	3.997000E-1	9.910000E+37	-7.094000E-2	-1.396955E+42	7.231993E+42	1.370300E-2	9.910000E+37	1.000000E-1	0.000000E+0	1.000000E+0	1.000000E+1	1.000000E+0	1.000000E+1	1.000000E+0	1.010000E+2
2.278347E+0	-2.000000E+3	-2.000000E+0	-7.977500E-2	2.507051E+4	2.933675E+4	1.364500E-2	4.003000E-1	9.910000E+37	-7.977500E-2	-1.242244E+42	7.262734E+42	1.364500E-2	9.910000E+37	1.000000E-1	0.000000E+0	1.000000E+0	1.000000E+1	1.000000E+0	1.000000E+1	1.000000E+0	1.020000E+2
2.299882E+0	-2.200000E+3	-2.199500E+0	-8.863800E-2	2.481441E+4	2.904092E+4	1.378400E-2	4.003000E-1	9.910000E+37	-8.863800E-2	-1.118031E+42	7.189495E+42	1.378400E-2	9.910000E+37	1.000000E-1	0.000000E+0	1.000000E+0	1.000000E+1	1.000000E+0	1.000000E+1	1.000000E+0	1.030000E+2
2.321499E+0	-2.400000E+3	-2.400100E+0	-9.740800E-2	2.463966E+4	2.899181E+4	1.379700E-2	4.000000E-1	9.910000E+37	-9.740800E-2	-1.017370E+42	7.182721E+42	1.379700E-2	9.910000E+37	1.000000E-1	0.000000E+0	1.000000E+0	1.000000E+1	1.000000E+0	1.000000E+1	1.000000E+0	1.040000E+2
2.343384E+0	-2.600000E+3	-2.599300E+0	-1.066170E-1	2.437979E+4	2.914298E+4	1.372200E-2	3.999000E-1	9.910000E+37	-1.066170E-1	-9.294953E+41	7.221979E+42	1.372200E-2	9.910000E+37	1.000000E-1	0.000000E+0	1.000000E+0	1.000000E+1	1.000000E+0	1.000000E+1	1.000000E+0	1.050000E+2
2.365119E+0	-2.800000E+3	-2.800400E+0	-1.157800E-1	2.418725E+4	2.927759E+4	1.363500E-2	3.992000E-1	9.910000E+37	-1.157800E-1	-8.559337E+41	7.268060E+42	1.363500E-2	9.910000E+37	1.000000E-1	0.000000E+0	1.000000E+0	1.000000E+1	1.000000E+0	1.000000E+1	1.000000E+0	1.060000E+2
2.386587E+0	-3.000000E+3	-3.000400E+0	-1.250310E-1	2.399725E+4	2.914965E+4	1.371200E-2	3.997000E-1	9.910000E+37	-1.250310E-1	-7.926034E+41	7.227246E+42	1.371200E-2	9.910000E+37	1.000000E-1	0.000000E+0	1.000000E+0	1.000000E+1	1.000000E+0	1.000000E+1	1.000000E+0	1.070000E+2
2.408188E+0	-3.200000E+3	-3.199000E+0	-1.344010E-1	2.380191E+4	2.871960E+4	1.398000E-2	4.015000E-1	9.910000E+37	-1.344010E-1	-7.373457E+41	7.088698E+42	1.398000E-2	9.910000E+37	1.000000E-1	0.000000E+0	1.000000E+0	1.000000E+1	1.000000E+0	1.000000E+1	1.000000E+0	1.080000E+2
2.429789E+0	-3.400000E+3	-3.399300E+0	-1.438860E-1	2.362495E+4	2.906951E+4	1.376700E-2	4.002000E-1	9.910000E+37	-1.438860E-1	-6.887397E+41	7.198373E+42	1.376700E-2	9.910000E+37	1.000000E-1	0.000000E+0	1.000000E+0	1.000000E+1	1.000000E+0	1.000000E+1	1.000000E+0	1.090000E+2
2.451540E+0	-3.600000E+3	-3.600600E+0	-1.535450E-1	2.344980E+4	2.905455E+4	1.375000E-2	3.995000E-1	9.910000E+37	-1.535450E-1	-6.454134E+41	7.207273E+42	1.375000E-2	9.910000E+37	1.000000E-1	0.000000E+0	1.000000E+0	1.000000E+1	1.000000E+0	1.000000E+1	1.000000E+0	1.100000E+2
2.473241E+0	-3.800000E+3	-3.800500E+0	-1.629600E-1	2.332167E+4	2.892508E+4	1.381500E-2	3.996000E-1	9.910000E+37	-1.629600E-1	-6.081247E+41	7.173362E+42	1.381500E-2	9.910000E+37	1.000000E-1	0.000000E+0	1.000000E+0	1.000000E+1	1.000000E+0	1.000000E+1	1.000000E+0	1.110000E+2
2.494893E+0	-4.000000E+3	-4.001000E+0	-1.727230E-1	2.316426E+4	2.884393E+4	1.384000E-2	3.992000E-1	9.910000E+37	-1.727230E-1	-5.737510E+41	7.160405E+42	1.384000E-2	9.910000E+37	1.000000E-1	0.000000E+0	1.000000E+0	1.000000E+1	1.000000E+0	1.000000E+1	1.000000E+0	1.120000E+2
2.516394E+0	-4.200000E+3	-4.200000E+0	-1.823050E-1	2.303831E+4	2.901230E+4	1.373900E-2	3.986000E-1	9.910000E+37	-1.823050E-1	-5.435945E+41	7.213043E+42	1.373900E-2	9.910000E+37	1.000000E-1	0.000000E+0	1.000000E+0	1.000000E+1	1.000000E+0	1.000000E+1	1.000000E+0	1.130000E+2
2.537945E+0	-4.400000E+3	-4.399100E+0	-1.918800E-1	2.292631E+4	2.879355E+4	1.389200E-2	4.000000E-1	9.910000E+37	-1.918800E-1	-5.164686E+41	7.133602E+42	1.389200E-2	9.910000E+37	1.000000E-1	0.000000E+0	1.000000E+0	1.000000E+1	1.000000E+0	1.000000E+1	1.000000E+0	1.140000E+2
2.559580E+0	-4.600000E+3	-4.600200E+0	-2.020740E-1	2.276493E+4	2.893386E+4	1.383500E-2	4.003000E-1	9.910000E+37	-2.020740E-1	-4.904144E+41	7.162992E+42	1.383500E-2	9.910000E+37	1.000000E-1	0.000000E+0	1.000000E+0	1.000000E+1	1.000000E+0	1.000000E+1	1.000000E+0	1.150000E+2
2.581031E+0	-4.800000E+3	-4.799300E+0	-2.116940E-1	2.267093E+4	2.893254E+4	1.384600E-2	4.006000E-1	9.910000E+37	-2.116940E-1	-4.681285E+41	7.157302E+42	1.384600E-2	9.910000E+37	1.000000E-1	0.000000E+0	1.000000E+0	1.000000E+1	1.000000E+0	1.000000E+1	1.000000E+0	1.160000E+2
2.602549E+0	-5.000000E+3	-5.000700E+0	-2.214760E-1	2.257897E+4	2.888905E+4	1.385300E-2	4.002000E-1	9.910000E+37	-2.214760E-1	-4.474525E+41	7.153685E+42	1.385300E-2	9.910000E+37	1.000000E-1	0.000000E+0	1.000000E+0	1.000000E+1	1.000000E+0	1.000000E+1	1.000000E+0	1.170000E+2
2.624200E+0	-5.200000E+3	-5.199900E+0	-2.314220E-1	2.246934E+4	2.892568E+4	1.383200E-2	4.001000E-1	9.910000E+37	-2.314220E-1	-4.282220E+41	7.164546E+42	1.383200E-2	9.910000E+37	1.000000E-1	0.000000E+0	1.000000E+0	1.000000E+1	1.000000E+0	1.000000E+1	1.000000E+0	1.180000E+2
2.645868E+0	-5.400000E+3	-5.399700E+0	-2.406380E-1	2.243910E+4	2.880208E+4	1.387400E-2	3.996000E-1	9.910000E+37	-2.406380E-1	-4.118219E+41	7.142857E+42	1.387400E-2	9.910000E+37	1.000000E-1	0.000000E+0	1.000000E+0	1.000000E+1	1.000000E+0	1.000000E+1	1.000000E+0	1.190000E+2
2.667569E+0	-5.600000E+3	-5.601600E+0	-2.503240E-1	2.237740E+4	2.909818E+4	1.375000E-2	4.001000E-1	9.910000E+37	-2.503240E-1	-3.958869E+41	7.207273E+42	1.375000E-2	9.910000E+37	1.000000E-1	0.000000E+0	1.000000E+0	1.000000E+1	1.000000E+0	1.000000E+1	1.000000E+0	1.200000E+2
2.689287E+0	-5.800000E+3	-5.799400E+0	-2.594720E-1	2.235077E+4	2.920839E+4	1.368100E-2	3.996000E-1	9.910000E+37	-2.594720E-1	-3.819295E+41	7.243623E+42	1.368100E-2	9.910000E+37	1.000000E-1	0.000000E+0	1.000000E+0	1.000000E+1	1.000000E+0	1.000000E+1	1.000000E+0	1.210000E+2
2.710805E+0	-6.000000E+3	-5.999600E+0	-2.688620E-1	2.231479E+4	2.914873E+4	1.370900E-2	3.996000E-1	9.910000E+37	-2.688620E-1	-3.685906E+41	7.228828E+42	1.370900E-2	9.910000E+37	1.000000E-1	0.000000E+0	1.000000E+0	1.000000E+1	1.000000E+0	1.000000E+1	1.000000E+0	1.220000E+2
2.732556E+0	-6.200000E+3	-6.199200E+0	-2.780660E-1	2.229399E+4	2.932336E+4	1.364100E-2	4.000000E-1	9.910000E+37	-2.780660E-1	-3.563902E+41	7.264863E+42	1.364100E-2	9.910000E+37	1.000000E-1	0.000000E+0	1.000000E+0	1.000000E+1	1.000000E+0	1.000000E+1	1.000000E+0	1.230000E+2
2.754108E+0	-6.400000E+3	-6.400200E+0	-2.875240E-1	2.225971E+4	2.908906E+4	1.374400E-2	3.998000E-1	9.910000E+37	-2.875240E-1	-3.446669E+41	7.210419E+42	1.374400E-2	9.910000E+37	1.000000E-1	0.000000E+0	1.000000E+0	1.000000E+1	1.000000E+0	1.000000E+1	1.000000E+0	1.240000E+2
2.775659E+0	-6.600000E+3	-6.600300E+0	-2.969240E-1	2.222892E+4	2.953100E+4	1.351800E-2	3.992000E-1	9.910000E+37	-2.969240E-1	-3.337554E+41	7.330966E+42	1.351800E-2	9.910000E+37	1.000000E-1	0.000000E+0	1.000000E+0	1.000000E+1	1.000000E+0	1.000000E+1	1.000000E+0	1.250000E+2
2.797260E+0	-6.800000E+3	-6.799000E+0	-3.063070E-1	2.219669E+4	2.925419E+4	1.366300E-2	3.997000E-1	9.910000E+37	-3.063070E-1	-3.235316E+41	7.253165E+42	1.366300E-2	9.910000E+37	1.000000E-1	0.000000E+0	1.000000E+0	1.000000E+1	1.000000E+0	1.000000E+1	1.000000E+0	1.260000E+2
2.818878E+0	-7.000000E+3	-6.999800E+0	-3.161780E-1	2.213880E+4	2.960166E+4	1.350600E-2	3.998000E-1	9.910000E+37	-3.161780E-1	-3.134310E+41	7.337480E+42	1.350600E-2	9.910000E+37	1.000000E-1	0.000000E+0	1.000000E+0	1.000000E+1	1.000000E+0	1.000000E+1	1.000000E+0	1.270000E+2
2.840646E+0	-7.200000E+3	-7.200300E+0	-3.253890E-1	2.212828E+4	2.949077E+4	1.355000E-2	3.996000E-1	9.910000E+37	-3.253890E-1	-3.045585E+41	7.313653E+42	1.355000E-2	9.910000E+37	1.000000E-1	0.000000E+0	1.000000E+0	1.000000E+1	1.000000E+0	1.000000E+1	1.000000E+0	1.280000E+2
2.862314E+0	-7.400000E+3	-7.399400E+0	-3.344140E-1	2.212647E+4	2.985800E+4	1.338000E-2	3.995000E-1	9.910000E+37	-3.344140E-1	-2.963393E+41	7.406577E+42	1.338000E-2	9.910000E+37	1.000000E-1	0.000000E+0	1.000000E+0	1.000000E+1	1.000000E+0	1.000000E+1	1.000000E+0	1.290000E+2
2.884048E+0	-7.600000E+3	-7.600600E+0	-3.436340E-1	2.211830E+4	2.968424E+4	1.342800E-2	3.986000E-1	9.910000E+37	-3.436340E-1	-2.883882E+41	7.380101E+42	1.342800E-2	9.910000E+37	1.000000E-1	0.000000E+0	1.000000E+0	1.000000E+1	1.000000E+0	1.000000E+1	1.000000E+0	1.300000E+2
2.905516E+0	-7.800000E+3	-7.800200E+0	-3.521540E-1	2.214997E+4	2.958882E+4	1.352200E-2	4.001000E-1	9.910000E+37	-3.521540E-1	-2.814110E+41	7.328798E+42	1.352200E-2	9.910000E+37	1.000000E-1	0.000000E+0	1.000000E+0	1.000000E+1	1.000000E+0	1.000000E+1	1.000000E+0	1.310000E+2
2.927234E+0	-8.000000E+3	-7.999700E+0	-3.601130E-1	2.221442E+4	2.991849E+4	1.337300E-2	4.001000E-1	9.910000E+37	-3.601130E-1	-2.751914E+41	7.410454E+42	1.337300E-2	9.910000E+37	1.000000E-1	0.000000E+0	1.000000E+0	1.000000E+1	1.000000E+0	1.000000E+1	1.000000E+0	1.320000E+2
2.948852E+0	-8.200000E+3	-8.200000E+0	-3.673770E-1	2.232040E+4	3.021344E+4	1.325900E-2	4.006000E-1	9.910000E+37	-3.673770E-1	-2.697501E+41	7.474168E+42	1.325900E-2	9.910000E+37	1.000000E-1	0.000000E+0	1.000000E+0	1.000000E+1	1.000000E+0	1.000000E+1	1.000000E+0	1.330000E+2
2.970303E+0	-8.400000E+3	-8.401400E+0	-3.746310E-1	2.242580E+4	3.020433E+4	1.326300E-2	4.006000E-1	9.910000E+37	-3.746310E-1	-2.645270E+41	7.471914E+42	1.326300E-2	9.910000E+37	1.000000E-1	0.000000E+0	1.000000E+0	1.000000E+1	1.000000E+0	1.000000E+1	1.000000E+0	1.340000E+2
2.991888E+0	-8.600000E+3	-8.599500E+0	-3.808970E-1	2.257697E+4	3.017404E+4	1.327300E-2	4.005000E-1	9.910000E+37	-3.808970E-1	-2.601753E+41	7.466285E+42	1.327300E-2	9.910000E+37	1.000000E-1	0.000000E+0	1.000000E+0	1.000000E+1	1.000000E+0	1.000000E+1	1.000000E+0	1.350000E+2
3.013439E+0	-8.800000E+3	-8.800800E+0	-3.870040E-1	2.274085E+4	3.109519E+4	1.283800E-2	3.992000E-1	9.910000E+37	-3.870040E-1	-2.560697E+41	7.719271E+42	1.283800E-2	9.910000E+37	1.000000E-1	0.000000E+0	1.000000E+0	1.000000E+1	1.000000E+0	1.000000E+1	1.000000E+0	1.360000E+2
3.035207E+0	-9.000000E+3	-9.000700E+0	-3.930460E-1	2.289986E+4	3.088496E+4	1.296100E-2	4.003000E-1	9.910000E+37	-3.930460E-1	-2.521333E+41	7.646015E+42	1.296100E-2	9.910000E+37	1.000000E-1	0.000000E+0	1.000000E+0	1.000000E+1	1.000000E+0	1.000000E+1	1.000000E+0	1.370000E+2
3.057058E+0	-9.000000E+3	-9.000800E+0	-3.889460E-1	2.314152E+4	3.094334E+4	1.290100E-2	3.992000E-1	9.910000E+37	-3.889460E-1	-2.547912E+41	7.681575E+42	1.290100E-2	9.910000E+37	1.000000E-1	0.000000E+0	1.000000E+0	1.000000E+1	1.000000E+0	1.000000E+1	1.000000E+0	1.380000E+2
3.078676E+0	-8.800000E+3	-8.800700E+0	-3.758180E-1	2.341745E+4	3.159725E+4	1.265300E-2	3.998000E-1	9.910000E+37	-3.758180E-1	-2.636915E+41	7.832135E+42	1.265300E-2	9.910000E+37	1.000000E-1	0.000000E+0	1.000000E+0	1.000000E+1	1.000000E+0	1.000000E+1	1.000000E+0	1.390000E+2
3.100194E+0	-8.600000E+3	-8.600000E+0	-3.632020E-1	2.367828E+4	3.215119E+4	1.243500E-2	3.998000E-1	9.910000E+37	-3.632020E-1	-2.728509E+41	7.969441E+42	1.243500E-2	9.910000E+37	1.000000E-1	0.000000E+0	1.000000E+0	1.000000E+1	1.000000E+0	1.000000E+1	1.000000E+0	1.400000E+2
3.121812E+0	-8.400000E+3	-8.400300E+0	-3.513720E-1	2.390714E+4	3.162813E+4	1.262800E-2	3.994000E-1	9.910000E+37	-3.513720E-1	-2.820373E+41	7.847640E+42	1.262800E-2	9.910000E+37	1.000000E-1	0.000000E+0	1.000000E+0	1.000000E+1	1.000000E+0	1.000000E+1	1.000000E+0	1.410000E+2
3.143513E+0	-8.200000E+3	-8.200300E+0	-3.401300E-1	2.410931E+4	3.162055E+4	1.265000E-2	4.000000E-1	9.910000E+37	-3.401300E-1	-2.913592E+41	7.833992E+42	1.265000E-2	9.910000E+37	1.000000E-1	0.000000E+0	1.000000E+0	1.000000E+1	1.000000E+0	1.000000E+1	1.000000E+0	1.420000E+2
3.165014E+0	-8.000000E+3	-8.001400E+0	-3.293360E-1	2.429555E+4	3.148686E+4	1.274500E-2	4.013000E-1	9.910000E+37	-3.293360E-1	-3.009085E+41	7.775598E+42	1.274500E-2	9.910000E+37	1.000000E-1	0.000000E+0	1.000000E+0	1.000000E+1	1.000000E+0	1.000000E+1	1.000000E+0	1.430000E+2
3.186599E+0	-7.800000E+3	-7.800100E+0	-3.185100E-1	2.448934E+4	3.193345E+4	1.250100E-2	3.992000E-1	9.910000E+37	-3.185100E-1	-3.111362E+41	7.927366E+42	1.250100E-2	9.910000E+37	1.000000E-1	0.000000E+0	1.000000E+0	1.000000E+1	1.000000E+0	1.000000E+1	1.000000E+0	1.440000E+2
3.208250E+0	-7.600000E+3	-7.600700E+0	-3.082260E-1	2.465950E+4	3.174164E+4	1.264900E-2	4.015000E-1	9.910000E+37	-3.082260E-1	-3.215173E+41	7.834611E+42	1.264900E-2	9.910000E+37	1.000000E-1	0.000000E+0	1.000000E+0	1.000000E+1	1.000000E+0	1.000000E+1	1.000000E+0	1.450000E+2
3.229801E+0	-7.400000E+3	-7.400000E+0	-2.981910E-1	2.481631E+4	3.182325E+4	1.256000E-2	3.997000E-1	9.910000E+37	-2.981910E-1	-3.323373E+41	7.890127E+42	1.256000E-2	9.910000E+37	1.000000E-1	0.000000E+0	1.000000E+0	1.000000E+1	1.000000E+0	1.000000E+1	1.000000E+0	1.460000E+2
3.251503E+0	-7.200000E+3	-7.200400E+0	-2.884220E-1	2.496481E+4	3.235032E+4	1.234300E-2	3.993000E-1	9.910000E+37	-2.884220E-1	-3.435938E+41	8.028842E+42	1.234300E-2	9.910000E+37	1.000000E-1	0.000000E+0	1.000000E+0	1.000000E+1	1.000000E+0	1.000000E+1	1.000000E+0	1.470000E+2
3.272971E+0	-7.000000E+3	-6.999300E+0	-2.789910E-1	2.508791E+4	3.194954E+4	1.252600E-2	4.002000E-1	9.910000E+37	-2.789910E-1	-3.552086E+41	7.911544E+42	1.252600E-2	9.910000E+37	1.000000E-1	0.000000E+0	1.000000E+0	1.000000E+1	1.000000E+0	1.000000E+1	1.000000E+0	1.480000E+2
3.294672E+0	-6.800000E+3	-6.799700E+0	-2.696840E-1	2.521358E+4	3.223885E+4	1.242600E-2	4.006000E-1	9.910000E+37	-2.696840E-1	-3.674671E+41	7.975213E+42	1.242600E-2	9.910000E+37	1.000000E-1	0.000000E+0	1.000000E+0	1.000000E+1	1.000000E+0	1.000000E+1	1.000000E+0	1.490000E+2
3.316356E+0	-6.600000E+3	-6.599000E+0	-2.607820E-1	2.530466E+4	3.236649E+4	1.237700E-2	4.006000E-1	9.910000E+37	-2.607820E-1	-3.800109E+41	8.006787E+42	1.237700E-2	9.910000E+37	1.000000E-1	0.000000E+0	1.000000E+0	1.000000E+1	1.000000E+0	1.000000E+1	1.000000E+0	1.500000E+2
3.337774E+0	-6.400000E+3	-6.401400E+0	-2.521440E-1	2.538787E+4	3.172879E+4	1.261000E-2	4.001000E-1	9.910000E+37	-2.521440E-1	-3.930294E+41	7.858842E+42	1.261000E-2	9.910000E+37	1.000000E-1	0.000000E+0	1.000000E+0	1.000000E+1	1.000000E+0	1.000000E+1	1.000000E+0	1.510000E+2
3.359525E+0	-6.200000E+3	-6.199000E+0	-2.436170E-1	2.544568E+4	3.224690E+4	1.242600E-2	4.007000E-1	9.910000E+37	-2.436170E-1	-4.067861E+41	7.975213E+42	1.242600E-2	9.910000E+37	1.000000E-1	0.000000E+0	1.000000E+0	1.000000E+1	1.000000E+0	1.000000E+1	1.000000E+0	1.520000E+2
3.381210E+0	-6.000000E+3	-5.999700E+0	-2.352550E-1	2.550296E+4	3.207350E+4	1.246200E-2	3.997000E-1	9.910000E+37	-2.352550E-1	-4.212450E+41	7.952175E+42	1.246200E-2	9.910000E+37	1.000000E-1	0.000000E+0	1.000000E+0	1.000000E+1	1.000000E+0	1.000000E+1	1.000000E+0	1.530000E+2
3.402878E+0	-5.800000E+3	-5.799600E+0	-2.268020E-1	2.557120E+4	3.202112E+4	1.249800E-2	4.002000E-1	9.910000E+37	-2.268020E-1	-4.369450E+41	7.929269E+42	1.249800E-2	9.910000E+37	1.000000E-1	0.000000E+0	1.000000E+0	1.000000E+1	1.000000E+0	1.000000E+1	1.000000E+0	1.540000E+2
3.424713E+0	-5.600000E+3	-5.600000E+0	-2.186950E-1	2.560644E+4	3.218511E+4	1.242500E-2	3.999000E-1	9.910000E+37	-2.186950E-1	-4.531425E+41	7.975855E+42	1.242500E-2	9.910000E+37	1.000000E-1	0.000000E+0	1.000000E+0	1.000000E+1	1.000000E+0	1.000000E+1	1.000000E+0	1.550000E+2
3.446330E+0	-5.400000E+3	-5.400300E+0	-2.103700E-1	2.567049E+4	3.203012E+4	1.248200E-2	3.998000E-1	9.910000E+37	-2.103700E-1	-4.710748E+41	7.939433E+42	1.248200E-2	9.910000E+37	1.000000E-1	0.000000E+0	1.000000E+0	1.000000E+1	1.000000E+0	1.000000E+1	1.000000E+0	1.560000E+2
3.467915E+0	-5.200000E+3	-5.199700E+0	-2.021100E-1	2.572708E+4	3.205600E+4	1.250000E-2	4.007000E-1	9.910000E+37	-2.021100E-1	-4.903270E+41	7.928000E+42	1.250000E-2	9.910000E+37	1.000000E-1	0.000000E+0	1.000000E+0	1.000000E+1	1.000000E+0	1.000000E+1	1.000000E+0	1.570000E+2
3.489600E+0	-5.000000E+3	-5.000800E+0	-1.940620E-1	2.576908E+4	3.204101E+4	1.248400E-2	4.000000E-1	9.910000E+37	-1.940620E-1	-5.106615E+41	7.938161E+42	1.248400E-2	9.910000E+37	1.000000E-1	0.000000E+0	1.000000E+0	1.000000E+1	1.000000E+0	1.000000E+1	1.000000E+0	1.580000E+2
3.511084E+0	-4.800000E+3	-4.801500E+0	-1.859600E-1	2.582007E+4	3.190776E+4	1.253300E-2	3.999000E-1	9.910000E+37	-1.859600E-1	-5.329103E+41	7.907125E+42	1.253300E-2	9.910000E+37	1.000000E-1	0.000000E+0	1.000000E+0	1.000000E+1	1.000000E+0	1.000000E+1	1.000000E+0	1.590000E+2
3.532602E+0	-4.600000E+3	-4.601000E+0	-1.776100E-1	2.590507E+4	3.224374E+4	1.239000E-2	3.995000E-1	9.910000E+37	-1.776100E-1	-5.579641E+41	7.998386E+42	1.239000E-2	9.910000E+37	1.000000E-1	0.000000E+0	1.000000E+0	1.000000E+1	1.000000E+0	1.000000E+1	1.000000E+0	1.600000E+2
3.554103E+0	-4.400000E+3	-4.400100E+0	-1.695400E-1	2.595317E+4	3.197409E+4	1.250700E-2	3.999000E-1	9.910000E+37	-1.695400E-1	-5.845228E+41	7.923563E+42	1.250700E-2	9.910000E+37	1.000000E-1	0.000000E+0	1.000000E+0	1.000000E+1	1.000000E+0	1.000000E+1	1.000000E+0	1.610000E+2
3.575688E+0	-4.200000E+3	-4.200500E+0	-1.614000E-1	2.602540E+4	3.149445E+4	1.270700E-2	4.002000E-1	9.910000E+37	-1.614000E-1	-6.140025E+41	7.798851E+42	1.270700E-2	9.910000E+37	1.000000E-1	0.000000E+0	1.000000E+0	1.000000E+1	1.000000E+0	1.000000E+1	1.000000E+0	1.620000E+2
3.597289E+0	-4.000000E+3	-4.000100E+0	-1.531410E-1	2.612037E+4	3.170248E+4	1.261100E-2	3.998000E-1	9.910000E+37	-1.531410E-1	-6.471161E+41	7.858219E+42	1.261100E-2	9.910000E+37	1.000000E-1	0.000000E+0	1.000000E+0	1.000000E+1	1.000000E+0	1.000000E+1	1.000000E+0	1.630000E+2
3.618757E+0	-3.800000E+3	-3.801000E+0	-1.450090E-1	2.621217E+4	3.189607E+4	1.254700E-2	4.002000E-1	9.910000E+37	-1.450090E-1	-6.834059E+41	7.898302E+42	1.254700E-2	9.910000E+37	1.000000E-1	0.000000E+0	1.000000E+0	1.000000E+1	1.000000E+0	1.000000E+1	1.000000E+0	1.640000E+2
3.640242E+0	-3.600000E+3	-3.601000E+0	-1.368290E-1	2.631752E+4	3.181927E+4	1.257100E-2	4.000000E-1	9.910000E+37	-1.368290E-1	-7.242617E+41	7.883223E+42	1.257100E-2	9.910000E+37	1.000000E-1	0.000000E+0	1.000000E+0	1.000000E+1	1.000000E+0	1.000000E+1	1.000000E+0	1.650000E+2
3.661793E+0	-3.400000E+3	-3.399900E+0	-1.284870E-1	2.646104E+4	3.214886E+4	1.249500E-2	4.017000E-1	9.910000E+37	-1.284870E-1	-7.712843E+41	7.931172E+42	1.249500E-2	9.910000E+37	1.000000E-1	0.000000E+0	1.000000E+0	1.000000E+1	1.000000E+0	1.000000E+1	1.000000E+0	1.660000E+2
3.683394E+0	-3.200000E+3	-3.199500E+0	-1.203580E-1	2.658319E+4	3.155777E+4	1.267200E-2	3.999000E-1	9.910000E+37	-1.203580E-1	-8.233769E+41	7.820391E+42	1.267200E-2	9.910000E+37	1.000000E-1	0.000000E+0	1.000000E+0	1.000000E+1	1.000000E+0	1.000000E+1	1.000000E+0	1.670000E+2
3.704995E+0	-3.000000E+3	-3.000800E+0	-1.124060E-1	2.669608E+4	3.173359E+4	1.262700E-2	4.007000E-1	9.910000E+37	-1.124060E-1	-8.816255E+41	7.848262E+42	1.262700E-2	9.910000E+37	1.000000E-1	0.000000E+0	1.000000E+0	1.000000E+1	1.000000E+0	1.000000E+1	1.000000E+0	1.680000E+2
3.726696E+0	-2.800000E+3	-2.799300E+0	-1.040850E-1	2.689437E+4	3.192661E+4	1.253500E-2	4.002000E-1	9.910000E+37	-1.040850E-1	-9.521065E+41	7.905864E+42	1.253500E-2	9.910000E+37	1.000000E-1	0.000000E+0	1.000000E+0	1.000000E+1	1.000000E+0	1.000000E+1	1.000000E+0	1.690000E+2
3.748281E+0	-2.600000E+3	-2.598600E+0	-9.610200E-2	2.704002E+4	3.165599E+4	1.263900E-2	4.001000E-1	9.910000E+37	-9.610200E-2	-1.031196E+42	7.840810E+42	1.263900E-2	9.910000E+37	1.000000E-1	0.000000E+0	1.000000E+0	1.000000E+1	1.000000E+0	1.000000E+1	1.000000E+0	1.700000E+2
3.770066E+0	-2.400000E+3	-2.400800E+0	-8.829500E-2	2.719067E+4	3.162021E+4	1.262800E-2	3.993000E-1	9.910000E+37	-8.829500E-2	-1.122374E+42	7.847640E+42	1.262800E-2	9.910000E+37	1.000000E-1	0.000000E+0	1.000000E+0	1.000000E+1	1.000000E+0	1.000000E+1	1.000000E+0	1.710000E+2
3.791767E+0	-2.200000E+3	-2.200500E+0	-8.038900E-2	2.737315E+4	3.155738E+4	1.268800E-2	4.004000E-1	9.910000E+37	-8.038900E-2	-1.232756E+42	7.810530E+42	1.268800E-2	9.910000E+37	1.000000E-1	0.000000E+0	1.000000E+0	1.000000E+1	1.000000E+0	1.000000E+1	1.000000E+0	1.720000E+2
3.813218E+0	-2.000000E+3	-1.999700E+0	-7.248900E-2	2.758625E+4	3.161428E+4	1.266200E-2	4.003000E-1	9.910000E+37	-7.248900E-2	-1.367104E+42	7.826568E+42	1.266200E-2	9.910000E+37	1.000000E-1	0.000000E+0	1.000000E+0	1.000000E+1	1.000000E+0	1.000000E+1	1.000000E+0	1.730000E+2
3.834636E+0	-1.800000E+3	-1.799800E+0	-6.468000E-2	2.782622E+4	3.129884E+4	1.279600E-2	4.005000E-1	9.910000E+37	-6.468000E-2	-1.532158E+42	7.744608E+42	1.279600E-2	9.910000E+37	1.000000E-1	0.000000E+0	1.000000E+0	1.000000E+1	1.000000E+0	1.000000E+1	1.000000E+0	1.740000E+2
3.856304E+0	-1.600000E+3	-1.600400E+0	-5.686600E-2	2.814335E+4	3.169008E+4	1.259700E-2	3.992000E-1	9.910000E+37	-5.686600E-2	-1.742693E+42	7.866952E+42	1.259700E-2	9.910000E+37	1.000000E-1	0.000000E+0	1.000000E+0	1.000000E+1	1.000000E+0	1.000000E+1	1.000000E+0	1.750000E+2
3.877805E+0	-1.400000E+3	-1.400700E+0	-4.924800E-2	2.844176E+4	3.147172E+4	1.271300E-2	4.001000E-1	9.910000E+37	-4.924800E-2	-2.012264E+42	7.795170E+42	1.271300E-2	9.910000E+37	1.000000E-1	0.000000E+0	1.000000E+0	1.000000E+1	1.000000E+0	1.000000E+1	1.000000E+0	1.760000E+2
3.899290E+0	-1.200000E+3	-1.201300E+0	-4.194200E-2	2.864193E+4	3.159059E+4	1.266200E-2	4.000000E-1	9.910000E+37	-4.194200E-2	-2.362787E+42	7.826568E+42	1.266200E-2	9.910000E+37	1.000000E-1	0.000000E+0	1.000000E+0	1.000000E+1	1.000000E+0	1.000000E+1	1.000000E+0	1.770000E+2
3.920874E+0	-1.000000E+3	-9.993000E-1	-3.455600E-2	2.891828E+4	3.133568E+4	1.276500E-2	4.000000E-1	9.910000E+37	-3.455600E-2	-2.867809E+42	7.763416E+42	1.276500E-2	9.910000E+37	1.000000E-1	0.000000E+0	1.000000E+0	1.000000E+1	1.000000E+0	1.000000E+1	1.000000E+0	1.780000E+2
3.942592E+0	-8.000000E+2	-8.010000E-1	-2.732800E-2	2.931060E+4	3.138223E+4	1.276200E-2	4.005000E-1	9.910000E+37	-2.732800E-2	-3.626317E+42	7.765241E+42	1.276200E-2	9.910000E+37	1.000000E-1	0.000000E+0	1.000000E+0	1.000000E+1	1.000000E+0	1.000000E+1	1.000000E+0	1.790000E+2
3.964277E+0	-6.000000E+2	-6.005000E-1	-2.028400E-2	2.960461E+4	3.148601E+4	1.268500E-2	3.994000E-1	9.910000E+37	-2.028400E-2	-4.885624E+42	7.812377E+42	1.268500E-2	9.910000E+37	1.000000E-1	0.000000E+0	1.000000E+0	1.000000E+1	1.000000E+0	1.000000E+1	1.000000E+0	1.800000E+2
3.985861E+0	-4.000000E+2	-3.996000E-1	-1.346600E-2	2.967474E+4	3.134890E+4	1.276600E-2	4.002000E-1	9.910000E+37	-1.346600E-2	-7.359275E+42	7.762807E+42	1.276600E-2	9.910000E+37	1.000000E-1	0.000000E+0	1.000000E+0	1.000000E+1	1.000000E+0	1.000000E+1	1.000000E+0	1.810000E+2
4.007513E+0	-2.000000E+2	-1.996000E-1	-6.834000E-3	2.920691E+4	3.165519E+4	1.263300E-2	3.999000E-1	9.910000E+37	-6.834000E-3	-1.450102E+43	7.844534E+42	1.263300E-2	9.910000E+37	1.000000E-1	0.000000E+0	1.000000E+0	1.000000E+1	1.000000E+0	1.000000E+1	1.000000E+0	1.820000E+2
4.029180E+0	0.000000E+0	1.000000E-4	-2.390000E-4	-4.184100E+2	3.159473E+4	1.267300E-2	4.004000E-1	9.910000E+37	-2.390000E-4	-4.146444E+44	7.819774E+42	1.267300E-2	9.910000E+37	1.000000E-1	0.000000E+0	1.000000E+0	1.000000E+1	1.000000E+0	1.000000E+1	1.000000E+0	1.830000E+2
4.050815E+0	2.000000E+2	2.003000E-1	6.043000E-3	3.314579E+4	3.162853E+4	1.263100E-2	3.995000E-1	9.910000E+37	6.043000E-3	1.639914E+43	7.845776E+42	1.263100E-2	9.910000E+37	1.000000E-1	0.000000E+0	1.000000E+0	1.000000E+1	1.000000E+0	1.000000E+1	1.000000E+0	1.840000E+2
4.072683E+0	4.000000E+2	4.005000E-1	1.276600E-2	3.137240E+4	3.097872E+4	1.292500E-2	4.004000E-1	9.910000E+37	1.276600E-2	7.762807E+42	7.667311E+42	1.292500E-2	9.910000E+37	1.000000E-1	0.000000E+0	1.000000E+0	1.000000E+1	1.000000E+0	1.000000E+1	1.000000E+0	1.850000E+2
4.094434E+0	6.000000E+2	5.985000E-1	1.949400E-2	3.070175E+4	3.132341E+4	1.277000E-2	4.000000E-1	9.910000E+37	1.949400E-2	5.083615E+42	7.760376E+42	1.277000E-2	9.910000E+37	1.000000E-1	0.000000E+0	1.000000E+0	1.000000E+1	1.000000E+0	1.000000E+1	1.000000E+0	1.860000E+2
4.116085E+0	8.000000E+2	8.003000E-1	2.660300E-2	3.008307E+4	3.142296E+4	1.272000E-2	3.997000E-1	9.910000E+37	2.660300E-2	3.725144E+42	7.790881E+42	1.272000E-2	9.910000E+37	1.000000E-1	0.000000E+0	1.000000E+0	1.000000E+1	1.000000E+0	1.000000E+1	1.000000E+0	1.870000E+2
4.137803E+0	1.000000E+3	1.000800E+0	3.401500E-2	2.942231E+4	3.117927E+4	1.281300E-2	3.995000E-1	9.910000E+37	3.401500E-2	2.913421E+42	7.734332E+42	1.281300E-2	9.910000E+37	1.000000E-1	0.000000E+0	1.000000E+0	1.000000E+1	1.000000E+0	1.000000E+1	1.000000E+0	1.880000E+2
4.159671E+0	1.200000E+3	1.199600E+0	4.120400E-2	2.911368E+4	3.091750E+4	1.297000E-2	4.010000E-1	9.910000E+37	4.120400E-2	2.405106E+42	7.640709E+42	1.297000E-2	9.910000E+37	1.000000E-1	0.000000E+0	1.000000E+0	1.000000E+1	1.000000E+0	1.000000E+1	1.000000E+0	1.890000E+2
4.181406E+0	1.400000E+3	1.401000E+0	4.884100E-2	2.868492E+4	3.109401E+4	1.286100E-2	3.999000E-1	9.910000E+37	4.884100E-2	2.029033E+42	7.705466E+42	1.286100E-2	9.910000E+37	1.000000E-1	0.000000E+0	1.000000E+0	1.000000E+1	1.000000E+0	1.000000E+1	1.000000E+0	1.900000E+2
4.203190E+0	1.600000E+3	1.601400E+0	5.647300E-2	2.835691E+4	3.130421E+4	1.279700E-2	4.006000E-1	9.910000E+37	5.647300E-2	1.754821E+42	7.744003E+42	1.279700E-2	9.910000E+37	1.000000E-1	0.000000E+0	1.000000E+0	1.000000E+1	1.000000E+0	1.000000E+1	1.000000E+0	1.910000E+2
4.224892E+0	1.800000E+3	1.801200E+0	6.405700E-2	2.811871E+4	3.122356E+4	1.276600E-2	3.986000E-1	9.910000E+37	6.405700E-2	1.547060E+42	7.762807E+42	1.276600E-2	9.910000E+37	1.000000E-1	0.000000E+0	1.000000E+0	1.000000E+1	1.000000E+0	1.000000E+1	1.000000E+0	1.920000E+2
4.246726E+0	2.000000E+3	2.001300E+0	7.187000E-2	2.784611E+4	3.138915E+4	1.275600E-2	4.004000E-1	9.910000E+37	7.187000E-2	1.378879E+42	7.768893E+42	1.275600E-2	9.910000E+37	1.000000E-1	0.000000E+0	1.000000E+0	1.000000E+1	1.000000E+0	1.000000E+1	1.000000E+0	1.930000E+2
4.268377E+0	2.200000E+3	2.200100E+0	7.968500E-2	2.760996E+4	3.129688E+4	1.280000E-2	4.006000E-1	9.910000E+37	7.968500E-2	1.243647E+42	7.742188E+42	1.280000E-2	9.910000E+37	1.000000E-1	0.000000E+0	1.000000E+0	1.000000E+1	1.000000E+0	1.000000E+1	1.000000E+0	1.940000E+2
4.290112E+0	2.400000E+3	2.399600E+0	8.766400E-2	2.737270E+4	3.088009E+4	1.297600E-2	4.007000E-1	9.910000E+37	8.766400E-2	1.130453E+42	7.637176E+42	1.297600E-2	9.910000E+37	1.000000E-1	0.000000E+0	1.000000E+0	1.000000E+1	1.000000E+0	1.000000E+1	1.000000E+0	1.950000E+2
4.311680E+0	2.600000E+3	2.601500E+0	9.573900E-2	2.717283E+4	3.117085E+4	1.287100E-2	4.012000E-1	9.910000E+37	9.573900E-2	1.035106E+42	7.699479E+42	1.287100E-2	9.910000E+37	1.000000E-1	0.000000E+0	1.000000E+0	1.000000E+1	1.000000E+0	1.000000E+1	1.000000E+0	1.960000E+2
4.333131E+0	2.800000E+3	2.799900E+0	1.037820E-1	2.697867E+4	3.153955E+4	1.269200E-2	4.003000E-1	9.910000E+37	1.037820E-1	9.548862E+41	7.808068E+42	1.269200E-2	9.910000E+37	1.000000E-1	0.000000E+0	1.000000E+0	1.000000E+1	1.000000E+0	1.000000E+1	1.000000E+0	1.970000E+2
4.354799E+0	3.000000E+3	3.000400E+0	1.119400E-1	2.680364E+4	3.130040E+4	1.277300E-2	3.998000E-1	9.910000E+37	1.119400E-1	8.852957E+41	7.758553E+42	1.277300E-2	9.910000E+37	1.000000E-1	0.000000E+0	1.000000E+0	1.000000E+1	1.000000E+0	1.000000E+1	1.000000E+0	1.980000E+2
4.376367E+0	3.200000E+3	3.200500E+0	1.202440E-1	2.661671E+4	3.165018E+4	1.263500E-2	3.999000E-1	9.910000E+37	1.202440E-1	8.241575E+41	7.843292E+42	1.263500E-2	9.910000E+37	1.000000E-1	0.000000E+0	1.000000E+0	1.000000E+1	1.000000E+0	1.000000E+1	1.000000E+0	1.990000E+2
4.398052E+0	3.400000E+3	3.400300E+0	1.284950E-1	2.646251E+4	3.152337E+4	1.268900E-2	4.000000E-1	9.910000E+37	1.284950E-1	7.712362E+41	7.809914E+42	1.268900E-2	9.910000E+37	1.000000E-1	0.000000E+0	1.000000E+0	1.000000E+1	1.000000E+0	1.000000E+1	1.000000E+0	2.000000E+2
4.419736E+0	3.600000E+3	3.600100E+0	1.368640E-1	2.630421E+4	3.145864E+4	1.273100E-2	4.005000E-1	9.910000E+37	1.368640E-1	7.240765E+41	7.784149E+42	1.273100E-2	9.910000E+37	1.000000E-1	0.000000E+0	1.000000E+0	1.000000E+1	1.000000E+0	1.000000E+1	1.000000E+0	2.010000E+2
4.441104E+0	3.800000E+3	3.799500E+0	1.452430E-1	2.615961E+4	3.155527E+4	1.267300E-2	3.999000E-1	9.910000E+37	1.452430E-1	6.823048E+41	7.819774E+42	1.267300E-2	9.910000E+37	1.000000E-1	0.000000E+0	1.000000E+0	1.000000E+1	1.000000E+0	1.000000E+1	1.000000E+0	2.020000E+2
4.462739E+0	4.000000E+3	4.000600E+0	1.536150E-1	2.604303E+4	3.165627E+4	1.266100E-2	4.008000E-1	9.910000E+37	1.536150E-1	6.451193E+41	7.827186E+42	1.266100E-2	9.910000E+37	1.000000E-1	0.000000E+0	1.000000E+0	1.000000E+1	1.000000E+0	1.000000E+1	1.000000E+0	2.030000E+2
4.484406E+0	4.200000E+3	4.200900E+0	1.621460E-1	2.590813E+4	3.181529E+4	1.256000E-2	3.996000E-1	9.910000E+37	1.621460E-1	6.111776E+41	7.890127E+42	1.256000E-2	9.910000E+37	1.000000E-1	0.000000E+0	1.000000E+0	1.000000E+1	1.000000E+0	1.000000E+1	1.000000E+0	2.040000E+2
4.505991E+0	4.400000E+3	4.399900E+0	1.706690E-1	2.578031E+4	3.223467E+4	1.240900E-2	4.000000E-1	9.910000E+37	1.706690E-1	5.806561E+41	7.986139E+42	1.240900E-2	9.910000E+37	1.000000E-1	0.000000E+0	1.000000E+0	1.000000E+1	1.000000E+0	1.000000E+1	1.000000E+0	2.050000E+2
4.527676E+0	4.600000E+3	4.601900E+0	1.789620E-1	2.571440E+4	3.201502E+4	1.251600E-2	4.007000E-1	9.910000E+37	1.789620E-1	5.537488E+41	7.917865E+42	1.251600E-2	9.910000E+37	1.000000E-1	0.000000E+0	1.000000E+0	1.000000E+1	1.000000E+0	1.000000E+1	1.000000E+0	2.060000E+2
4.549160E+0	4.800000E+3	4.799300E+0	1.867740E-1	2.569576E+4	3.207926E+4	1.246600E-2	3.999000E-1	9.910000E+37	1.867740E-1	5.305878E+41	7.949623E+42	1.246600E-2	9.910000E+37	1.000000E-1	0.000000E+0	1.000000E+0	1.000000E+1	1.000000E+0	1.000000E+1	1.000000E+0	2.070000E+2
4.570745E+0	5.000000E+3	5.000500E+0	1.962080E-1	2.548571E+4	3.168914E+4	1.261000E-2	3.996000E-1	9.910000E+37	1.962080E-1	5.050762E+41	7.858842E+42	1.261000E-2	9.910000E+37	1.000000E-1	0.000000E+0	1.000000E+0	1.000000E+1	1.000000E+0	1.000000E+1	1.000000E+0	2.080000E+2
4.592479E+0	5.200000E+3	5.200300E+0	2.054080E-1	2.531693E+4	3.164717E+4	1.265200E-2	4.004000E-1	9.910000E+37	2.054080E-1	4.824544E+41	7.832754E+42	1.265200E-2	9.910000E+37	1.000000E-1	0.000000E+0	1.000000E+0	1.000000E+1	1.000000E+0	1.000000E+1	1.000000E+0	2.090000E+2
4.614047E+0	5.400000E+3	5.399800E+0	2.135150E-1	2.529003E+4	3.218446E+4	1.244700E-2	4.006000E-1	9.910000E+37	2.135150E-1	4.641360E+41	7.961758E+42	1.244700E-2	9.910000E+37	1.000000E-1	0.000000E+0	1.000000E+0	1.000000E+1	1.000000E+0	1.000000E+1	1.000000E+0	2.100000E+2
4.635532E+0	5.600000E+3	5.600500E+0	2.219560E-1	2.523248E+4	3.203100E+4	1.251600E-2	4.009000E-1	9.910000E+37	2.219560E-1	4.464849E+41	7.917865E+42	1.251600E-2	9.910000E+37	1.000000E-1	0.000000E+0	1.000000E+0	1.000000E+1	1.000000E+0	1.000000E+1	1.000000E+0	2.110000E+2
4.657266E+0	5.800000E+3	5.799800E+0	2.301040E-1	2.520512E+4	3.218622E+4	1.243700E-2	4.003000E-1	9.910000E+37	2.301040E-1	4.306748E+41	7.968160E+42	1.243700E-2	9.910000E+37	1.000000E-1	0.000000E+0	1.000000E+0	1.000000E+1	1.000000E+0	1.000000E+1	1.000000E+0	2.120000E+2
4.678884E+0	6.000000E+3	6.001000E+0	2.403800E-1	2.496464E+4	3.125782E+4	1.278400E-2	3.996000E-1	9.910000E+37	2.403800E-1	4.122639E+41	7.751877E+42	1.278400E-2	9.910000E+37	1.000000E-1	0.000000E+0	1.000000E+0	1.000000E+1	1.000000E+0	1.000000E+1	1.000000E+0	2.130000E+2
4.700419E+0	6.200000E+3	6.200000E+0	2.507350E-1	2.472730E+4	3.185841E+4	1.254300E-2	3.996000E-1	9.910000E+37	2.507350E-1	3.952380E+41	7.900821E+42	1.254300E-2	9.910000E+37	1.000000E-1	0.000000E+0	1.000000E+0	1.000000E+1	1.000000E+0	1.000000E+1	1.000000E+0	2.140000E+2
4.721870E+0	6.400000E+3	6.399400E+0	2.600760E-1	2.460588E+4	3.152884E+4	1.270900E-2	4.007000E-1	9.910000E+37	2.600760E-1	3.810425E+41	7.797624E+42	1.270900E-2	9.910000E+37	1.000000E-1	0.000000E+0	1.000000E+0	1.000000E+1	1.000000E+0	1.000000E+1	1.000000E+0	2.150000E+2
4.743305E+0	6.600000E+3	6.600700E+0	2.684750E-1	2.458590E+4	3.023256E+4	1.324400E-2	4.004000E-1	9.910000E+37	2.684750E-1	3.691219E+41	7.482634E+42	1.324400E-2	9.910000E+37	1.000000E-1	0.000000E+0	1.000000E+0	1.000000E+1	1.000000E+0	1.000000E+1	1.000000E+0	2.160000E+2
4.765406E+0	6.800000E+3	6.801500E+0	2.832780E-1	2.400998E+4	3.075269E+4	1.302000E-2	4.004000E-1	9.910000E+37	2.832780E-1	3.498330E+41	7.611367E+42	1.302000E-2	9.910000E+37	1.000000E-1	0.000000E+0	1.000000E+0	1.000000E+1	1.000000E+0	1.000000E+1	1.000000E+0	2.170000E+2
4.786890E+0	7.000000E+3	7.000400E+0	2.923240E-1	2.394740E+4	3.085925E+4	1.298800E-2	4.008000E-1	9.910000E+37	2.923240E-1	3.390074E+41	7.630120E+42	1.298800E-2	9.910000E+37	1.000000E-1	0.000000E+0	1.000000E+0	1.000000E+1	1.000000E+0	1.000000E+1	1.000000E+0	2.180000E+2
4.808575E+0	7.200000E+3	7.201000E+0	3.019720E-1	2.384658E+4	3.030142E+4	1.320400E-2	4.001000E-1	9.910000E+37	3.019720E-1	3.281761E+41	7.505301E+42	1.320400E-2	9.910000E+37	1.000000E-1	0.000000E+0	1.000000E+0	1.000000E+1	1.000000E+0	1.000000E+1	1.000000E+0	2.190000E+2
4.830860E+0	7.400000E+3	7.400000E+0	3.113890E-1	2.376449E+4	3.059228E+4	1.308500E-2	4.003000E-1	9.910000E+37	3.113890E-1	3.182514E+41	7.573558E+42	1.308500E-2	9.910000E+37	1.000000E-1	0.000000E+0	1.000000E+0	1.000000E+1	1.000000E+0	1.000000E+1	1.000000E+0	2.200000E+2
4.852544E+0	7.600000E+3	7.600200E+0	3.212610E-1	2.365740E+4	3.047387E+4	1.312600E-2	4.000000E-1	9.910000E+37	3.212610E-1	3.084719E+41	7.549901E+42	1.312600E-2	9.910000E+37	1.000000E-1	0.000000E+0	1.000000E+0	1.000000E+1	1.000000E+0	1.000000E+1	1.000000E+0	2.210000E+2
4.874295E+0	7.800000E+3	7.799800E+0	3.312900E-1	2.354372E+4	3.021637E+4	1.321800E-2	3.994000E-1	9.910000E+37	3.312900E-1	2.991337E+41	7.497352E+42	1.321800E-2	9.910000E+37	1.000000E-1	0.000000E+0	1.000000E+0	1.000000E+1	1.000000E+0	1.000000E+1	1.000000E+0	2.220000E+2
4.896030E+0	8.000000E+3	7.999600E+0	3.408980E-1	2.346626E+4	2.998652E+4	1.335600E-2	4.005000E-1	9.910000E+37	3.408980E-1	2.907028E+41	7.419886E+42	1.335600E-2	9.910000E+37	1.000000E-1	0.000000E+0	1.000000E+0	1.000000E+1	1.000000E+0	1.000000E+1	1.000000E+0	2.230000E+2
4.917748E+0	8.200000E+3	8.199400E+0	3.508520E-1	2.336997E+4	3.004882E+4	1.331500E-2	4.001000E-1	9.910000E+37	3.508520E-1	2.824553E+41	7.442734E+42	1.331500E-2	9.910000E+37	1.000000E-1	0.000000E+0	1.000000E+0	1.000000E+1	1.000000E+0	1.000000E+1	1.000000E+0	2.240000E+2
4.939349E+0	8.400000E+3	8.400500E+0	3.604570E-1	2.330514E+4	3.000526E+4	1.330100E-2	3.991000E-1	9.910000E+37	3.604570E-1	2.749288E+41	7.450568E+42	1.330100E-2	9.910000E+37	1.000000E-1	0.000000E+0	1.000000E+0	1.000000E+1	1.000000E+0	1.000000E+1	1.000000E+0	2.250000E+2
4.960917E+0	8.600000E+3	8.599300E+0	3.701980E-1	2.322892E+4	2.972431E+4	1.345700E-2	4.000000E-1	9.910000E+37	3.701980E-1	2.676946E+41	7.364197E+42	1.345700E-2	9.910000E+37	1.000000E-1	0.000000E+0	1.000000E+0	1.000000E+1	1.000000E+0	1.000000E+1	1.000000E+0	2.260000E+2
4.982668E+0	8.800000E+3	8.801100E+0	3.804200E-1	2.313522E+4	2.964119E+4	1.346100E-2	3.990000E-1	9.910000E+37	3.804200E-1	2.605016E+41	7.362009E+42	1.346100E-2	9.910000E+37	1.000000E-1	0.000000E+0	1.000000E+0	1.000000E+1	1.000000E+0	1.000000E+1	1.000000E+0	2.270000E+2
5.004220E+0	9.000000E+3	9.000800E+0	3.903930E-1	2.305574E+4	2.986712E+4	1.339600E-2	4.001000E-1	9.910000E+37	3.903930E-1	2.538468E+41	7.397731E+42	1.339600E-2	9.910000E+37	1.000000E-1	0.000000E+0	1.000000E+0	1.000000E+1	1.000000E+0	1.000000E+1	1.000000E+0	2.280000E+2
5.025837E+0	9.000000E+3	8.999800E+0	3.901510E-1	2.306748E+4	2.961291E+4	1.351100E-2	4.001000E-1	9.910000E+37	3.901510E-1	2.540042E+41	7.334764E+42	1.351100E-2	9.910000E+37	1.000000E-1	0.000000E+0	1.000000E+0	1.000000E+1	1.000000E+0	1.000000E+1	1.000000E+0	2.290000E+2
5.047339E+0	8.800000E+3	8.800200E+0	3.797030E-1	2.317654E+4	2.994448E+4	1.332800E-2	3.991000E-1	9.910000E+37	3.797030E-1	2.609935E+41	7.435474E+42	1.332800E-2	9.910000E+37	1.000000E-1	0.000000E+0	1.000000E+0	1.000000E+1	1.000000E+0	1.000000E+1	1.000000E+0	2.300000E+2
5.068790E+0	8.600000E+3	8.600400E+0	3.692750E-1	2.328996E+4	2.972551E+4	1.344300E-2	3.996000E-1	9.910000E+37	3.692750E-1	2.683637E+41	7.371866E+42	1.344300E-2	9.910000E+37	1.000000E-1	0.000000E+0	1.000000E+0	1.000000E+1	1.000000E+0	1.000000E+1	1.000000E+0	2.310000E+2
5.090608E+0	8.400000E+3	8.398900E+0	3.589160E-1	2.340074E+4	3.002179E+4	1.330700E-2	3.995000E-1	9.910000E+37	3.589160E-1	2.761092E+41	7.447208E+42	1.330700E-2	9.910000E+37	1.000000E-1	0.000000E+0	1.000000E+0	1.000000E+1	1.000000E+0	1.000000E+1	1.000000E+0	2.320000E+2
5.112309E+0	8.200000E+3	8.200800E+0	3.486250E-1	2.352327E+4	2.975526E+4	1.344300E-2	4.000000E-1	9.910000E+37	3.486250E-1	2.842596E+41	7.371866E+42	1.344300E-2	9.910000E+37	1.000000E-1	0.000000E+0	1.000000E+0	1.000000E+1	1.000000E+0	1.000000E+1	1.000000E+0	2.330000E+2
5.133927E+0	8.000000E+3	8.000500E+0	3.387000E-1	2.362120E+4	2.964858E+4	1.348800E-2	3.999000E-1	9.910000E+37	3.387000E-1	2.925893E+41	7.347272E+42	1.348800E-2	9.910000E+37	1.000000E-1	0.000000E+0	1.000000E+0	1.000000E+1	1.000000E+0	1.000000E+1	1.000000E+0	2.340000E+2
5.155412E+0	7.800000E+3	7.799800E+0	3.289390E-1	2.371200E+4	3.015000E+4	1.326700E-2	4.000000E-1	9.910000E+37	3.289390E-1	3.012717E+41	7.469662E+42	1.326700E-2	9.910000E+37	1.000000E-1	0.000000E+0	1.000000E+0	1.000000E+1	1.000000E+0	1.000000E+1	1.000000E+0	2.350000E+2
5.176913E+0	7.600000E+3	7.600100E+0	3.191490E-1	2.381364E+4	3.022904E+4	1.322900E-2	3.999000E-1	9.910000E+37	3.191490E-1	3.105133E+41	7.491118E+42	1.322900E-2	9.910000E+37	1.000000E-1	0.000000E+0	1.000000E+0	1.000000E+1	1.000000E+0	1.000000E+1	1.000000E+0	2.360000E+2
5.198414E+0	7.400000E+3	7.399700E+0	3.096120E-1	2.389991E+4	3.066256E+4	1.298000E-2	3.980000E-1	9.910000E+37	3.096120E-1	3.200780E+41	7.634823E+42	1.298000E-2	9.910000E+37	1.000000E-1	0.000000E+0	1.000000E+0	1.000000E+1	1.000000E+0	1.000000E+1	1.000000E+0	2.370000E+2
5.220282E+0	7.200000E+3	7.200500E+0	3.000880E-1	2.399463E+4	3.029659E+4	1.318300E-2	3.994000E-1	9.910000E+37	3.000880E-1	3.302365E+41	7.517257E+42	1.318300E-2	9.910000E+37	1.000000E-1	0.000000E+0	1.000000E+0	1.000000E+1	1.000000E+0	1.000000E+1	1.000000E+0	2.380000E+2
5.241883E+0	7.000000E+3	7.000900E+0	2.903850E-1	2.410903E+4	3.078462E+4	1.300000E-2	4.002000E-1	9.910000E+37	2.903850E-1	3.412711E+41	7.623077E+42	1.300000E-2	9.910000E+37	1.000000E-1	0.000000E+0	1.000000E+0	1.000000E+1	1.000000E+0	1.000000E+1	1.000000E+0	2.390000E+2
5.263551E+0	6.800000E+3	6.800300E+0	2.810540E-1	2.419571E+4	3.054581E+4	1.311800E-2	4.007000E-1	9.910000E+37	2.810540E-1	3.526013E+41	7.554505E+42	1.311800E-2	9.910000E+37	1.000000E-1	0.000000E+0	1.000000E+0	1.000000E+1	1.000000E+0	1.000000E+1	1.000000E+0	2.400000E+2
5.285236E+0	6.600000E+3	6.600400E+0	2.720820E-1	2.425886E+4	3.055640E+4	1.308400E-2	3.998000E-1	9.910000E+37	2.720820E-1	3.642284E+41	7.574136E+42	1.308400E-2	9.910000E+37	1.000000E-1	0.000000E+0	1.000000E+0	1.000000E+1	1.000000E+0	1.000000E+1	1.000000E+0	2.410000E+2
5.306887E+0	6.400000E+3	6.399400E+0	2.631310E-1	2.432021E+4	3.082794E+4	1.297200E-2	3.999000E-1	9.910000E+37	2.631310E-1	3.766185E+41	7.639531E+42	1.297200E-2	9.910000E+37	1.000000E-1	0.000000E+0	1.000000E+0	1.000000E+1	1.000000E+0	1.000000E+1	1.000000E+0	2.420000E+2
5.328388E+0	6.200000E+3	6.199900E+0	2.547480E-1	2.433738E+4	3.058041E+4	1.307700E-2	3.999000E-1	9.910000E+37	2.547480E-1	3.890119E+41	7.578191E+42	1.307700E-2	9.910000E+37	1.000000E-1	0.000000E+0	1.000000E+0	1.000000E+1	1.000000E+0	1.000000E+1	1.000000E+0	2.430000E+2
5.349839E+0	6.000000E+3	5.999600E+0	2.461860E-1	2.437019E+4	3.055301E+4	1.309200E-2	4.000000E-1	9.910000E+37	2.461860E-1	4.025412E+41	7.569508E+42	1.309200E-2	9.910000E+37	1.000000E-1	0.000000E+0	1.000000E+0	1.000000E+1	1.000000E+0	1.000000E+1	1.000000E+0	2.440000E+2
5.371524E+0	5.800000E+3	5.800600E+0	2.378970E-1	2.438282E+4	3.037217E+4	1.319300E-2	4.007000E-1	9.910000E+37	2.378970E-1	4.165668E+41	7.511559E+42	1.319300E-2	9.910000E+37	1.000000E-1	0.000000E+0	1.000000E+0	1.000000E+1	1.000000E+0	1.000000E+1	1.000000E+0	2.450000E+2
5.393058E+0	5.600000E+3	5.600200E+0	2.292110E-1	2.443251E+4	3.040279E+4	1.318300E-2	4.008000E-1	9.910000E+37	2.292110E-1	4.323527E+41	7.517257E+42	1.318300E-2	9.910000E+37	1.000000E-1	0.000000E+0	1.000000E+0	1.000000E+1	1.000000E+0	1.000000E+1	1.000000E+0	2.460000E+2
5.414743E+0	5.400000E+3	5.400000E+0	2.206440E-1	2.447381E+4	3.074091E+4	1.303800E-2	4.008000E-1	9.910000E+37	2.206440E-1	4.491398E+41	7.600859E+42	1.303800E-2	9.910000E+37	1.000000E-1	0.000000E+0	1.000000E+0	1.000000E+1	1.000000E+0	1.000000E+1	1.000000E+0	2.470000E+2
5.436344E+0	5.200000E+3	5.200000E+0	2.116610E-1	2.456759E+4	3.050164E+4	1.313700E-2	4.007000E-1	9.910000E+37	2.116610E-1	4.682015E+41	7.543579E+42	1.313700E-2	9.910000E+37	1.000000E-1	0.000000E+0	1.000000E+0	1.000000E+1	1.000000E+0	1.000000E+1	1.000000E+0	2.480000E+2
5.458062E+0	5.000000E+3	5.000900E+0	2.029850E-1	2.463680E+4	3.039738E+4	1.313600E-2	3.993000E-1	9.910000E+37	2.029850E-1	4.882134E+41	7.544153E+42	1.313600E-2	9.910000E+37	1.000000E-1	0.000000E+0	1.000000E+0	1.000000E+1	1.000000E+0	1.000000E+1	1.000000E+0	2.490000E+2
5.479630E+0	4.800000E+3	4.799000E+0	1.941100E-1	2.472310E+4	3.017488E+4	1.326600E-2	4.003000E-1	9.910000E+37	1.941100E-1	5.105353E+41	7.470225E+42	1.326600E-2	9.910000E+37	1.000000E-1	0.000000E+0	1.000000E+0	1.000000E+1	1.000000E+0	1.000000E+1	1.000000E+0	2.500000E+2
5.501265E+0	4.600000E+3	4.598500E+0	1.853290E-1	2.481263E+4	3.025816E+4	1.317000E-2	3.985000E-1	9.910000E+37	1.853290E-1	5.347247E+41	7.524677E+42	1.317000E-2	9.910000E+37	1.000000E-1	0.000000E+0	1.000000E+0	1.000000E+1	1.000000E+0	1.000000E+1	1.000000E+0	2.510000E+2
5.523066E+0	4.400000E+3	4.399600E+0	1.765550E-1	2.491915E+4	3.030994E+4	1.316400E-2	3.990000E-1	9.910000E+37	1.765550E-1	5.612982E+41	7.528107E+42	1.316400E-2	9.910000E+37	1.000000E-1	0.000000E+0	1.000000E+0	1.000000E+1	1.000000E+0	1.000000E+1	1.000000E+0	2.520000E+2
5.544767E+0	4.200000E+3	4.199700E+0	1.677340E-1	2.503786E+4	2.999850E+4	1.332400E-2	3.997000E-1	9.910000E+37	1.677340E-1	5.908164E+41	7.437706E+42	1.332400E-2	9.910000E+37	1.000000E-1	0.000000E+0	1.000000E+0	1.000000E+1	1.000000E+0	1.000000E+1	1.000000E+0	2.530000E+2
5.566452E+0	4.000000E+3	3.999200E+0	1.591350E-1	2.513086E+4	3.023045E+4	1.323500E-2	4.001000E-1	9.910000E+37	1.591350E-1	6.227417E+41	7.487722E+42	1.323500E-2	9.910000E+37	1.000000E-1	0.000000E+0	1.000000E+0	1.000000E+1	1.000000E+0	1.000000E+1	1.000000E+0	2.540000E+2
5.587803E+0	3.800000E+3	3.800000E+0	1.504170E-1	2.526310E+4	2.982221E+4	1.344300E-2	4.009000E-1	9.910000E+37	1.504170E-1	6.588351E+41	7.371866E+42	1.344300E-2	9.910000E+37	1.000000E-1	0.000000E+0	1.000000E+0	1.000000E+1	1.000000E+0	1.000000E+1	1.000000E+0	2.550000E+2
5.609421E+0	3.600000E+3	3.600100E+0	1.417530E-1	2.539699E+4	3.028372E+4	1.318200E-2	3.992000E-1	9.910000E+37	1.417530E-1	6.991034E+41	7.517827E+42	1.318200E-2	9.910000E+37	1.000000E-1	0.000000E+0	1.000000E+0	1.000000E+1	1.000000E+0	1.000000E+1	1.000000E+0	2.560000E+2
5.631105E+0	3.400000E+3	3.398900E+0	1.331920E-1	2.551880E+4	2.996317E+4	1.330300E-2	3.986000E-1	9.910000E+37	1.331920E-1	7.440387E+41	7.449447E+42	1.330300E-2	9.910000E+37	1.000000E-1	0.000000E+0	1.000000E+0	1.000000E+1	1.000000E+0	1.000000E+1	1.000000E+0	2.570000E+2
5.652807E+0	3.200000E+3	3.200200E+0	1.245400E-1	2.569616E+4	3.024659E+4	1.326100E-2	4.011000E-1	9.910000E+37	1.245400E-1	7.957283E+41	7.473041E+42	1.326100E-2	9.910000E+37	1.000000E-1	0.000000E+0	1.000000E+0	1.000000E+1	1.000000E+0	1.000000E+1	1.000000E+0	2.580000E+2
5.674275E+0	3.000000E+3	3.000000E+0	1.162740E-1	2.580112E+4	2.990975E+4	1.340700E-2	4.010000E-1	9.910000E+37	1.162740E-1	8.522972E+41	7.391661E+42	1.340700E-2	9.910000E+37	1.000000E-1	0.000000E+0	1.000000E+0	1.000000E+1	1.000000E+0	1.000000E+1	1.000000E+0	2.590000E+2
5.695692E+0	2.800000E+3	2.800300E+0	1.078310E-1	2.596934E+4	2.971047E+4	1.347000E-2	4.002000E-1	9.910000E+37	1.078310E-1	9.190307E+41	7.357090E+42	1.347000E-2	9.910000E+37	1.000000E-1	0.000000E+0	1.000000E+0	1.000000E+1	1.000000E+0	1.000000E+1	1.000000E+0	2.600000E+2
5.717310E+0	2.600000E+3	2.598400E+0	9.933000E-2	2.615927E+4	3.008663E+4	1.327500E-2	3.994000E-1	9.910000E+37	9.933000E-2	9.976845E+41	7.465160E+42	1.327500E-2	9.910000E+37	1.000000E-1	0.000000E+0	1.000000E+0	1.000000E+1	1.000000E+0	1.000000E+1	1.000000E+0	2.610000E+2
5.739862E+0	2.400000E+3	2.400600E+0	9.112400E-2	2.634432E+4	3.007129E+4	1.332500E-2	4.007000E-1	9.910000E+37	9.112400E-2	1.087529E+42	7.437148E+42	1.332500E-2	9.910000E+37	1.000000E-1	0.000000E+0	1.000000E+0	1.000000E+1	1.000000E+0	1.000000E+1	1.000000E+0	2.620000E+2
5.761446E+0	2.200000E+3	2.201900E+0	8.301200E-2	2.652508E+4	2.992679E+4	1.338600E-2	4.006000E-1	9.910000E+37	8.301200E-2	1.193803E+42	7.403257E+42	1.338600E-2	9.910000E+37	1.000000E-1	0.000000E+0	1.000000E+0	1.000000E+1	1.000000E+0	1.000000E+1	1.000000E+0	2.630000E+2
5.783014E+0	2.000000E+3	2.000100E+0	7.479900E-2	2.673966E+4	2.994308E+4	1.335200E-2	3.998000E-1	9.910000E+37	7.479900E-2	1.324884E+42	7.422109E+42	1.335200E-2	9.910000E+37	1.000000E-1	0.000000E+0	1.000000E+0	1.000000E+1	1.000000E+0	1.000000E+1	1.000000E+0	2.640000E+2
5.804565E+0	1.800000E+3	1.800100E+0	6.659900E-2	2.702893E+4	2.993492E+4	1.336900E-2	4.002000E-1	9.910000E+37	6.659900E-2	1.488010E+42	7.412671E+42	1.336900E-2	9.910000E+37	1.000000E-1	0.000000E+0	1.000000E+0	1.000000E+1	1.000000E+0	1.000000E+1	1.000000E+0	2.650000E+2
5.826233E+0	1.600000E+3	1.600200E+0	5.894000E-2	2.714964E+4	2.972473E+4	1.351400E-2	4.017000E-1	9.910000E+37	5.894000E-2	1.681371E+42	7.333136E+42	1.351400E-2	9.910000E+37	1.000000E-1	0.000000E+0	1.000000E+0	1.000000E+1	1.000000E+0	1.000000E+1	1.000000E+0	2.660000E+2
5.847901E+0	1.400000E+3	1.400700E+0	5.100600E-2	2.746148E+4	3.002629E+4	1.331500E-2	3.998000E-1	9.910000E+37	5.100600E-2	1.942909E+42	7.442734E+42	1.331500E-2	9.910000E+37	1.000000E-1	0.000000E+0	1.000000E+0	1.000000E+1	1.000000E+0	1.000000E+1	1.000000E+0	2.670000E+2
5.869636E+0	1.200000E+3	1.199500E+0	4.316300E-2	2.779001E+4	2.997897E+4	1.331600E-2	3.992000E-1	9.910000E+37	4.316300E-2	2.295948E+42	7.442175E+42	1.331600E-2	9.910000E+37	1.000000E-1	0.000000E+0	1.000000E+0	1.000000E+1	1.000000E+0	1.000000E+1	1.000000E+0	2.680000E+2
5.891254E+0	1.000000E+3	9.992000E-1	3.548400E-2	2.815917E+4	2.996855E+4	1.335400E-2	4.002000E-1	9.910000E+37	3.548400E-2	2.792808E+42	7.420997E+42	1.335400E-2	9.910000E+37	1.000000E-1	0.000000E+0	1.000000E+0	1.000000E+1	1.000000E+0	1.000000E+1	1.000000E+0	2.690000E+2
5.912655E+0	8.000000E+2	8.002000E-1	2.793900E-2	2.864097E+4	3.020645E+4	1.327200E-2	4.009000E-1	9.910000E+37	2.793900E-2	3.547013E+42	7.466847E+42	1.327200E-2	9.910000E+37	1.000000E-1	0.000000E+0	1.000000E+0	1.000000E+1	1.000000E+0	1.000000E+1	1.000000E+0	2.700000E+2
5.934206E+0	6.000000E+2	5.995000E-1	2.061000E-2	2.908782E+4	2.996933E+4	1.336700E-2	4.006000E-1	9.910000E+37	2.061000E-2	4.808345E+42	7.413780E+42	1.336700E-2	9.910000E+37	1.000000E-1	0.000000E+0	1.000000E+0	1.000000E+1	1.000000E+0	1.000000E+1	1.000000E+0	2.710000E+2
5.955791E+0	4.000000E+2	3.998000E-1	1.331800E-2	3.001952E+4	3.019664E+4	1.327300E-2	4.008000E-1	9.910000E+37	1.331800E-2	7.441057E+42	7.466285E+42	1.327300E-2	9.910000E+37	1.000000E-1	0.000000E+0	1.000000E+0	1.000000E+1	1.000000E+0	1.000000E+1	1.000000E+0	2.720000E+2
5.977359E+0	2.000000E+2	2.004000E-1	6.446000E-3	3.108905E+4	2.986935E+4	1.339500E-2	4.001000E-1	9.910000E+37	6.446000E-3	1.537388E+43	7.398283E+42	1.339500E-2	9.910000E+37	1.000000E-1	0.000000E+0	1.000000E+0	1.000000E+1	1.000000E+0	1.000000E+1	1.000000E+0	2.730000E+2
5.998843E+0	0.000000E+0	-2.000000E-4	-4.580000E-4	4.366812E+2	2.976855E+4	1.343700E-2	4.000000E-1	9.910000E+37	-4.580000E-4	-2.163755E+44	7.375158E+42	1.343700E-2	9.910000E+37	1.000000E-1	0.000000E+0	1.000000E+0	1.000000E+1	1.000000E+0	1.000000E+1	1.000000E+0	2.740000E+2
