Tiempo (min)	I pulso(mA)	Vinst 1 (V)	Iinst 1 (mA)	Rinst 1(Ohm)	Rrem 1 (Ohm)	Ibias 1 (mA)	Vbias 1 (V)	Vinst 2 (V)	Iinst 2 (mA)	Rinst 2(Ohm)	Rrem 2 (Ohm)	Ibias 2 (mA)	Vbias 2 (V)	Ancho pulso (s)	Periodo (s)	Icc 1 (mA)	Vcc 1 (V)	Icc 2 (mA)	Vcc 2 (V)	2W 1?	N1.583257E-1	1.000000E+0	1.600000E-3	-1.407000E-3	-1.137171E+3	1.262481E+5	3.966000E-3	5.007000E-1	4.704000E-2	-1.407000E-3	-3.343284E+4	7.639687E+4	3.966000E-3	3.029900E-1	1.000000E+0	0.000000E+0	1.000000E+0	7.000000E+0	3.100000E+1	7.000000E+0	1.000000E+0	1.000000E+0
2.457974E-1	2.010000E+2	2.015000E-1	1.486000E-3	1.355989E+5	9.469395E+4	5.277000E-3	4.997000E-1	1.548200E-1	1.486000E-3	1.041857E+5	5.745878E+4	5.277000E-3	3.032100E-1	1.000000E+0	0.000000E+0	1.000000E+0	7.000000E+0	3.100000E+1	7.000000E+0	1.000000E+0	2.000000E+0
3.333024E-1	4.010000E+2	4.015000E-1	3.289000E-3	1.220736E+5	9.774951E+4	5.110000E-3	4.995000E-1	2.532600E-1	3.289000E-3	7.700213E+4	5.981605E+4	5.110000E-3	3.056600E-1	1.000000E+0	0.000000E+0	1.000000E+0	7.000000E+0	3.100000E+1	7.000000E+0	1.000000E+0	3.000000E+0
4.209907E-1	6.010000E+2	5.998000E-1	5.408000E-3	1.109098E+5	1.095939E+5	4.555000E-3	4.992000E-1	3.607300E-1	5.408000E-3	6.670303E+4	6.832931E+4	4.555000E-3	3.112400E-1	1.000000E+0	0.000000E+0	1.000000E+0	7.000000E+0	3.100000E+1	7.000000E+0	1.000000E+0	4.000000E+0
5.085624E-1	8.010000E+2	8.007000E-1	7.343000E-3	1.090426E+5	1.009278E+5	4.958000E-3	5.004000E-1	4.606100E-1	7.343000E-3	6.272777E+4	6.308390E+4	4.958000E-3	3.127700E-1	1.000000E+0	0.000000E+0	1.000000E+0	7.000000E+0	3.100000E+1	7.000000E+0	1.000000E+0	5.000000E+0
5.960508E-1	1.001000E+3	1.001400E+0	1.039700E-2	9.631625E+4	1.473080E+5	3.399000E-3	5.007000E-1	5.529100E-1	1.039700E-2	5.317976E+4	9.272139E+4	3.399000E-3	3.151600E-1	1.000000E+0	0.000000E+0	1.000000E+0	7.000000E+0	3.100000E+1	7.000000E+0	1.000000E+0	6.000000E+0
6.834724E-1	1.201000E+3	1.201900E+0	1.078800E-2	1.114108E+5	1.145380E+5	4.361000E-3	4.995000E-1	6.470600E-1	1.078800E-2	5.997961E+4	6.980968E+4	4.361000E-3	3.044400E-1	1.000000E+0	0.000000E+0	1.000000E+0	7.000000E+0	3.100000E+1	7.000000E+0	1.000000E+0	7.000000E+0
7.709274E-1	1.401000E+3	1.400900E+0	1.347000E-2	1.040015E+5	1.310100E+5	3.802000E-3	4.981000E-1	7.447700E-1	1.347000E-2	5.529102E+4	7.986849E+4	3.802000E-3	3.036600E-1	1.000000E+0	0.000000E+0	1.000000E+0	7.000000E+0	3.100000E+1	7.000000E+0	1.000000E+0	8.000000E+0
8.584491E-1	1.601000E+3	1.601500E+0	1.708200E-2	9.375366E+4	1.021655E+5	4.895000E-3	5.001000E-1	8.374800E-1	1.708200E-2	4.902705E+4	6.215322E+4	4.895000E-3	3.042400E-1	1.000000E+0	0.000000E+0	1.000000E+0	7.000000E+0	3.100000E+1	7.000000E+0	1.000000E+0	9.000000E+0
9.459374E-1	1.801000E+3	1.800800E+0	1.866100E-2	9.650072E+4	1.231870E+5	4.054000E-3	4.994000E-1	9.392500E-1	1.866100E-2	5.033224E+4	7.441539E+4	4.054000E-3	3.016800E-1	1.000000E+0	0.000000E+0	1.000000E+0	7.000000E+0	3.100000E+1	7.000000E+0	1.000000E+0	1.000000E+1
1.033392E+0	2.001000E+3	2.000500E+0	2.149900E-2	9.305084E+4	1.076907E+5	4.642000E-3	4.999000E-1	1.031700E+0	2.149900E-2	4.798828E+4	6.427833E+4	4.642000E-3	2.983800E-1	1.000000E+0	0.000000E+0	1.000000E+0	7.000000E+0	3.100000E+1	7.000000E+0	1.000000E+0	1.100000E+1
1.120947E+0	2.201000E+3	2.201100E+0	2.458000E-2	8.954841E+4	1.030078E+5	4.854000E-3	5.000000E-1	1.129520E+0	2.458000E-2	4.595281E+4	6.224969E+4	4.854000E-3	3.021600E-1	1.000000E+0	0.000000E+0	1.000000E+0	7.000000E+0	3.100000E+1	7.000000E+0	1.000000E+0	1.200000E+1
1.208486E+0	2.401000E+3	2.400700E+0	2.677400E-2	8.966535E+4	1.253260E+5	3.988000E-3	4.998000E-1	1.214780E+0	2.677400E-2	4.537163E+4	7.865095E+4	3.988000E-3	3.136600E-1	1.000000E+0	0.000000E+0	1.000000E+0	7.000000E+0	3.100000E+1	7.000000E+0	1.000000E+0	1.300000E+1
1.295907E+0	2.601000E+3	2.601500E+0	2.970000E-2	8.759259E+4	1.301274E+5	3.847000E-3	5.006000E-1	1.315530E+0	2.970000E-2	4.429394E+4	8.133611E+4	3.847000E-3	3.129000E-1	1.000000E+0	0.000000E+0	1.000000E+0	7.000000E+0	3.100000E+1	7.000000E+0	1.000000E+0	1.400000E+1
1.383379E+0	2.801000E+3	2.801400E+0	3.162000E-2	8.859583E+4	1.026230E+5	4.880000E-3	5.008000E-1	1.407770E+0	3.162000E-2	4.452151E+4	6.427254E+4	4.880000E-3	3.136500E-1	1.000000E+0	0.000000E+0	1.000000E+0	7.000000E+0	3.100000E+1	7.000000E+0	1.000000E+0	1.500000E+1
1.470951E+0	3.000000E+3	2.999100E+0	3.573000E-2	8.393787E+4	1.293675E+5	3.858000E-3	4.991000E-1	1.502170E+0	3.573000E-2	4.204226E+4	8.153966E+4	3.858000E-3	3.145800E-1	1.000000E+0	0.000000E+0	1.000000E+0	7.000000E+0	3.100000E+1	7.000000E+0	1.000000E+0	1.600000E+1
1.558539E+0	2.800000E+3	2.801000E+0	3.101500E-2	9.031114E+4	1.081373E+5	4.633000E-3	5.010000E-1	1.402830E+0	3.101500E-2	4.523069E+4	6.527736E+4	4.633000E-3	3.024300E-1	1.000000E+0	0.000000E+0	1.000000E+0	7.000000E+0	3.100000E+1	7.000000E+0	1.000000E+0	1.700000E+1
1.645977E+0	2.600000E+3	2.600900E+0	2.801100E-2	9.285281E+4	1.011350E+5	4.934000E-3	4.990000E-1	1.313000E+0	2.801100E-2	4.687444E+4	6.263681E+4	4.934000E-3	3.090500E-1	1.000000E+0	0.000000E+0	1.000000E+0	7.000000E+0	3.100000E+1	7.000000E+0	1.000000E+0	1.800000E+1
1.733616E+0	2.400000E+3	2.399600E+0	2.667200E-2	8.996701E+4	9.968153E+4	5.024000E-3	5.008000E-1	1.221790E+0	2.667200E-2	4.580796E+4	6.202428E+4	5.024000E-3	3.116100E-1	1.000000E+0	0.000000E+0	1.000000E+0	7.000000E+0	3.100000E+1	7.000000E+0	1.000000E+0	1.900000E+1
1.821087E+0	2.200000E+3	2.199500E+0	2.390500E-2	9.201004E+4	1.081373E+5	4.633000E-3	5.010000E-1	1.122590E+0	2.390500E-2	4.696047E+4	6.680121E+4	4.633000E-3	3.094900E-1	1.000000E+0	0.000000E+0	1.000000E+0	7.000000E+0	3.100000E+1	7.000000E+0	1.000000E+0	2.000000E+1
1.908592E+0	2.000000E+3	1.999400E+0	2.072600E-2	9.646820E+4	1.348518E+5	3.710000E-3	5.003000E-1	1.036660E+0	2.072600E-2	5.001737E+4	8.186792E+4	3.710000E-3	3.037300E-1	1.000000E+0	0.000000E+0	1.000000E+0	7.000000E+0	3.100000E+1	7.000000E+0	1.000000E+0	2.100000E+1
1.996064E+0	1.800000E+3	1.798100E+0	1.896200E-2	9.482650E+4	1.042162E+5	4.791000E-3	4.993000E-1	9.393600E-1	1.896200E-2	4.953908E+4	6.409935E+4	4.791000E-3	3.071000E-1	1.000000E+0	0.000000E+0	1.000000E+0	7.000000E+0	3.100000E+1	7.000000E+0	1.000000E+0	2.200000E+1
2.083553E+0	1.600000E+3	1.599700E+0	1.663800E-2	9.614737E+4	1.379691E+5	3.624000E-3	5.000000E-1	8.433000E-1	1.663800E-2	5.068518E+4	8.724614E+4	3.624000E-3	3.161800E-1	1.000000E+0	0.000000E+0	1.000000E+0	7.000000E+0	3.100000E+1	7.000000E+0	1.000000E+0	2.300000E+1
2.171158E+0	1.400000E+3	1.399700E+0	1.427900E-2	9.802507E+4	1.538533E+5	3.244000E-3	4.991000E-1	7.469500E-1	1.427900E-2	5.231109E+4	9.664303E+4	3.244000E-3	3.135100E-1	1.000000E+0	0.000000E+0	1.000000E+0	7.000000E+0	3.100000E+1	7.000000E+0	1.000000E+0	2.400000E+1
2.258763E+0	1.200000E+3	1.200500E+0	1.097600E-2	1.093750E+5	1.252888E+5	3.982000E-3	4.989000E-1	6.538600E-1	1.097600E-2	5.957179E+4	7.823204E+4	3.982000E-3	3.115200E-1	1.000000E+0	0.000000E+0	1.000000E+0	7.000000E+0	3.100000E+1	7.000000E+0	1.000000E+0	2.500000E+1
2.346251E+0	1.000000E+3	1.000500E+0	9.707000E-3	1.030699E+5	1.234363E+5	4.045000E-3	4.993000E-1	5.628200E-1	9.707000E-3	5.798084E+4	7.835352E+4	4.045000E-3	3.169400E-1	1.000000E+0	0.000000E+0	1.000000E+0	7.000000E+0	3.100000E+1	7.000000E+0	1.000000E+0	2.600000E+1
2.433989E+0	8.000000E+2	8.002000E-1	7.028000E-3	1.138589E+5	1.272171E+5	3.924000E-3	4.992000E-1	4.651000E-1	7.028000E-3	6.617814E+4	7.771662E+4	3.924000E-3	3.049600E-1	1.000000E+0	0.000000E+0	1.000000E+0	7.000000E+0	3.100000E+1	7.000000E+0	1.000000E+0	2.700000E+1
2.521761E+0	6.000000E+2	5.990000E-1	5.771000E-3	1.037948E+5	1.072211E+5	4.653000E-3	4.989000E-1	3.630700E-1	5.771000E-3	6.291284E+4	6.560928E+4	4.653000E-3	3.052800E-1	1.000000E+0	0.000000E+0	1.000000E+0	7.000000E+0	3.100000E+1	7.000000E+0	1.000000E+0	2.800000E+1
2.609349E+0	4.000000E+2	4.007000E-1	3.374000E-3	1.187611E+5	1.496405E+5	3.338000E-3	4.995000E-1	2.656300E-1	3.374000E-3	7.872851E+4	9.111744E+4	3.338000E-3	3.041500E-1	1.000000E+0	0.000000E+0	1.000000E+0	7.000000E+0	3.100000E+1	7.000000E+0	1.000000E+0	2.900000E+1
2.696838E+0	2.000000E+2	2.011000E-1	8.930000E-4	2.251960E+5	1.211459E+5	4.119000E-3	4.990000E-1	1.567500E-1	8.930000E-4	1.755319E+5	7.677592E+4	4.119000E-3	3.162400E-1	1.000000E+0	0.000000E+0	1.000000E+0	7.000000E+0	3.100000E+1	7.000000E+0	1.000000E+0	3.000000E+1
2.784326E+0	0.000000E+0	2.000000E-4	-3.430000E-4	-5.830904E+2	1.324153E+5	3.776000E-3	5.000000E-1	6.056000E-2	-3.430000E-4	-1.765598E+5	8.038665E+4	3.776000E-3	3.035400E-1	1.000000E+0	0.000000E+0	1.000000E+0	7.000000E+0	3.100000E+1	7.000000E+0	1.000000E+0	3.100000E+1
2.871764E+0	-2.000000E+2	-2.000000E-1	-3.399000E-3	5.884084E+4	1.511004E+5	3.317000E-3	5.012000E-1	-5.473000E-2	-3.399000E-3	1.610179E+4	9.217968E+4	3.317000E-3	3.057600E-1	1.000000E+0	0.000000E+0	1.000000E+0	7.000000E+0	3.100000E+1	7.000000E+0	1.000000E+0	3.200000E+1
2.959269E+0	-4.000000E+2	-4.017000E-1	-5.216000E-3	7.701304E+4	1.223365E+5	4.083000E-3	4.995000E-1	-1.532400E-1	-5.216000E-3	2.937883E+4	7.617683E+4	4.083000E-3	3.110300E-1	1.000000E+0	0.000000E+0	1.000000E+0	7.000000E+0	3.100000E+1	7.000000E+0	1.000000E+0	3.300000E+1
3.046891E+0	-6.000000E+2	-5.996000E-1	-7.439000E-3	8.060223E+4	1.043170E+5	4.795000E-3	5.002000E-1	-2.616500E-1	-7.439000E-3	3.517274E+4	6.482377E+4	4.795000E-3	3.108300E-1	1.000000E+0	0.000000E+0	1.000000E+0	7.000000E+0	3.100000E+1	7.000000E+0	1.000000E+0	3.400000E+1
3.134379E+0	-8.000000E+2	-8.000000E-1	-9.264000E-3	8.635579E+4	1.327133E+5	3.763000E-3	4.994000E-1	-3.575500E-1	-9.264000E-3	3.859564E+4	8.213394E+4	3.763000E-3	3.090700E-1	1.000000E+0	0.000000E+0	1.000000E+0	7.000000E+0	3.100000E+1	7.000000E+0	1.000000E+0	3.500000E+1
3.221951E+0	-1.000000E+3	-9.988000E-1	-1.186200E-2	8.420165E+4	1.112098E+5	4.505000E-3	5.010000E-1	-4.554300E-1	-1.186200E-2	3.839403E+4	6.833296E+4	4.505000E-3	3.078400E-1	1.000000E+0	0.000000E+0	1.000000E+0	7.000000E+0	3.100000E+1	7.000000E+0	1.000000E+0	3.600000E+1
3.309423E+0	-1.200000E+3	-1.199900E+0	-1.419900E-2	8.450595E+4	1.175406E+5	4.253000E-3	4.999000E-1	-5.603100E-1	-1.419900E-2	3.946123E+4	7.211850E+4	4.253000E-3	3.067200E-1	1.000000E+0	0.000000E+0	1.000000E+0	7.000000E+0	3.100000E+1	7.000000E+0	1.000000E+0	3.700000E+1
3.396944E+0	-1.400000E+3	-1.399600E+0	-1.698900E-2	8.238272E+4	1.086683E+5	4.603000E-3	5.002000E-1	-6.501400E-1	-1.698900E-2	3.826829E+4	6.819248E+4	4.603000E-3	3.138900E-1	1.000000E+0	0.000000E+0	1.000000E+0	7.000000E+0	3.100000E+1	7.000000E+0	1.000000E+0	3.800000E+1
3.484516E+0	-1.600000E+3	-1.600200E+0	-2.032400E-2	7.873450E+4	1.616425E+5	3.105000E-3	5.019000E-1	-7.474000E-1	-2.032400E-2	3.677426E+4	9.847343E+4	3.105000E-3	3.057600E-1	1.000000E+0	0.000000E+0	1.000000E+0	7.000000E+0	3.100000E+1	7.000000E+0	1.000000E+0	3.900000E+1
3.572054E+0	-1.800000E+3	-1.801300E+0	-2.333300E-2	7.719967E+4	1.160855E+5	4.302000E-3	4.994000E-1	-8.450900E-1	-2.333300E-2	3.621866E+4	7.177592E+4	4.302000E-3	3.087800E-1	1.000000E+0	0.000000E+0	1.000000E+0	7.000000E+0	3.100000E+1	7.000000E+0	1.000000E+0	4.000000E+1
3.659776E+0	-2.000000E+3	-2.000100E+0	-2.644100E-2	7.564389E+4	1.608626E+5	3.107000E-3	4.998000E-1	-9.341700E-1	-2.644100E-2	3.533036E+4	1.011748E+5	3.107000E-3	3.143500E-1	1.000000E+0	0.000000E+0	1.000000E+0	7.000000E+0	3.100000E+1	7.000000E+0	1.000000E+0	4.100000E+1
3.747248E+0	-2.200000E+3	-2.199900E+0	-2.797900E-2	7.862683E+4	1.005837E+5	4.968000E-3	4.997000E-1	-1.032480E+0	-2.797900E-2	3.690196E+4	6.206320E+4	4.968000E-3	3.083300E-1	1.000000E+0	0.000000E+0	1.000000E+0	7.000000E+0	3.100000E+1	7.000000E+0	1.000000E+0	4.200000E+1
3.834886E+0	-2.400000E+3	-2.399600E+0	-3.139000E-2	7.644473E+4	1.117174E+5	4.472000E-3	4.996000E-1	-1.129220E+0	-3.139000E-2	3.597388E+4	6.968023E+4	4.472000E-3	3.116100E-1	1.000000E+0	0.000000E+0	1.000000E+0	7.000000E+0	3.100000E+1	7.000000E+0	1.000000E+0	4.300000E+1
3.922424E+0	-2.600000E+3	-2.600700E+0	-3.375300E-2	7.705093E+4	1.579912E+5	3.166000E-3	5.002000E-1	-1.223500E+0	-3.375300E-2	3.624863E+4	9.915982E+4	3.166000E-3	3.139400E-1	1.000000E+0	0.000000E+0	1.000000E+0	7.000000E+0	3.100000E+1	7.000000E+0	1.000000E+0	4.400000E+1
4.009963E+0	-2.800000E+3	-2.800200E+0	-3.780800E-2	7.406369E+4	1.109929E+5	4.512000E-3	5.008000E-1	-1.312310E+0	-3.780800E-2	3.470985E+4	7.127438E+4	4.512000E-3	3.215900E-1	1.000000E+0	0.000000E+0	1.000000E+0	7.000000E+0	3.100000E+1	7.000000E+0	1.000000E+0	4.500000E+1
4.097568E+0	-3.000000E+3	-3.001100E+0	-3.998600E-2	7.505377E+4	1.142465E+5	4.373000E-3	4.996000E-1	-1.407450E+0	-3.998600E-2	3.519857E+4	7.191402E+4	4.373000E-3	3.144800E-1	1.000000E+0	0.000000E+0	1.000000E+0	7.000000E+0	3.100000E+1	7.000000E+0	1.000000E+0	4.600000E+1
4.185156E+0	-3.000000E+3	-2.999700E+0	-4.027300E-2	7.448415E+4	1.110222E+5	4.500000E-3	4.996000E-1	-1.404230E+0	-4.027300E-2	3.486778E+4	7.344222E+4	4.500000E-3	3.304900E-1	1.000000E+0	0.000000E+0	1.000000E+0	7.000000E+0	3.100000E+1	7.000000E+0	1.000000E+0	4.700000E+1
4.272678E+0	-2.800000E+3	-2.799600E+0	-3.721600E-2	7.522571E+4	1.321760E+5	3.773000E-3	4.987000E-1	-1.310970E+0	-3.721600E-2	3.522598E+4	8.464617E+4	3.773000E-3	3.193700E-1	1.000000E+0	0.000000E+0	1.000000E+0	7.000000E+0	3.100000E+1	7.000000E+0	1.000000E+0	4.800000E+1
4.360299E+0	-2.600000E+3	-2.601400E+0	-3.300300E-2	7.882314E+4	1.045693E+5	4.771000E-3	4.989000E-1	-1.215590E+0	-3.300300E-2	3.683271E+4	6.783484E+4	4.771000E-3	3.236400E-1	1.000000E+0	0.000000E+0	1.000000E+0	7.000000E+0	3.100000E+1	7.000000E+0	1.000000E+0	4.900000E+1
4.447788E+0	-2.400000E+3	-2.400000E+0	-2.993400E-2	8.017639E+4	1.321259E+5	3.782000E-3	4.997000E-1	-1.120970E+0	-2.993400E-2	3.744805E+4	8.508461E+4	3.782000E-3	3.217900E-1	1.000000E+0	0.000000E+0	1.000000E+0	7.000000E+0	3.100000E+1	7.000000E+0	1.000000E+0	5.000000E+1
4.535293E+0	-2.200000E+3	-2.199800E+0	-2.802000E-2	7.850821E+4	1.273352E+5	3.929000E-3	5.003000E-1	-1.027000E+0	-2.802000E-2	3.665239E+4	8.330618E+4	3.929000E-3	3.273100E-1	1.000000E+0	0.000000E+0	1.000000E+0	7.000000E+0	3.100000E+1	7.000000E+0	1.000000E+0	5.100000E+1
4.622981E+0	-2.000000E+3	-2.000200E+0	-2.426800E-2	8.242130E+4	1.168071E+5	4.272000E-3	4.990000E-1	-9.311000E-1	-2.426800E-2	3.836740E+4	7.480571E+4	4.272000E-3	3.195700E-1	1.000000E+0	0.000000E+0	1.000000E+0	7.000000E+0	3.100000E+1	7.000000E+0	1.000000E+0	5.200000E+1
4.710536E+0	-1.800000E+3	-1.799800E+0	-2.172500E-2	8.284465E+4	1.406875E+5	3.549000E-3	4.993000E-1	-8.375200E-1	-2.172500E-2	3.855098E+4	9.103691E+4	3.549000E-3	3.230900E-1	1.000000E+0	0.000000E+0	1.000000E+0	7.000000E+0	3.100000E+1	7.000000E+0	1.000000E+0	5.300000E+1
4.798058E+0	-1.600000E+3	-1.599700E+0	-1.975400E-2	8.098107E+4	1.101937E+5	4.542000E-3	5.005000E-1	-7.440300E-1	-1.975400E-2	3.766478E+4	7.251651E+4	4.542000E-3	3.293700E-1	1.000000E+0	0.000000E+0	1.000000E+0	7.000000E+0	3.100000E+1	7.000000E+0	1.000000E+0	5.400000E+1
4.885546E+0	-1.400000E+3	-1.400300E+0	-1.615900E-2	8.665759E+4	1.399888E+5	3.581000E-3	5.013000E-1	-6.456500E-1	-1.615900E-2	3.995606E+4	9.117844E+4	3.581000E-3	3.265100E-1	1.000000E+0	0.000000E+0	1.000000E+0	7.000000E+0	3.100000E+1	7.000000E+0	1.000000E+0	5.500000E+1
4.973134E+0	-1.200000E+3	-1.199400E+0	-1.380200E-2	8.690045E+4	1.290689E+5	3.877000E-3	5.004000E-1	-5.506900E-1	-1.380200E-2	3.989929E+4	8.367036E+4	3.877000E-3	3.243900E-1	1.000000E+0	0.000000E+0	1.000000E+0	7.000000E+0	3.100000E+1	7.000000E+0	1.000000E+0	5.600000E+1
5.060756E+0	-1.000000E+3	-9.986000E-1	-1.128900E-2	8.845779E+4	1.424665E+5	3.511000E-3	5.002000E-1	-4.524300E-1	-1.128900E-2	4.007707E+4	9.139561E+4	3.511000E-3	3.208900E-1	1.000000E+0	0.000000E+0	1.000000E+0	7.000000E+0	3.100000E+1	7.000000E+0	1.000000E+0	5.700000E+1
5.148428E+0	-8.000000E+2	-7.992000E-1	-8.498000E-3	9.404566E+4	1.352814E+5	3.696000E-3	5.000000E-1	-3.458200E-1	-8.498000E-3	4.069428E+4	8.936418E+4	3.696000E-3	3.302900E-1	1.000000E+0	0.000000E+0	1.000000E+0	7.000000E+0	3.100000E+1	7.000000E+0	1.000000E+0	5.800000E+1
5.235999E+0	-6.000000E+2	-5.984000E-1	-7.866000E-3	7.607424E+4	1.291022E+5	3.876000E-3	5.004000E-1	-2.426300E-1	-7.866000E-3	3.084541E+4	8.522446E+4	3.876000E-3	3.303300E-1	1.000000E+0	0.000000E+0	1.000000E+0	7.000000E+0	3.100000E+1	7.000000E+0	1.000000E+0	5.900000E+1
5.323488E+0	-4.000000E+2	-3.987000E-1	-5.150000E-3	7.741748E+4	1.145080E+5	4.370000E-3	5.004000E-1	-1.396800E-1	-5.150000E-3	2.712233E+4	7.586957E+4	4.370000E-3	3.315500E-1	1.000000E+0	0.000000E+0	1.000000E+0	7.000000E+0	3.100000E+1	7.000000E+0	1.000000E+0	6.000000E+1
5.411026E+0	-2.000000E+2	-1.999000E-1	-3.179000E-3	6.288141E+4	1.374828E+5	3.631000E-3	4.992000E-1	-3.433000E-2	-3.179000E-3	1.079899E+4	8.948224E+4	3.631000E-3	3.249100E-1	1.000000E+0	0.000000E+0	1.000000E+0	7.000000E+0	3.100000E+1	7.000000E+0	1.000000E+0	6.100000E+1
5.498581E+0	0.000000E+0	1.000000E-4	-1.531000E-3	-6.531679E+1	1.063644E+5	4.698000E-3	4.997000E-1	6.936000E-2	-1.531000E-3	-4.530372E+4	6.878033E+4	4.698000E-3	3.231300E-1	1.000000E+0	0.000000E+0	1.000000E+0	7.000000E+0	3.100000E+1	7.000000E+0	1.000000E+0	6.200000E+1
5.586153E+0	2.000000E+2	1.999000E-1	1.118000E-3	1.788014E+5	1.101721E+5	4.532000E-3	4.993000E-1	1.703600E-1	1.118000E-3	1.523792E+5	7.076125E+4	4.532000E-3	3.206900E-1	1.000000E+0	0.000000E+0	1.000000E+0	7.000000E+0	3.100000E+1	7.000000E+0	1.000000E+0	6.300000E+1
5.673775E+0	4.000000E+2	3.995000E-1	2.884000E-3	1.385229E+5	1.124916E+5	4.443000E-3	4.998000E-1	2.727600E-1	2.884000E-3	9.457698E+4	7.124240E+4	4.443000E-3	3.165300E-1	1.000000E+0	0.000000E+0	1.000000E+0	7.000000E+0	3.100000E+1	7.000000E+0	1.000000E+0	6.400000E+1
5.761346E+0	6.000000E+2	6.001000E-1	4.655000E-3	1.289151E+5	1.329356E+5	3.771000E-3	5.013000E-1	3.785900E-1	4.655000E-3	8.132975E+4	8.600371E+4	3.771000E-3	3.243200E-1	1.000000E+0	0.000000E+0	1.000000E+0	7.000000E+0	3.100000E+1	7.000000E+0	1.000000E+0	6.500000E+1
5.848951E+0	8.000000E+2	8.001000E-1	8.136000E-3	9.834071E+4	9.765717E+4	5.122000E-3	5.002000E-1	4.818200E-1	8.136000E-3	5.922075E+4	6.525966E+4	5.122000E-3	3.342600E-1	1.000000E+0	0.000000E+0	1.000000E+0	7.000000E+0	3.100000E+1	7.000000E+0	1.000000E+0	6.600000E+1
5.936423E+0	1.000000E+3	1.000300E+0	8.242000E-3	1.213662E+5	1.531432E+5	3.261000E-3	4.994000E-1	5.827600E-1	8.242000E-3	7.070614E+4	1.008740E+5	3.261000E-3	3.289500E-1	1.000000E+0	0.000000E+0	1.000000E+0	7.000000E+0	3.100000E+1	7.000000E+0	1.000000E+0	6.700000E+1
6.023978E+0	1.200000E+3	1.200200E+0	1.073000E-2	1.118546E+5	1.213628E+5	4.124000E-3	5.005000E-1	6.731700E-1	1.073000E-2	6.273719E+4	8.043647E+4	4.124000E-3	3.317200E-1	1.000000E+0	0.000000E+0	1.000000E+0	7.000000E+0	3.100000E+1	7.000000E+0	1.000000E+0	6.800000E+1
6.111533E+0	1.400000E+3	1.399800E+0	1.476700E-2	9.479244E+4	9.897233E+4	5.060000E-3	5.008000E-1	7.705700E-1	1.476700E-2	5.218189E+4	6.421937E+4	5.060000E-3	3.249500E-1	1.000000E+0	0.000000E+0	1.000000E+0	7.000000E+0	3.100000E+1	7.000000E+0	1.000000E+0	6.900000E+1
6.199071E+0	1.600000E+3	1.599400E+0	1.588200E-2	1.007052E+5	1.569727E+5	3.191000E-3	5.009000E-1	8.552700E-1	1.588200E-2	5.385153E+4	1.038859E+5	3.191000E-3	3.315000E-1	1.000000E+0	0.000000E+0	1.000000E+0	7.000000E+0	3.100000E+1	7.000000E+0	1.000000E+0	7.000000E+1
6.286576E+0	1.800000E+3	1.800900E+0	1.951000E-2	9.230651E+4	2.121817E+5	2.356000E-3	4.999000E-1	9.475000E-1	1.951000E-2	4.856484E+4	1.417402E+5	2.356000E-3	3.339400E-1	1.000000E+0	0.000000E+0	1.000000E+0	7.000000E+0	3.100000E+1	7.000000E+0	1.000000E+0	7.100000E+1
6.374048E+0	2.000000E+3	2.000100E+0	1.989300E-2	1.005429E+5	1.334046E+5	3.742000E-3	4.992000E-1	1.055340E+0	1.989300E-2	5.305082E+4	8.848210E+4	3.742000E-3	3.311000E-1	1.000000E+0	0.000000E+0	1.000000E+0	7.000000E+0	3.100000E+1	7.000000E+0	1.000000E+0	7.200000E+1
6.461503E+0	2.200000E+3	2.199900E+0	2.322000E-2	9.474160E+4	1.587357E+5	3.148000E-3	4.997000E-1	1.149840E+0	2.322000E-2	4.951938E+4	1.060419E+5	3.148000E-3	3.338200E-1	1.000000E+0	0.000000E+0	1.000000E+0	7.000000E+0	3.100000E+1	7.000000E+0	1.000000E+0	7.300000E+1
6.548841E+0	2.400000E+3	2.400600E+0	2.660600E-2	9.022777E+4	1.292141E+5	3.868000E-3	4.998000E-1	1.236940E+0	2.660600E-2	4.649102E+4	8.338418E+4	3.868000E-3	3.225300E-1	1.000000E+0	0.000000E+0	1.000000E+0	7.000000E+0	3.100000E+1	7.000000E+0	1.000000E+0	7.400000E+1
6.636346E+0	2.600000E+3	2.600800E+0	2.921800E-2	8.901362E+4	1.252376E+5	3.998000E-3	5.007000E-1	1.328760E+0	2.921800E-2	4.547745E+4	8.318409E+4	3.998000E-3	3.325700E-1	1.000000E+0	0.000000E+0	1.000000E+0	7.000000E+0	3.100000E+1	7.000000E+0	1.000000E+0	7.500000E+1
6.723968E+0	2.800000E+3	2.798900E+0	3.097500E-2	9.035997E+4	1.272173E+5	3.935000E-3	5.006000E-1	1.422180E+0	3.097500E-2	4.591380E+4	8.371537E+4	3.935000E-3	3.294200E-1	1.000000E+0	0.000000E+0	1.000000E+0	7.000000E+0	3.100000E+1	7.000000E+0	1.000000E+0	7.600000E+1
6.811540E+0	3.000000E+3	2.998800E+0	3.367500E-2	8.905122E+4	1.232152E+5	4.062000E-3	5.005000E-1	1.512500E+0	3.367500E-2	4.491463E+4	8.059084E+4	4.062000E-3	3.273600E-1	1.000000E+0	0.000000E+0	1.000000E+0	7.000000E+0	3.100000E+1	7.000000E+0	1.000000E+0	7.700000E+1
6.899028E+0	3.000000E+3	3.000200E+0	3.450700E-2	8.694468E+4	1.114981E+5	4.479000E-3	4.994000E-1	1.519940E+0	3.450700E-2	4.404729E+4	7.455012E+4	4.479000E-3	3.339100E-1	1.000000E+0	0.000000E+0	1.000000E+0	7.000000E+0	3.100000E+1	7.000000E+0	1.000000E+0	7.800000E+1
6.986483E+0	2.800000E+3	2.799900E+0	3.253600E-2	8.605545E+4	1.021650E+5	4.896000E-3	5.002000E-1	1.425110E+0	3.253600E-2	4.380102E+4	6.586601E+4	4.896000E-3	3.224800E-1	1.000000E+0	0.000000E+0	1.000000E+0	7.000000E+0	3.100000E+1	7.000000E+0	1.000000E+0	7.900000E+1
7.074055E+0	2.600000E+3	2.599400E+0	2.857400E-2	9.097081E+4	1.036929E+5	4.820000E-3	4.998000E-1	1.330190E+0	2.857400E-2	4.655246E+4	6.732158E+4	4.820000E-3	3.244900E-1	1.000000E+0	0.000000E+0	1.000000E+0	7.000000E+0	3.100000E+1	7.000000E+0	1.000000E+0	8.000000E+1
7.161710E+0	2.400000E+3	2.401400E+0	2.634200E-2	9.116240E+4	1.258178E+5	3.974000E-3	5.000000E-1	1.237660E+0	2.634200E-2	4.698428E+4	8.387519E+4	3.974000E-3	3.333200E-1	1.000000E+0	0.000000E+0	1.000000E+0	7.000000E+0	3.100000E+1	7.000000E+0	1.000000E+0	8.100000E+1
7.249215E+0	2.200000E+3	2.200900E+0	2.321700E-2	9.479692E+4	1.112885E+5	4.509000E-3	5.018000E-1	1.146970E+0	2.321700E-2	4.940216E+4	7.243069E+4	4.509000E-3	3.265900E-1	1.000000E+0	0.000000E+0	1.000000E+0	7.000000E+0	3.100000E+1	7.000000E+0	1.000000E+0	8.200000E+1
7.336870E+0	2.000000E+3	2.000200E+0	2.097700E-2	9.535205E+4	1.509508E+5	3.313000E-3	5.001000E-1	1.048160E+0	2.097700E-2	4.996711E+4	9.886810E+4	3.313000E-3	3.275500E-1	1.000000E+0	0.000000E+0	1.000000E+0	7.000000E+0	3.100000E+1	7.000000E+0	1.000000E+0	8.300000E+1
7.424475E+0	1.800000E+3	1.799400E+0	1.890600E-2	9.517613E+4	1.251314E+5	3.995000E-3	4.999000E-1	9.455700E-1	1.890600E-2	5.001428E+4	8.329662E+4	3.995000E-3	3.327700E-1	1.000000E+0	0.000000E+0	1.000000E+0	7.000000E+0	3.100000E+1	7.000000E+0	1.000000E+0	8.400000E+1
7.512046E+0	1.600000E+3	1.599800E+0	1.548000E-2	1.033463E+5	1.302683E+5	3.839000E-3	5.001000E-1	8.577400E-1	1.548000E-2	5.540956E+4	8.882261E+4	3.839000E-3	3.409900E-1	1.000000E+0	0.000000E+0	1.000000E+0	7.000000E+0	3.100000E+1	7.000000E+0	1.000000E+0	8.500000E+1
7.599718E+0	1.400000E+3	1.401000E+0	1.381100E-2	1.014409E+5	2.152127E+5	2.327000E-3	5.008000E-1	7.678300E-1	1.381100E-2	5.559554E+4	1.442458E+5	2.327000E-3	3.356600E-1	1.000000E+0	0.000000E+0	1.000000E+0	7.000000E+0	3.100000E+1	7.000000E+0	1.000000E+0	8.600000E+1
7.687206E+0	1.200000E+3	1.199700E+0	1.087900E-2	1.102767E+5	1.170452E+5	4.271000E-3	4.999000E-1	6.676600E-1	1.087900E-2	6.137145E+4	7.708733E+4	4.271000E-3	3.292400E-1	1.000000E+0	0.000000E+0	1.000000E+0	7.000000E+0	3.100000E+1	7.000000E+0	1.000000E+0	8.700000E+1
7.774795E+0	1.000000E+3	1.000000E+0	9.787000E-3	1.021764E+5	1.425873E+5	3.494000E-3	4.982000E-1	5.814100E-1	9.787000E-3	5.940636E+4	9.377504E+4	3.494000E-3	3.276500E-1	1.000000E+0	0.000000E+0	1.000000E+0	7.000000E+0	3.100000E+1	7.000000E+0	1.000000E+0	8.800000E+1
