Tiempo (min)	T (K) 	I pulso(mA)	Vinst 1 (V)	Iinst 1 (mA)	Rinst 1(Ohm)	Rinst 2 (Ohm)	Rrem 1 (Ohm)	Rrem 2 (Ohm)	Ibias 1 (mA)	Vbias 1 (V)	Ancho pulso (s)	Periodo (s)	Icc 1 (mA)	Vcc 1 (V)	Icc 2 (mA)	Vcc 2 (V)	Vp 4W (V)	Vb 4W (V)	N
1.928444E-2	2.908000E+2	1.000000E+2	1.002430E-1	1.666000E-5	6.016987E+6	3.083613E+6	1.263934E+7	1.192760E+7	3.953000E-5	4.996330E-1	1.000000E-2	0.000000E+0	1.000000E-2	1.000000E+0	1.000000E-2	1.000000E+0	5.137300E-2	4.714980E-1	1.000000E+0
5.847001E-2	2.908000E+2	1.500000E+2	1.500626E-1	3.037000E-5	4.941146E+6	2.279467E+6	8.050870E+6	1.012564E+6	6.208000E-5	4.997980E-1	1.000000E-2	0.000000E+0	1.000000E-2	1.000000E+0	1.000000E-2	1.000000E+0	6.922740E-2	6.286000E-2	2.000000E+0
9.743891E-2	2.908000E+2	2.000000E+2	1.995266E-1	2.609000E-5	7.647627E+6	2.619571E+6	7.032977E+6	9.053556E+5	7.114000E-5	5.003260E-1	1.000000E-2	0.000000E+0	1.000000E-2	1.000000E+0	1.000000E-2	1.000000E+0	6.834460E-2	6.440700E-2	3.000000E+0
1.362411E-1	2.908000E+2	2.500000E+2	2.501300E-1	4.480000E-5	5.583259E+6	1.285223E+6	7.031108E+6	1.109362E+6	7.114000E-5	5.001930E-1	1.000000E-2	0.000000E+0	1.000000E-2	1.000000E+0	1.000000E-2	1.000000E+0	5.757800E-2	7.892000E-2	4.000000E+0
1.750600E-1	2.908000E+2	3.000000E+2	3.000980E-1	5.875000E-5	5.108051E+6	1.180664E+6	8.625587E+6	1.047412E+6	5.796000E-5	4.999390E-1	1.000000E-2	0.000000E+0	1.000000E-2	1.000000E+0	1.000000E-2	1.000000E+0	6.936400E-2	6.070800E-2	5.000000E+0
2.137956E-1	2.908000E+2	3.500000E+2	3.495170E-1	3.775000E-5	9.258728E+6	1.656503E+6	9.939467E+6	1.518062E+6	5.027000E-5	4.996570E-1	1.000000E-2	0.000000E+0	1.000000E-2	1.000000E+0	1.000000E-2	1.000000E+0	6.253300E-2	7.631300E-2	6.000000E+0
2.526978E-1	2.908000E+2	4.000000E+2	4.003450E-1	6.785000E-5	5.900442E+6	1.132999E+6	9.715960E+6	1.463005E+6	5.144000E-5	4.997890E-1	1.000000E-2	0.000000E+0	1.000000E-2	1.000000E+0	1.000000E-2	1.000000E+0	7.687400E-2	7.525700E-2	7.000000E+0
2.915833E-1	2.908000E+2	4.500000E+2	4.495290E-1	4.018000E-5	1.118788E+7	1.647586E+6	9.727198E+6	1.210331E+6	5.140000E-5	4.999780E-1	1.000000E-2	0.000000E+0	1.000000E-2	1.000000E+0	1.000000E-2	1.000000E+0	6.620000E-2	6.221100E-2	8.000000E+0
3.307189E-1	2.908000E+2	5.000000E+2	5.000660E-1	5.905000E-5	8.468518E+6	1.353057E+6	6.276195E+6	9.628435E+5	7.969000E-5	5.001500E-1	1.000000E-2	0.000000E+0	1.000000E-2	1.000000E+0	1.000000E-2	1.000000E+0	7.989800E-2	7.672900E-2	9.000000E+0
3.695878E-1	2.908000E+2	5.500000E+2	5.495640E-1	6.353000E-5	8.650464E+6	1.270046E+6	1.089129E+7	1.605097E+6	4.591000E-5	5.000190E-1	1.000000E-2	0.000000E+0	1.000000E-2	1.000000E+0	1.000000E-2	1.000000E+0	8.068600E-2	7.369000E-2	1.000000E+1
4.083567E-1	2.908000E+2	6.000000E+2	5.998480E-1	6.478000E-5	9.259772E+6	1.036462E+6	6.159210E+6	9.585816E+5	8.122000E-5	5.002510E-1	1.000000E-2	0.000000E+0	1.000000E-2	1.000000E+0	1.000000E-2	1.000000E+0	6.714200E-2	7.785600E-2	1.100000E+1
4.470922E-1	2.906800E+2	6.500000E+2	6.504900E-1	9.042000E-5	7.194094E+6	9.146317E+5	8.120962E+6	1.115827E+6	6.154000E-5	4.997640E-1	1.000000E-2	0.000000E+0	1.000000E-2	1.000000E+0	1.000000E-2	1.000000E+0	8.270100E-2	6.866800E-2	1.200000E+1
4.858445E-1	2.906800E+2	7.000000E+2	6.997580E-1	9.618000E-5	7.275504E+6	7.528800E+5	1.013337E+7	1.240644E+6	4.938000E-5	5.003860E-1	1.000000E-2	0.000000E+0	1.000000E-2	1.000000E+0	1.000000E-2	1.000000E+0	7.241200E-2	6.126300E-2	1.300000E+1
5.252300E-1	2.906800E+2	7.500000E+2	7.498110E-1	9.071000E-5	8.266024E+6	9.497961E+5	8.684057E+6	1.273567E+6	5.758000E-5	5.000280E-1	1.000000E-2	0.000000E+0	1.000000E-2	1.000000E+0	1.000000E-2	1.000000E+0	8.615600E-2	7.333200E-2	1.400000E+1
5.635989E-1	2.906800E+2	8.000000E+2	8.000660E-1	1.031500E-4	7.756335E+6	7.134658E+5	8.084760E+6	1.298237E+6	6.181000E-5	4.997190E-1	1.000000E-2	0.000000E+0	1.000000E-2	1.000000E+0	1.000000E-2	1.000000E+0	7.359400E-2	8.024400E-2	1.500000E+1
6.020178E-1	2.906800E+2	8.000000E+2	7.999000E-1	1.151200E-4	6.948402E+6	7.804986E+5	7.392215E+6	9.727434E+5	6.769000E-5	5.003790E-1	1.000000E-2	0.000000E+0	1.000000E-2	1.000000E+0	1.000000E-2	1.000000E+0	8.985100E-2	6.584500E-2	1.600000E+1
6.408867E-1	2.906800E+2	7.500000E+2	7.498360E-1	8.765000E-5	8.554889E+6	7.903594E+5	6.282616E+6	1.020459E+6	7.967000E-5	5.005360E-1	1.000000E-2	0.000000E+0	1.000000E-2	1.000000E+0	1.000000E-2	1.000000E+0	6.927500E-2	8.130000E-2	1.700000E+1
6.797722E-1	2.906800E+2	7.000000E+2	6.998330E-1	1.040000E-4	6.729163E+6	7.441827E+5	1.051747E+7	1.300063E+6	4.752000E-5	4.997900E-1	1.000000E-2	0.000000E+0	1.000000E-2	1.000000E+0	1.000000E-2	1.000000E+0	7.739500E-2	6.177900E-2	1.800000E+1
7.186078E-1	2.906800E+2	6.500000E+2	6.495950E-1	6.775000E-5	9.588118E+6	1.202081E+6	6.858802E+6	1.012216E+6	7.294000E-5	5.002810E-1	1.000000E-2	0.000000E+0	1.000000E-2	1.000000E+0	1.000000E-2	1.000000E+0	8.144100E-2	7.383100E-2	1.900000E+1
7.575933E-1	2.906800E+2	6.000000E+2	5.996770E-1	7.460000E-5	8.038566E+6	9.054155E+5	7.176802E+6	1.120672E+6	6.966000E-5	4.999360E-1	1.000000E-2	0.000000E+0	1.000000E-2	1.000000E+0	1.000000E-2	1.000000E+0	6.754400E-2	7.806600E-2	2.000000E+1
7.963789E-1	2.906800E+2	5.500000E+2	5.499300E-1	8.201000E-5	6.705646E+6	9.989757E+5	8.822610E+6	1.096473E+6	5.670000E-5	5.002420E-1	1.000000E-2	0.000000E+0	1.000000E-2	1.000000E+0	1.000000E-2	1.000000E+0	8.192600E-2	6.217000E-2	2.100000E+1
8.352311E-1	2.906800E+2	5.000000E+2	5.002200E-1	5.888000E-5	8.495584E+6	1.109698E+6	6.464882E+6	1.006181E+6	7.734000E-5	4.999940E-1	1.000000E-2	0.000000E+0	1.000000E-2	1.000000E+0	1.000000E-2	1.000000E+0	6.533900E-2	7.781800E-2	2.200000E+1
8.740333E-1	2.908000E+2	4.500000E+2	4.499790E-1	7.004000E-5	6.424600E+6	1.035408E+6	1.341816E+7	1.715633E+6	3.723000E-5	4.995580E-1	1.000000E-2	0.000000E+0	1.000000E-2	1.000000E+0	1.000000E-2	1.000000E+0	7.252000E-2	6.387300E-2	2.300000E+1
9.129189E-1	2.908000E+2	4.000000E+2	4.000140E-1	3.746000E-5	1.067843E+7	1.874826E+6	6.787866E+6	1.009881E+6	7.368000E-5	5.001300E-1	1.000000E-2	0.000000E+0	1.000000E-2	1.000000E+0	1.000000E-2	1.000000E+0	7.023100E-2	7.440800E-2	2.400000E+1
9.517878E-1	2.908000E+2	3.500000E+2	3.495700E-1	5.199000E-5	6.723793E+6	1.404405E+6	9.366760E+6	1.437423E+6	5.331000E-5	4.993420E-1	1.000000E-2	0.000000E+0	1.000000E-2	1.000000E+0	1.000000E-2	1.000000E+0	7.301500E-2	7.662900E-2	2.500000E+1
9.907067E-1	2.908000E+2	3.000000E+2	3.002340E-1	5.642000E-5	5.321411E+6	1.304981E+6	8.442587E+6	1.025788E+6	5.929000E-5	5.005610E-1	1.000000E-2	0.000000E+0	1.000000E-2	1.000000E+0	1.000000E-2	1.000000E+0	7.362700E-2	6.081900E-2	2.600000E+1
1.029826E+0	2.906800E+2	2.500000E+2	2.503790E-1	2.070000E-5	1.209560E+7	2.971014E+6	6.925613E+6	1.101883E+6	7.223000E-5	5.002370E-1	1.000000E-2	0.000000E+0	1.000000E-2	1.000000E+0	1.000000E-2	1.000000E+0	6.150000E-2	7.958900E-2	2.700000E+1
1.068461E+0	2.906800E+2	2.000000E+2	1.994510E-1	2.899000E-5	6.879993E+6	2.359020E+6	9.396689E+6	1.477163E+6	5.316000E-5	4.995280E-1	1.000000E-2	0.000000E+0	1.000000E-2	1.000000E+0	1.000000E-2	1.000000E+0	6.838800E-2	7.852600E-2	2.800000E+1
1.107180E+0	2.906800E+2	1.500000E+2	1.498500E-1	2.400000E-7	6.243750E+8	2.386583E+8	6.391588E+6	9.679494E+5	7.822000E-5	4.999500E-1	1.000000E-2	0.000000E+0	1.000000E-2	1.000000E+0	1.000000E-2	1.000000E+0	5.727800E-2	7.571300E-2	2.900000E+1
1.146066E+0	2.906800E+2	1.000000E+2	9.976270E-2	2.392000E-5	4.170681E+6	2.681693E+6	9.667711E+6	1.201063E+6	5.172000E-5	5.000140E-1	1.000000E-2	0.000000E+0	1.000000E-2	1.000000E+0	1.000000E-2	1.000000E+0	6.414610E-2	6.211900E-2	3.000000E+1
1.185068E+0	2.906800E+2	5.000000E+1	4.984810E-2	-1.504000E-5	-3.314368E+6	-3.403085E+6	9.806616E+6	1.225206E+6	5.094000E-5	4.995490E-1	1.000000E-2	0.000000E+0	1.000000E-2	1.000000E+0	1.000000E-2	1.000000E+0	5.118240E-2	6.241200E-2	3.100000E+1
1.223420E+0	2.906800E+2	-5.000000E+1	-4.999350E-2	-6.220000E-6	8.037540E+6	-8.213039E+6	1.009717E+7	1.374475E+6	4.952000E-5	5.000120E-1	1.000000E-2	0.000000E+0	1.000000E-2	1.000000E+0	1.000000E-2	1.000000E+0	5.108510E-2	6.806400E-2	3.200000E+1
1.261722E+0	2.906800E+2	-1.000000E+2	-1.003142E-1	-2.985000E-5	3.360610E+6	-1.557122E+6	8.617310E+6	1.064017E+6	5.800000E-5	4.998040E-1	1.000000E-2	0.000000E+0	1.000000E-2	1.000000E+0	1.000000E-2	1.000000E+0	4.648010E-2	6.171300E-2	3.300000E+1
1.300441E+0	2.906800E+2	-1.500000E+2	-1.497340E-1	-2.932000E-5	5.106889E+6	-1.598799E+6	7.865167E+6	1.178063E+6	6.359000E-5	5.001460E-1	1.000000E-2	0.000000E+0	1.000000E-2	1.000000E+0	1.000000E-2	1.000000E+0	4.687680E-2	7.491300E-2	3.400000E+1
1.339060E+0	2.906800E+2	-2.000000E+2	-2.000101E-1	-2.998000E-5	6.671451E+6	-1.502205E+6	9.888452E+6	1.435713E+6	5.057000E-5	5.000590E-1	1.000000E-2	0.000000E+0	1.000000E-2	1.000000E+0	1.000000E-2	1.000000E+0	4.503610E-2	7.260400E-2	3.500000E+1
1.377829E+0	2.906800E+2	-2.500000E+2	-2.504490E-1	-5.072000E-5	4.937875E+6	-1.134207E+6	6.889832E+6	9.018738E+5	7.258000E-5	5.000640E-1	1.000000E-2	0.000000E+0	1.000000E-2	1.000000E+0	1.000000E-2	1.000000E+0	5.752700E-2	6.545800E-2	3.600000E+1
1.416798E+0	2.906800E+2	-3.000000E+2	-2.999190E-1	-6.588000E-5	4.552505E+6	-6.507893E+5	6.528954E+6	8.797440E+5	7.657000E-5	4.999220E-1	1.000000E-2	0.000000E+0	1.000000E-2	1.000000E+0	1.000000E-2	1.000000E+0	4.287400E-2	6.736200E-2	3.700000E+1
1.455700E+0	2.908000E+2	-3.500000E+2	-3.494990E-1	-3.458000E-5	1.010697E+7	-1.172903E+6	6.396660E+6	1.030036E+6	7.814000E-5	4.998350E-1	1.000000E-2	0.000000E+0	1.000000E-2	1.000000E+0	1.000000E-2	1.000000E+0	4.055900E-2	8.048700E-2	3.800000E+1
1.494519E+0	2.908000E+2	-4.000000E+2	-4.004990E-1	-4.904000E-5	8.166782E+6	-1.084360E+6	1.165639E+7	1.567406E+6	4.286000E-5	4.995930E-1	1.000000E-2	0.000000E+0	1.000000E-2	1.000000E+0	1.000000E-2	1.000000E+0	5.317700E-2	6.717900E-2	3.900000E+1
1.533288E+0	2.908000E+2	-4.500000E+2	-4.504070E-1	-6.825000E-5	6.599370E+6	-5.215971E+5	8.808918E+6	1.304300E+6	5.674000E-5	4.998180E-1	1.000000E-2	0.000000E+0	1.000000E-2	1.000000E+0	1.000000E-2	1.000000E+0	3.559900E-2	7.400600E-2	4.000000E+1
1.572557E+0	2.908000E+2	-5.000000E+2	-4.999340E-1	-8.820000E-5	5.668186E+6	-4.879819E+5	7.575527E+6	1.247780E+6	6.599000E-5	4.999090E-1	1.000000E-2	0.000000E+0	1.000000E-2	1.000000E+0	1.000000E-2	1.000000E+0	4.304000E-2	8.234100E-2	4.100000E+1
1.611459E+0	2.908000E+2	-5.500000E+2	-5.502970E-1	-6.412000E-5	8.582299E+6	-7.272614E+5	1.023910E+7	1.292810E+6	4.882000E-5	4.998730E-1	1.000000E-2	0.000000E+0	1.000000E-2	1.000000E+0	1.000000E-2	1.000000E+0	4.663200E-2	6.311500E-2	4.200000E+1
1.650211E+0	2.908000E+2	-6.000000E+2	-6.001740E-1	-8.010000E-5	7.492809E+6	-4.429089E+5	8.493346E+6	1.248022E+6	5.891000E-5	5.003430E-1	1.000000E-2	0.000000E+0	1.000000E-2	1.000000E+0	1.000000E-2	1.000000E+0	3.547700E-2	7.352100E-2	4.300000E+1
1.689163E+0	2.906800E+2	-6.500000E+2	-6.500910E-1	-7.972000E-5	8.154679E+6	-6.139614E+5	9.175321E+6	1.252881E+6	5.450000E-5	5.000550E-1	1.000000E-2	0.000000E+0	1.000000E-2	1.000000E+0	1.000000E-2	1.000000E+0	4.894500E-2	6.828200E-2	4.400000E+1
1.727982E+0	2.906800E+2	-7.000000E+2	-6.998530E-1	-9.973000E-5	7.017477E+6	-4.465858E+5	6.257375E+6	9.396722E+5	7.993000E-5	5.001520E-1	1.000000E-2	0.000000E+0	1.000000E-2	1.000000E+0	1.000000E-2	1.000000E+0	4.453800E-2	7.510800E-2	4.500000E+1
1.766651E+0	2.906800E+2	-7.500000E+2	-7.501110E-1	-1.181500E-4	6.348802E+6	-3.202455E+5	5.917972E+6	8.958471E+5	8.452000E-5	5.001870E-1	1.000000E-2	0.000000E+0	1.000000E-2	1.000000E+0	1.000000E-2	1.000000E+0	3.783700E-2	7.571700E-2	4.600000E+1
1.805537E+0	2.906800E+2	-8.000000E+2	-7.999700E-1	-1.038200E-4	7.705355E+6	-2.905413E+5	9.112830E+6	1.217095E+6	5.487000E-5	5.000210E-1	1.000000E-2	0.000000E+0	1.000000E-2	1.000000E+0	1.000000E-2	1.000000E+0	3.016400E-2	6.678200E-2	4.700000E+1
1.844506E+0	2.906800E+2	-8.000000E+2	-7.999890E-1	-9.991000E-5	8.007096E+6	-4.407567E+5	1.070328E+7	1.303598E+6	4.669000E-5	4.997360E-1	1.000000E-2	0.000000E+0	1.000000E-2	1.000000E+0	1.000000E-2	1.000000E+0	4.403600E-2	6.086500E-2	4.800000E+1
1.883324E+0	2.906800E+2	-7.500000E+2	-7.504950E-1	-1.068500E-4	7.023818E+6	-2.561909E+5	7.828500E+6	1.268869E+6	6.386000E-5	4.999280E-1	1.000000E-2	0.000000E+0	1.000000E-2	1.000000E+0	1.000000E-2	1.000000E+0	2.737400E-2	8.103000E-2	4.900000E+1
1.922310E+0	2.906800E+2	-7.000000E+2	-7.002060E-1	-8.484000E-5	8.253253E+6	-4.956388E+5	1.021676E+7	1.505383E+6	4.886000E-5	4.991910E-1	1.000000E-2	0.000000E+0	1.000000E-2	1.000000E+0	1.000000E-2	1.000000E+0	4.205000E-2	7.355300E-2	5.000000E+1
1.961379E+0	2.906800E+2	-6.500000E+2	-6.503040E-1	-7.960000E-5	8.169648E+6	-5.526005E+5	7.878375E+6	1.256261E+6	6.349000E-5	5.001980E-1	1.000000E-2	0.000000E+0	1.000000E-2	1.000000E+0	1.000000E-2	1.000000E+0	4.398700E-2	7.976000E-2	5.100000E+1
2.000414E+0	2.906800E+2	-6.000000E+2	-6.002220E-1	-9.663000E-5	6.211549E+6	-3.810928E+5	8.336735E+6	1.345439E+6	5.997000E-5	4.999540E-1	1.000000E-2	0.000000E+0	1.000000E-2	1.000000E+0	1.000000E-2	1.000000E+0	3.682500E-2	8.068600E-2	5.200000E+1
2.039133E+0	2.906800E+2	-5.500000E+2	-5.496260E-1	-7.324000E-5	7.504451E+6	-6.307346E+5	6.370115E+6	8.928917E+5	7.850000E-5	5.000540E-1	1.000000E-2	0.000000E+0	1.000000E-2	1.000000E+0	1.000000E-2	1.000000E+0	4.619500E-2	7.009200E-2	5.300000E+1
2.078102E+0	2.906800E+2	-5.000000E+2	-4.999350E-1	-5.912000E-5	8.456275E+6	-6.500338E+5	6.227768E+6	9.855810E+5	8.038000E-5	5.005880E-1	1.000000E-2	0.000000E+0	1.000000E-2	1.000000E+0	1.000000E-2	1.000000E+0	3.843000E-2	7.922100E-2	5.400000E+1
2.117021E+0	2.906800E+2	-4.500000E+2	-4.498090E-1	-4.955000E-5	9.077881E+6	-9.237336E+5	7.380995E+6	1.134421E+6	6.772000E-5	4.998410E-1	1.000000E-2	0.000000E+0	1.000000E-2	1.000000E+0	1.000000E-2	1.000000E+0	4.577100E-2	7.682300E-2	5.500000E+1
2.156523E+0	2.906800E+2	-4.000000E+2	-3.998230E-1	-6.432000E-5	6.216154E+6	-5.713464E+5	6.587006E+6	8.725250E+5	7.596000E-5	5.003490E-1	1.000000E-2	0.000000E+0	1.000000E-2	1.000000E+0	1.000000E-2	1.000000E+0	3.674900E-2	6.627700E-2	5.600000E+1
2.195909E+0	2.906800E+2	-3.500000E+2	-3.503280E-1	-4.866000E-5	7.199507E+6	-1.170654E+6	7.675299E+6	9.457476E+5	6.514000E-5	4.999690E-1	1.000000E-2	0.000000E+0	1.000000E-2	1.000000E+0	1.000000E-2	1.000000E+0	5.696400E-2	6.160600E-2	5.700000E+1
2.236095E+0	2.906800E+2	-3.000000E+2	-3.005410E-1	-3.667000E-5	8.195828E+6	-1.415762E+6	8.592201E+6	1.269868E+6	5.821000E-5	5.001520E-1	1.000000E-2	0.000000E+0	1.000000E-2	1.000000E+0	1.000000E-2	1.000000E+0	5.191600E-2	7.391900E-2	5.800000E+1
2.274880E+0	2.906800E+2	-2.500000E+2	-2.501060E-1	-3.608000E-5	6.931984E+6	-1.646092E+6	6.043992E+6	9.040861E+5	8.272000E-5	4.999590E-1	1.000000E-2	0.000000E+0	1.000000E-2	1.000000E+0	1.000000E-2	1.000000E+0	5.939100E-2	7.478600E-2	5.900000E+1
2.313882E+0	2.906800E+2	-2.000000E+2	-2.002580E-1	-2.905000E-5	6.893563E+6	-1.553115E+6	6.798260E+6	1.040620E+6	7.356000E-5	5.000800E-1	1.000000E-2	0.000000E+0	1.000000E-2	1.000000E+0	1.000000E-2	1.000000E+0	4.511800E-2	7.654800E-2	6.000000E+1
2.352768E+0	2.906800E+2	-1.500000E+2	-1.499370E-1	-1.991000E-5	7.530738E+6	-2.314515E+6	8.370025E+6	1.296937E+6	5.975000E-5	5.001090E-1	1.000000E-2	0.000000E+0	1.000000E-2	1.000000E+0	1.000000E-2	1.000000E+0	4.608200E-2	7.749200E-2	6.100000E+1
2.391587E+0	2.906800E+2	-1.000000E+2	-9.992800E-2	-2.444000E-5	4.088707E+6	-2.322128E+6	8.887089E+6	1.364236E+6	5.623000E-5	4.997210E-1	1.000000E-2	0.000000E+0	1.000000E-2	1.000000E+0	1.000000E-2	1.000000E+0	5.675280E-2	7.671100E-2	6.200000E+1
2.430339E+0	2.906800E+2	-5.000000E+1	-5.038290E-2	4.500000E-6	-1.119620E+7	1.362242E+7	6.880135E+6	1.032131E+6	7.264000E-5	4.997730E-1	1.000000E-2	0.000000E+0	1.000000E-2	1.000000E+0	1.000000E-2	1.000000E+0	6.130090E-2	7.497400E-2	6.300000E+1
2.469708E+0	2.906800E+2	5.000000E+1	4.974700E-2	4.880000E-6	1.019406E+7	1.395969E+7	8.430061E+6	1.135256E+6	5.928000E-5	4.997340E-1	1.000000E-2	0.000000E+0	1.000000E-2	1.000000E+0	1.000000E-2	1.000000E+0	6.812330E-2	6.729800E-2	6.400000E+1
2.509060E+0	2.906800E+2	1.000000E+2	9.970010E-2	1.969000E-5	5.063489E+6	3.103692E+6	6.238411E+6	9.445734E+5	8.016000E-5	5.000710E-1	1.000000E-2	0.000000E+0	1.000000E-2	1.000000E+0	1.000000E-2	1.000000E+0	6.111170E-2	7.571700E-2	6.500000E+1
2.547796E+0	2.906800E+2	1.500000E+2	1.496115E-1	2.545000E-5	5.878644E+6	2.738735E+6	1.001519E+7	1.153336E+6	4.991000E-5	4.998580E-1	1.000000E-2	0.000000E+0	1.000000E-2	1.000000E+0	1.000000E-2	1.000000E+0	6.970080E-2	5.756300E-2	6.600000E+1
