Tiempo (s)	Setpoint (K)	Temperatura (K)	dT/dt (K/min)	Potencia_LS (%)	Rrem1 (Ohm)	std Rrem1 (Ohm)	Rrem2 (Ohm)		std Rrem2 (Ohm)	V4W (V)	
33.857936E+0	207.470000E+0	207.470000E+0	NaN	51.000000E+0	8.187590E+6	8.187590E+6	943.844139E+0	943.844139E+0	500.098000E-3	
39.318249E+0	207.470000E+0	207.470000E+0	NaN	16.000000E+0	33.554668E+6	33.554668E+6	755.278711E+3	755.278711E+3	499.629000E-3	
44.777561E+0	207.652010E+0	207.530000E+0	NaN	14.000000E+0	11.706342E+6	11.706342E+6	275.904517E+3	275.904517E+3	500.212000E-3	
50.289876E+0	207.833987E+0	207.590000E+0	NaN	14.000000E+0	11.330306E+6	11.330306E+6	386.424689E+3	386.424689E+3	500.233000E-3	
55.814192E+0	208.017731E+0	207.650000E+0	NaN	16.000000E+0	15.279065E+6	15.279065E+6	577.388447E+3	577.388447E+3	499.931000E-3	
61.341508E+0	208.201875E+0	207.730000E+0	NaN	19.000000E+0	10.280164E+6	10.280164E+6	218.147996E+3	218.147996E+3	500.130000E-3	
66.830822E+0	208.386119E+0	207.790000E+0	NaN	24.000000E+0	25.455374E+6	25.455374E+6	725.983189E+3	725.983189E+3	499.689000E-3	
72.312136E+0	208.569096E+0	207.790000E+0	689.559940E-3	29.000000E+0	62.259900E+6	62.259900E+6	1.357273E+6	1.357273E+6	499.947000E-3	
77.793449E+0	208.751807E+0	207.850000E+0	724.975115E-3	36.000000E+0	12.851439E+6	12.851439E+6	273.761562E+3	273.761562E+3	500.178000E-3	
83.269763E+0	208.934517E+0	207.930000E+0	616.900437E-3	37.000000E+0	8.487795E+6	8.487795E+6	216.853675E+3	216.853675E+3	500.016000E-3	
88.754076E+0	209.117061E+0	207.990000E+0	473.007003E-3	44.000000E+0	12.136295E+6	12.136295E+6	208.214372E+3	208.214372E+3	499.894000E-3	
94.271392E+0	209.299871E+0	208.050000E+0	474.375592E-3	53.000000E+0	12.044458E+6	12.044458E+6	509.673494E+3	509.673494E+3	499.845000E-3	
99.783707E+0	209.483782E+0	208.050000E+0	620.452445E-3	60.000000E+0	23.766144E+6	23.766144E+6	465.068949E+3	465.068949E+3	499.802000E-3	
105.320024E+0	209.667526E+0	208.130000E+0	729.139135E-3	62.000000E+0	10.322229E+6	10.322229E+6	379.251806E+3	379.251806E+3	500.112000E-3	
110.859341E+0	209.852070E+0	208.190000E+0	582.407182E-3	65.000000E+0	9.680132E+6	9.680132E+6	205.845275E+3	205.845275E+3	499.882000E-3	
116.394657E+0	210.036713E+0	208.330000E+0	471.761652E-3	71.000000E+0	17.120589E+6	17.120589E+6	429.236040E+3	429.236040E+3	499.750000E-3	
121.892972E+0	210.221224E+0	208.390000E+0	506.419356E-3	72.000000E+0	11.570417E+6	11.570417E+6	266.625000E+3	266.625000E+3	499.842000E-3	
127.383286E+0	210.404501E+0	208.590000E+0	758.807295E-3	69.000000E+0	14.919845E+6	14.919845E+6	472.817070E+3	472.817070E+3	499.964000E-3	
132.867599E+0	210.587512E+0	208.790000E+0	976.520962E-3	65.000000E+0	8.386674E+6	8.386674E+6	338.751257E+3	338.751257E+3	500.349000E-3	
138.346913E+0	210.770322E+0	208.990000E+0	1.196930E+0	65.000000E+0	11.882248E+6	11.882248E+6	425.023764E+3	425.023764E+3	500.005000E-3	
143.864228E+0	210.952966E+0	209.330000E+0	1.564699E+0	65.000000E+0	21.443501E+6	21.443501E+6	522.691978E+3	522.691978E+3	499.848000E-3	
149.352542E+0	211.136876E+0	209.590000E+0	1.931856E+0	63.000000E+0	13.729953E+6	13.729953E+6	531.560868E+3	531.560868E+3	499.633000E-3	
154.837856E+0	211.319820E+0	209.860000E+0	2.440759E+0	60.000000E+0	8.551377E+6	8.551377E+6	227.253208E+3	227.253208E+3	499.828000E-3	
160.381173E+0	211.502664E+0	210.060000E+0	2.802156E+0	62.000000E+0	11.038375E+6	11.038375E+6	282.948775E+3	282.948775E+3	499.928000E-3	
165.862487E+0	211.687441E+0	210.260000E+0	3.038422E+0	58.000000E+0	10.240899E+6	10.240899E+6	317.957629E+3	317.957629E+3	800.019000E-3	
171.371802E+0	211.870152E+0	210.540000E+0	2.908630E+0	51.000000E+0	16.746703E+6	16.746703E+6	440.925267E+3	440.925267E+3	799.990000E-3	
176.855115E+0	212.053796E+0	210.950000E+0	2.543927E+0	49.000000E+0	9.282616E+6	9.282616E+6	276.918881E+3	276.918881E+3	799.883000E-3	
182.338429E+0	212.236573E+0	211.210000E+0	2.451446E+0	53.000000E+0	10.264754E+6	10.264754E+6	287.385445E+3	287.385445E+3	799.727000E-3	
187.857745E+0	212.419350E+0	211.490000E+0	2.854506E+0	50.000000E+0	9.937292E+6	9.937292E+6	328.505590E+3	328.505590E+3	799.952000E-3	
193.344059E+0	212.603327E+0	211.760000E+0	3.350747E+0	45.000000E+0	9.357153E+6	9.357153E+6	257.185051E+3	257.185051E+3	799.943000E-3	
198.851374E+0	212.786204E+0	211.970000E+0	3.458859E+0	45.000000E+0	12.747116E+6	12.747116E+6	409.844646E+3	409.844646E+3	800.009000E-3	
204.338687E+0	212.969781E+0	212.250000E+0	3.202961E+0	47.000000E+0	9.488860E+6	9.488860E+6	261.404081E+3	261.404081E+3	799.816000E-3	
209.826001E+0	213.152692E+0	212.450000E+0	2.854305E+0	41.000000E+0	11.500230E+6	11.500230E+6	301.417996E+3	301.417996E+3	800.071000E-3	
215.321316E+0	213.335602E+0	212.720000E+0	2.764066E+0	45.000000E+0	9.841147E+6	9.841147E+6	260.577089E+3	260.577089E+3	799.790000E-3	
220.864633E+0	213.518779E+0	213.000000E+0	2.639322E+0	45.000000E+0	10.508108E+6	10.508108E+6	297.718791E+3	297.718791E+3	799.667000E-3	
226.345946E+0	213.703557E+0	213.210000E+0	2.621986E+0	44.000000E+0	11.536938E+6	11.536938E+6	304.160900E+3	304.160900E+3	800.202000E-3	
231.839261E+0	213.886267E+0	213.350000E+0	2.727142E+0	44.000000E+0	14.041158E+6	14.041158E+6	341.440351E+3	341.440351E+3	800.346000E-3	
237.365576E+0	214.069377E+0	213.560000E+0	2.741316E+0	45.000000E+0	12.682617E+6	12.682617E+6	417.076923E+3	417.076923E+3	799.639000E-3	
242.858891E+0	214.253588E+0	213.690000E+0	2.523254E+0	47.000000E+0	13.499916E+6	13.499916E+6	338.998312E+3	338.998312E+3	799.870000E-3	
248.344204E+0	214.436698E+0	213.830000E+0	2.161984E+0	49.000000E+0	13.968063E+6	13.968063E+6	376.520942E+3	376.520942E+3	800.370000E-3	
253.833519E+0	214.619542E+0	213.970000E+0	1.890145E+0	50.000000E+0	11.598941E+6	11.598941E+6	321.204321E+3	321.204321E+3	799.863000E-3	
259.323833E+0	214.802519E+0	214.110000E+0	1.744175E+0	49.000000E+0	11.896405E+6	11.896405E+6	315.707919E+3	315.707919E+3	800.747000E-3	
264.809146E+0	214.985530E+0	214.320000E+0	1.619213E+0	54.000000E+0	14.923545E+6	14.923545E+6	486.430037E+3	486.430037E+3	799.902000E-3	
270.297460E+0	215.168374E+0	214.460000E+0	1.512168E+0	56.000000E+0	8.848208E+6	8.848208E+6	281.697633E+3	281.697633E+3	800.055000E-3	
275.811776E+0	215.351317E+0	214.590000E+0	1.658080E+0	54.000000E+0	16.866786E+6	16.866786E+6	473.789540E+3	473.789540E+3	799.823000E-3	
281.304090E+0	215.535128E+0	214.810000E+0	1.785705E+0	57.000000E+0	9.451690E+6	9.451690E+6	249.498464E+3	249.498464E+3	799.991000E-3	
286.814405E+0	215.718205E+0	214.940000E+0	1.766461E+0	59.000000E+0	12.139314E+6	12.139314E+6	326.770818E+3	326.770818E+3	800.345000E-3	
292.320720E+0	215.901882E+0	215.090000E+0	1.764665E+0	58.000000E+0	13.922603E+6	13.922603E+6	431.813120E+3	431.813120E+3	800.132000E-3	
297.851036E+0	216.085426E+0	215.230000E+0	1.762984E+0	60.000000E+0	9.544715E+6	9.544715E+6	251.984013E+3	251.984013E+3	800.038000E-3	
303.360351E+0	216.269770E+0	215.440000E+0	1.780514E+0	59.000000E+0	12.430085E+6	12.430085E+6	407.674437E+3	407.674437E+3	799.876000E-3	
308.851665E+0	216.453414E+0	215.580000E+0	1.670057E+0	57.000000E+0	11.463062E+6	11.463062E+6	281.090662E+3	281.090662E+3	800.351000E-3	
314.334979E+0	216.636458E+0	215.790000E+0	1.667924E+0	55.000000E+0	10.928259E+6	10.928259E+6	318.144710E+3	318.144710E+3	800.495000E-3	
319.839293E+0	216.819235E+0	216.000000E+0	1.795929E+0	58.000000E+0	10.952594E+6	10.952594E+6	376.132101E+3	376.132101E+3	800.087000E-3	
325.320607E+0	217.002712E+0	216.220000E+0	1.908241E+0	58.000000E+0	9.165628E+6	9.165628E+6	250.137441E+3	250.137441E+3	800.251000E-3	
330.828922E+0	217.185422E+0	216.430000E+0	2.038658E+0	53.000000E+0	15.540781E+6	15.540781E+6	394.981543E+3	394.981543E+3	799.884000E-3	
336.312236E+0	217.369033E+0	216.710000E+0	2.185172E+0	55.000000E+0	12.178566E+6	12.178566E+6	385.076115E+3	385.076115E+3	800.010000E-3	
341.806550E+0	217.551810E+0	216.930000E+0	2.329893E+0	57.000000E+0	11.927922E+6	11.927922E+6	289.757007E+3	289.757007E+3	800.125000E-3	
347.327866E+0	217.734954E+0	217.140000E+0	2.456985E+0	54.000000E+0	12.843219E+6	12.843219E+6	375.520783E+3	375.520783E+3	800.261000E-3	
352.845181E+0	217.918998E+0	217.350000E+0	2.585087E+0	54.000000E+0	16.153535E+6	16.153535E+6	397.290909E+3	397.290909E+3	799.600000E-3	
358.349496E+0	218.102908E+0	217.560000E+0	2.583240E+0	55.000000E+0	13.948265E+6	13.948265E+6	394.469922E+3	394.469922E+3	799.933000E-3	
363.833810E+0	218.286385E+0	217.790000E+0	2.452616E+0	55.000000E+0	11.718676E+6	11.718676E+6	386.846345E+3	386.846345E+3	800.034000E-3	
369.319124E+0	218.469196E+0	217.920000E+0	2.303810E+0	54.000000E+0	9.065715E+6	9.065715E+6	297.918083E+3	297.918083E+3	800.140000E-3	
374.805438E+0	218.652040E+0	218.140000E+0	2.323929E+0	52.000000E+0	11.308525E+6	11.308525E+6	294.954758E+3	294.954758E+3	799.852000E-3	
380.279751E+0	218.834917E+0	218.360000E+0	2.219323E+0	54.000000E+0	12.342824E+6	12.342824E+6	444.010031E+3	444.010031E+3	799.815000E-3	
385.724062E+0	219.017394E+0	218.570000E+0	2.095195E+0	46.000000E+0	10.527353E+6	10.527353E+6	362.179808E+3	362.179808E+3	799.763000E-3	
393.713519E+0	219.198871E+0	219.150000E+0	2.097241E+0	49.000000E+0	16.690903E+6	16.690903E+6	426.555393E+3	426.555393E+3	799.995000E-3	
399.134829E+0	219.465186E+0	219.220000E+0	2.228528E+0	46.000000E+0	12.734214E+6	12.734214E+6	411.968636E+3	411.968636E+3	799.836000E-3	
404.565140E+0	219.645896E+0	219.290000E+0	2.766659E+0	53.000000E+0	9.132348E+6	9.132348E+6	272.669443E+3	272.669443E+3	800.359000E-3	
410.043453E+0	219.826907E+0	219.430000E+0	2.933156E+0	53.000000E+0	9.630501E+6	9.630501E+6	296.544295E+3	296.544295E+3	800.102000E-3	
415.475764E+0	220.009517E+0	219.580000E+0	2.403537E+0	55.000000E+0	14.803109E+6	14.803109E+6	346.517675E+3	346.517675E+3	799.812000E-3	
420.902074E+0	220.190594E+0	219.730000E+0	1.612413E+0	55.000000E+0	10.564497E+6	10.564497E+6	352.343544E+3	352.343544E+3	800.155000E-3	
426.389388E+0	220.371471E+0	219.870000E+0	1.174634E+0	58.000000E+0	15.644623E+6	15.644623E+6	417.771803E+3	417.771803E+3	800.066000E-3	
431.845700E+0	220.554382E+0	220.020000E+0	1.469165E+0	57.000000E+0	11.443178E+6	11.443178E+6	256.073370E+3	256.073370E+3	800.107000E-3	
437.275011E+0	220.736259E+0	220.240000E+0	1.615594E+0	58.000000E+0	9.430988E+6	9.430988E+6	305.882838E+3	305.882838E+3	800.125000E-3	
442.766325E+0	220.917236E+0	220.380000E+0	1.613991E+0	54.000000E+0	19.336889E+6	19.336889E+6	461.041364E+3	461.041364E+3	799.387000E-3	
448.260639E+0	221.100280E+0	220.530000E+0	1.741230E+0	60.000000E+0	11.747622E+6	11.747622E+6	294.844392E+3	294.844392E+3	800.248000E-3	
453.750953E+0	221.283423E+0	220.680000E+0	1.869088E+0	64.000000E+0	9.675692E+6	9.675692E+6	321.856936E+3	321.856936E+3	800.083000E-3	
459.267269E+0	221.466434E+0	220.890000E+0	1.867061E+0	61.000000E+0	11.063523E+6	11.063523E+6	331.624032E+3	331.624032E+3	800.114000E-3	
464.751582E+0	221.650311E+0	221.110000E+0	1.733483E+0	62.000000E+0	9.144034E+6	9.144034E+6	237.718286E+3	237.718286E+3	800.103000E-3	
470.239896E+0	221.833122E+0	221.260000E+0	1.728332E+0	63.000000E+0	14.282396E+6	14.282396E+6	392.962864E+3	392.962864E+3	799.957000E-3	
475.773212E+0	222.016065E+0	221.400000E+0	1.982143E+0	65.000000E+0	9.083400E+6	9.083400E+6	258.842398E+3	258.842398E+3	799.975000E-3	
481.258526E+0	222.200509E+0	221.550000E+0	2.110330E+0	68.000000E+0	14.476425E+6	14.476425E+6	360.834087E+3	360.834087E+3	800.112000E-3	
486.735840E+0	222.383353E+0	221.770000E+0	1.982417E+0	65.000000E+0	10.531846E+6	10.531846E+6	285.288968E+3	285.288968E+3	799.999000E-3	
492.244154E+0	222.565930E+0	221.920000E+0	1.727025E+0	63.000000E+0	13.379615E+6	13.379615E+6	368.006689E+3	368.006689E+3	800.101000E-3	
497.752470E+0	222.749541E+0	222.150000E+0	1.727640E+0	65.000000E+0	9.742741E+6	9.742741E+6	330.517661E+3	330.517661E+3	799.879000E-3	
503.282786E+0	222.933151E+0	222.360000E+0	1.875009E+0	61.000000E+0	15.735019E+6	15.735019E+6	428.486130E+3	428.486130E+3	799.811000E-3	
508.811102E+0	223.117495E+0	222.510000E+0	2.038494E+0	66.000000E+0	9.062834E+6	9.062834E+6	265.245809E+3	265.245809E+3	800.067000E-3	
514.301416E+0	223.301772E+0	222.730000E+0	2.160674E+0	63.000000E+0	12.290567E+6	12.290567E+6	422.605623E+3	422.605623E+3	799.993000E-3	
519.787730E+0	223.484783E+0	222.960000E+0	2.138141E+0	62.000000E+0	9.263886E+6	9.263886E+6	228.546054E+3	228.546054E+3	800.585000E-3	
525.273044E+0	223.667660E+0	223.180000E+0	2.119865E+0	58.000000E+0	13.681317E+6	13.681317E+6	465.560308E+3	465.560308E+3	799.673000E-3	
530.758358E+0	223.850504E+0	223.410000E+0	2.142589E+0	54.000000E+0	10.488121E+6	10.488121E+6	368.300118E+3	368.300118E+3	799.929000E-3	
536.248672E+0	224.033347E+0	223.630000E+0	2.311811E+0	60.000000E+0	11.697294E+6	11.697294E+6	320.010971E+3	320.010971E+3	799.627000E-3	
541.735985E+0	224.216358E+0	223.850000E+0	2.460594E+0	55.000000E+0	13.982185E+6	13.982185E+6	458.569056E+3	458.569056E+3	799.781000E-3	
547.219299E+0	224.399268E+0	224.080000E+0	2.460669E+0	60.000000E+0	10.200740E+6	10.200740E+6	320.531182E+3	320.531182E+3	799.840000E-3	
552.714613E+0	224.582045E+0	224.230000E+0	2.442001E+0	63.000000E+0	11.774868E+6	11.774868E+6	394.678487E+3	394.678487E+3	800.220000E-3	
558.187926E+0	224.765223E+0	224.380000E+0	2.442001E+0	62.000000E+0	12.050316E+6	12.050316E+6	289.155365E+3	289.155365E+3	799.659000E-3	
563.655239E+0	224.947666E+0	224.600000E+0	2.314257E+0	64.000000E+0	10.655061E+6	10.655061E+6	344.382658E+3	344.382658E+3	799.982000E-3	
569.141553E+0	225.129910E+0	224.750000E+0	2.059641E+0	62.000000E+0	10.866911E+6	10.866911E+6	255.593347E+3	255.593347E+3	800.348000E-3	
574.639867E+0	225.312787E+0	224.900000E+0	1.915647E+0	60.000000E+0	10.765815E+6	10.765815E+6	272.920759E+3	272.920759E+3	800.223000E-3	
580.134181E+0	225.496064E+0	225.050000E+0	1.898968E+0	58.000000E+0	9.987619E+6	9.987619E+6	368.369945E+3	368.369945E+3	800.208000E-3	
585.681499E+0	225.679208E+0	225.290000E+0	1.898171E+0	60.000000E+0	9.581593E+6	9.581593E+6	239.406587E+3	239.406587E+3	800.063000E-3	
591.203815E+0	225.864119E+0	225.440000E+0	1.767614E+0	67.000000E+0	11.704740E+6	11.704740E+6	271.608632E+3	271.608632E+3	800.019000E-3	
596.691129E+0	226.048196E+0	225.590000E+0	1.798455E+0	61.000000E+0	12.145445E+6	12.145445E+6	406.181294E+3	406.181294E+3	799.899000E-3	
602.173442E+0	226.231106E+0	225.810000E+0	1.956868E+0	66.000000E+0	10.425596E+6	10.425596E+6	367.232504E+3	367.232504E+3	799.956000E-3	
607.665756E+0	226.413850E+0	225.960000E+0	1.956025E+0	60.000000E+0	14.541564E+6	14.541564E+6	386.864545E+3	386.864545E+3	799.786000E-3	
613.184072E+0	226.596927E+0	226.180000E+0	1.924198E+0	60.000000E+0	12.870068E+6	12.870068E+6	322.149179E+3	322.149179E+3	799.746000E-3	
618.674386E+0	226.780871E+0	226.340000E+0	1.893850E+0	68.000000E+0	9.978087E+6	9.978087E+6	358.697930E+3	358.697930E+3	800.043000E-3	
624.161700E+0	226.963882E+0	226.490000E+0	2.020950E+0	58.000000E+0	10.699679E+6	10.699679E+6	283.871054E+3	283.871054E+3	799.908000E-3	
629.645013E+0	227.146792E+0	226.640000E+0	2.036728E+0	66.000000E+0	10.003250E+6	10.003250E+6	247.975000E+3	247.975000E+3	800.260000E-3	
635.134327E+0	227.329569E+0	226.880000E+0	1.927230E+0	61.000000E+0	15.009330E+6	15.009330E+6	378.668106E+3	378.668106E+3	799.547000E-3	
640.638642E+0	227.512546E+0	227.100000E+0	1.802067E+0	59.000000E+0	13.568017E+6	13.568017E+6	366.395763E+3	366.395763E+3	800.513000E-3	
646.127956E+0	227.696024E+0	227.330000E+0	1.822560E+0	63.000000E+0	8.853359E+6	8.853359E+6	318.111787E+3	318.111787E+3	799.901000E-3	
651.629271E+0	227.879001E+0	227.490000E+0	2.094623E+0	60.000000E+0	12.519233E+6	12.519233E+6	418.520344E+3	418.520344E+3	799.979000E-3	
657.105584E+0	228.062378E+0	227.720000E+0	2.366364E+0	65.000000E+0	12.422509E+6	12.422509E+6	342.600124E+3	342.600124E+3	800.258000E-3	
662.593898E+0	228.244922E+0	227.880000E+0	2.365200E+0	62.000000E+0	10.488641E+6	10.488641E+6	304.742261E+3	304.742261E+3	799.654000E-3	
668.067211E+0	228.427865E+0	228.030000E+0	2.238888E+0	60.000000E+0	11.596681E+6	11.596681E+6	310.084783E+3	310.084783E+3	800.171000E-3	
673.542524E+0	228.610309E+0	228.260000E+0	2.131610E+0	63.000000E+0	9.449380E+6	9.449380E+6	318.070880E+3	318.070880E+3	799.890000E-3	
679.023838E+0	228.792820E+0	228.410000E+0	1.987524E+0	63.000000E+0	9.285018E+6	9.285018E+6	269.716839E+3	269.716839E+3	800.090000E-3	
684.507152E+0	228.975530E+0	228.560000E+0	1.971139E+0	59.000000E+0	9.908334E+6	9.908334E+6	250.369040E+3	250.369040E+3	800.098000E-3	
689.994465E+0	229.158307E+0	228.720000E+0	1.953405E+0	73.000000E+0	14.040400E+6	14.040400E+6	417.749210E+3	417.749210E+3	800.022000E-3	
695.515781E+0	229.341218E+0	228.950000E+0	1.935009E+0	66.000000E+0	10.941917E+6	10.941917E+6	367.874043E+3	367.874043E+3	800.073000E-3	
701.026096E+0	229.525261E+0	229.110000E+0	1.806004E+0	70.000000E+0	10.226896E+6	10.226896E+6	274.514004E+3	274.514004E+3	799.641000E-3	
706.514410E+0	229.708939E+0	229.260000E+0	1.820895E+0	68.000000E+0	15.660697E+6	15.660697E+6	423.306909E+3	423.306909E+3	800.105000E-3	
712.004724E+0	229.891882E+0	229.490000E+0	1.980738E+0	69.000000E+0	10.532556E+6	10.532556E+6	248.085737E+3	248.085737E+3	799.737000E-3	
717.502038E+0	230.074893E+0	229.640000E+0	1.979299E+0	70.000000E+0	8.629666E+6	8.629666E+6	252.608414E+3	252.608414E+3	799.970000E-3	
722.993353E+0	230.258137E+0	229.810000E+0	1.963018E+0	69.000000E+0	12.653945E+6	12.653945E+6	350.792095E+3	350.792095E+3	800.362000E-3	
728.502668E+0	230.441181E+0	229.970000E+0	1.947648E+0	74.000000E+0	11.102946E+6	11.102946E+6	369.210782E+3	369.210782E+3	799.079000E-3	
733.991982E+0	230.624824E+0	230.120000E+0	1.966361E+0	74.000000E+0	12.481201E+6	12.481201E+6	318.086583E+3	318.086583E+3	800.045000E-3	
739.476295E+0	230.807802E+0	230.280000E+0	1.874073E+0	72.000000E+0	14.990725E+6	14.990725E+6	396.671351E+3	396.671351E+3	800.055000E-3	
744.970610E+0	230.990612E+0	230.590000E+0	1.746093E+0	73.000000E+0	11.552159E+6	11.552159E+6	292.696751E+3	292.696751E+3	799.987000E-3	
750.456923E+0	231.173756E+0	230.740000E+0	1.728663E+0	70.000000E+0	13.135249E+6	13.135249E+6	355.257757E+3	355.257757E+3	800.068000E-3	
755.938237E+0	231.356633E+0	230.970000E+0	1.984907E+0	70.000000E+0	10.583269E+6	10.583269E+6	385.751820E+3	385.751820E+3	799.566000E-3	
761.460553E+0	231.539343E+0	231.140000E+0	2.259039E+0	69.000000E+0	10.322543E+6	10.322543E+6	387.837890E+3	387.837890E+3	800.410000E-3	
766.941866E+0	231.723421E+0	231.370000E+0	2.386997E+0	68.000000E+0	8.612185E+6	8.612185E+6	291.031216E+3	291.031216E+3	800.072000E-3	
772.484183E+0	231.906131E+0	231.520000E+0	2.257820E+0	67.000000E+0	8.921582E+6	8.921582E+6	274.767455E+3	274.767455E+3	799.909000E-3	
777.987498E+0	232.090875E+0	231.680000E+0	2.147014E+0	74.000000E+0	9.181965E+6	9.181965E+6	250.236483E+3	250.236483E+3	799.841000E-3	
783.517815E+0	232.274319E+0	231.840000E+0	2.143494E+0	68.000000E+0	8.619100E+6	8.619100E+6	303.970715E+3	303.970715E+3	800.542000E-3	
789.033130E+0	232.458663E+0	232.080000E+0	1.977769E+0	71.000000E+0	12.725819E+6	12.725819E+6	318.748013E+3	318.748013E+3	800.454000E-3	
794.547445E+0	232.642506E+0	232.240000E+0	1.830781E+0	68.000000E+0	10.302628E+6	10.302628E+6	336.017004E+3	336.017004E+3	799.793000E-3	
800.060761E+0	232.826317E+0	232.390000E+0	1.865621E+0	66.000000E+0	13.773214E+6	13.773214E+6	378.323291E+3	378.323291E+3	800.086000E-3	
805.548075E+0	233.010094E+0	232.640000E+0	2.029632E+0	69.000000E+0	12.789402E+6	12.789402E+6	389.566816E+3	389.566816E+3	800.105000E-3	
811.042389E+0	233.193005E+0	232.880000E+0	2.011811E+0	70.000000E+0	12.062998E+6	12.062998E+6	332.018245E+3	332.018245E+3	800.018000E-3	
816.533703E+0	233.376148E+0	233.040000E+0	2.014774E+0	66.000000E+0	12.651859E+6	12.651859E+6	433.801614E+3	433.801614E+3	799.724000E-3	
822.018017E+0	233.559192E+0	233.260000E+0	2.181855E+0	67.000000E+0	8.677077E+6	8.677077E+6	309.897528E+3	309.897528E+3	800.200000E-3	
827.505331E+0	233.742003E+0	233.440000E+0	2.347855E+0	70.000000E+0	10.832941E+6	10.832941E+6	282.913450E+3	282.913450E+3	799.796000E-3	
832.995645E+0	233.924913E+0	233.590000E+0	2.313067E+0	73.000000E+0	11.601711E+6	11.601711E+6	402.334687E+3	402.334687E+3	800.054000E-3	
838.480958E+0	234.107924E+0	233.750000E+0	2.149821E+0	70.000000E+0	10.944306E+6	10.944306E+6	281.946685E+3	281.946685E+3	800.576000E-3	
843.971272E+0	234.290767E+0	233.910000E+0	2.022820E+0	76.000000E+0	9.353263E+6	9.353263E+6	303.291228E+3	303.291228E+3	799.704000E-3	
849.458586E+0	234.473778E+0	234.070000E+0	1.895264E+0	76.000000E+0	10.527912E+6	10.527912E+6	311.500855E+3	311.500855E+3	800.016000E-3	
854.941900E+0	234.656688E+0	234.160000E+0	1.749221E+0	77.000000E+0	12.171785E+6	12.171785E+6	302.165576E+3	302.165576E+3	799.808000E-3	
860.422213E+0	234.839465E+0	234.310000E+0	1.731002E+0	78.000000E+0	10.300605E+6	10.300605E+6	269.220420E+3	269.220420E+3	800.048000E-3	
865.906527E+0	235.022143E+0	234.470000E+0	1.621877E+0	76.000000E+0	13.554569E+6	13.554569E+6	351.110358E+3	351.110358E+3	799.584000E-3	
871.395841E+0	235.204953E+0	234.630000E+0	1.476578E+0	76.000000E+0	9.882413E+6	9.882413E+6	373.656910E+3	373.656910E+3	800.179000E-3	
876.884155E+0	235.387930E+0	234.880000E+0	1.459028E+0	77.000000E+0	8.370384E+6	8.370384E+6	297.401402E+3	297.401402E+3	800.125000E-3	
882.377469E+0	235.570874E+0	235.110000E+0	1.586482E+0	72.000000E+0	11.849956E+6	11.849956E+6	356.908323E+3	356.908323E+3	800.109000E-3	
887.868783E+0	235.753984E+0	235.280000E+0	1.895645E+0	72.000000E+0	9.587260E+6	9.587260E+6	282.672579E+3	282.672579E+3	799.961000E-3	
893.352097E+0	235.937028E+0	235.510000E+0	2.204378E+0	74.000000E+0	9.314627E+6	9.314627E+6	264.313497E+3	264.313497E+3	799.847000E-3	
898.837410E+0	236.119805E+0	235.760000E+0	2.349452E+0	68.000000E+0	9.652394E+6	9.652394E+6	281.722953E+3	281.722953E+3	800.280000E-3	
904.323724E+0	236.302649E+0	236.010000E+0	2.331432E+0	68.000000E+0	17.394799E+6	17.394799E+6	496.930359E+3	496.930359E+3	799.291000E-3	
909.815038E+0	236.485526E+0	236.170000E+0	2.332468E+0	68.000000E+0	9.336743E+6	9.336743E+6	289.536486E+3	289.536486E+3	799.692000E-3	
915.310353E+0	236.668570E+0	236.330000E+0	2.515619E+0	77.000000E+0	10.996564E+6	10.996564E+6	392.660115E+3	392.660115E+3	800.110000E-3	
920.822668E+0	236.851747E+0	236.490000E+0	2.533639E+0	72.000000E+0	8.181599E+6	8.181599E+6	228.637804E+3	228.637804E+3	800.324000E-3	
926.304982E+0	237.035491E+0	236.650000E+0	2.240942E+0	71.000000E+0	8.707761E+6	8.707761E+6	335.726570E+3	335.726570E+3	799.982000E-3	
931.785295E+0	237.218235E+0	236.890000E+0	1.910915E+0	67.000000E+0	9.409631E+6	9.409631E+6	322.324200E+3	322.324200E+3	800.195000E-3	
937.271609E+0	237.400912E+0	237.140000E+0	1.746044E+0	74.000000E+0	10.941089E+6	10.941089E+6	307.762960E+3	307.762960E+3	799.903000E-3	
942.811926E+0	237.583789E+0	237.390000E+0	1.893269E+0	68.000000E+0	9.405116E+6	9.405116E+6	265.926732E+3	265.926732E+3	799.717000E-3	
948.326241E+0	237.768466E+0	237.640000E+0	2.205475E+0	77.000000E+0	11.415794E+6	11.415794E+6	378.902126E+3	378.902126E+3	800.133000E-3	
953.818555E+0	237.952277E+0	237.800000E+0	2.530268E+0	71.000000E+0	9.875812E+6	9.875812E+6	266.327942E+3	266.327942E+3	799.842000E-3	
959.301869E+0	238.135354E+0	237.870000E+0	2.705114E+0	75.000000E+0	9.964278E+6	9.964278E+6	276.304998E+3	276.304998E+3	799.434000E-3	
964.793183E+0	238.318131E+0	238.050000E+0	2.556499E+0	73.000000E+0	11.691975E+6	11.691975E+6	397.009940E+3	397.009940E+3	799.848000E-3	
970.280497E+0	238.501175E+0	238.210000E+0	2.068714E+0	74.000000E+0	8.915047E+6	8.915047E+6	264.805506E+3	264.805506E+3	799.858000E-3	
975.764811E+0	238.684085E+0	238.370000E+0	1.619712E+0	74.000000E+0	9.696908E+6	9.696908E+6	260.137020E+3	260.137020E+3	799.704000E-3	
981.270125E+0	238.866896E+0	238.530000E+0	1.494092E+0	74.000000E+0	10.625485E+6	10.625485E+6	297.769588E+3	297.769588E+3	800.099000E-3	
986.749439E+0	239.050406E+0	238.700000E+0	1.658304E+0	74.000000E+0	10.693261E+6	10.693261E+6	269.664394E+3	269.664394E+3	799.749000E-3	
992.252754E+0	239.233050E+0	238.950000E+0	1.785075E+0	78.000000E+0	13.009694E+6	13.009694E+6	377.583767E+3	377.583767E+3	799.836000E-3	
997.748068E+0	239.416494E+0	239.200000E+0	1.766530E+0	74.000000E+0	8.985347E+6	8.985347E+6	242.832922E+3	242.832922E+3	800.235000E-3	
1.003319E+3	239.599671E+0	239.280000E+0	1.948051E+0	78.000000E+0	12.623197E+6	12.623197E+6	324.814581E+3	324.814581E+3	799.932000E-3	
1.008800E+3	239.785382E+0	239.450000E+0	2.274888E+0	74.000000E+0	13.348114E+6	13.348114E+6	370.671729E+3	370.671729E+3	799.819000E-3	
1.014285E+3	239.968059E+0	239.610000E+0	2.270436E+0	82.000000E+0	9.936365E+6	9.936365E+6	339.421046E+3	339.421046E+3	799.778000E-3	
1.019775E+3	240.150903E+0	239.700000E+0	1.958013E+0	83.000000E+0	9.891688E+6	9.891688E+6	291.309215E+3	291.309215E+3	799.743000E-3	
1.025265E+3	240.333913E+0	239.860000E+0	1.650690E+0	81.000000E+0	13.360811E+6	13.360811E+6	460.900818E+3	460.900818E+3	800.179000E-3	
1.030755E+3	240.516890E+0	240.020000E+0	1.509857E+0	78.000000E+0	10.206721E+6	10.206721E+6	271.981890E+3	271.981890E+3	800.309000E-3	
1.036230E+3	240.699901E+0	240.190000E+0	1.512824E+0	82.000000E+0	8.573811E+6	8.573811E+6	243.043828E+3	243.043828E+3	800.108000E-3	
1.041717E+3	240.882411E+0	240.440000E+0	1.493841E+0	85.000000E+0	11.411610E+6	11.411610E+6	299.148481E+3	299.148481E+3	800.068000E-3	
1.047202E+3	241.065288E+0	240.620000E+0	1.640167E+0	89.000000E+0	10.702676E+6	10.702676E+6	360.122441E+3	360.122441E+3	799.811000E-3	
1.052694E+3	241.248132E+0	240.780000E+0	1.951088E+0	80.000000E+0	13.362776E+6	13.362776E+6	410.084335E+3	410.084335E+3	800.163000E-3	
1.058180E+3	241.431209E+0	240.940000E+0	2.152030E+0	74.000000E+0	8.974851E+6	8.974851E+6	291.530692E+3	291.530692E+3	799.749000E-3	
1.063668E+3	241.614053E+0	241.200000E+0	2.169591E+0	85.000000E+0	13.028497E+6	13.028497E+6	360.832926E+3	360.832926E+3	800.080000E-3	
1.069158E+3	241.796997E+0	241.360000E+0	1.986286E+0	80.000000E+0	9.492002E+6	9.492002E+6	246.151062E+3	246.151062E+3	799.891000E-3	
1.074654E+3	241.980007E+0	241.520000E+0	1.967917E+0	82.000000E+0	8.568294E+6	8.568294E+6	284.258486E+3	284.258486E+3	800.193000E-3	
1.080142E+3	242.163218E+0	241.780000E+0	2.113598E+0	78.000000E+0	10.684903E+6	10.684903E+6	294.399466E+3	294.399466E+3	799.765000E-3	
1.085631E+3	242.346128E+0	242.030000E+0	2.113121E+0	80.000000E+0	10.572942E+6	10.572942E+6	405.922183E+3	405.922183E+3	800.266000E-3	
1.091208E+3	242.529105E+0	242.120000E+0	2.112424E+0	81.000000E+0	11.080607E+6	11.080607E+6	414.573348E+3	414.573348E+3	799.909000E-3	
1.096750E+3	242.715016E+0	242.380000E+0	2.276548E+0	81.000000E+0	10.588258E+6	10.588258E+6	417.662166E+3	417.662166E+3	799.837000E-3	
1.102280E+3	242.899726E+0	242.540000E+0	2.308481E+0	81.000000E+0	8.309252E+6	8.309252E+6	247.133956E+3	247.133956E+3	800.181000E-3	
1.107772E+3	243.084070E+0	242.630000E+0	2.173280E+0	83.000000E+0	14.376303E+6	14.376303E+6	375.222042E+3	375.222042E+3	799.610000E-3	
1.113257E+3	243.267147E+0	242.890000E+0	2.002729E+0	86.000000E+0	12.454001E+6	12.454001E+6	349.178861E+3	349.178861E+3	800.045000E-3	
1.118741E+3	243.449958E+0	243.050000E+0	1.841882E+0	78.000000E+0	10.000725E+6	10.000725E+6	373.183352E+3	373.183352E+3	800.158000E-3	
1.124238E+3	243.632768E+0	243.220000E+0	1.850027E+0	78.000000E+0	13.030037E+6	13.030037E+6	358.432155E+3	358.432155E+3	799.914000E-3	
1.129771E+3	243.816012E+0	243.470000E+0	1.857151E+0	76.000000E+0	10.096605E+6	10.096605E+6	276.349867E+3	276.349867E+3	799.954000E-3	
1.135265E+3	244.000423E+0	243.650000E+0	2.004543E+0	77.000000E+0	9.598093E+6	9.598093E+6	347.884984E+3	347.884984E+3	800.289000E-3	
1.140748E+3	244.183567E+0	243.890000E+0	2.128409E+0	88.000000E+0	11.657226E+6	11.657226E+6	323.998104E+3	323.998104E+3	799.336000E-3	
1.146242E+3	244.366344E+0	243.980000E+0	2.142519E+0	78.000000E+0	10.023277E+6	10.023277E+6	359.121960E+3	359.121960E+3	799.657000E-3	
1.151729E+3	244.549454E+0	244.150000E+0	2.306707E+0	84.000000E+0	14.502194E+6	14.502194E+6	409.403337E+3	409.403337E+3	799.651000E-3	
1.157218E+3	244.732365E+0	244.330000E+0	2.146400E+0	82.000000E+0	9.345436E+6	9.345436E+6	355.231974E+3	355.231974E+3	799.689000E-3	
1.162709E+3	244.915342E+0	244.500000E+0	1.840031E+0	89.000000E+0	9.846770E+6	9.846770E+6	275.303310E+3	275.303310E+3	800.247000E-3	
1.168192E+3	245.098352E+0	244.660000E+0	1.712557E+0	86.000000E+0	12.592950E+6	12.592950E+6	342.190401E+3	342.190401E+3	800.282000E-3	
1.173677E+3	245.281129E+0	244.850000E+0	1.748824E+0	90.000000E+0	7.475254E+6	7.475254E+6	262.119712E+3	262.119712E+3	800.525000E-3	
1.179165E+3	245.463973E+0	245.010000E+0	1.876705E+0	91.000000E+0	12.616102E+6	12.616102E+6	386.430374E+3	386.430374E+3	799.987000E-3	
1.184661E+3	245.646917E+0	245.270000E+0	1.877170E+0	89.000000E+0	12.915340E+6	12.915340E+6	368.579848E+3	368.579848E+3	799.847000E-3	
1.190151E+3	245.830094E+0	245.360000E+0	1.877519E+0	95.000000E+0	9.504955E+6	9.504955E+6	293.461676E+3	293.461676E+3	799.842000E-3	
1.195664E+3	246.013105E+0	245.530000E+0	2.040851E+0	84.000000E+0	8.725360E+6	8.725360E+6	310.030528E+3	310.030528E+3	800.290000E-3	
1.201159E+3	246.196882E+0	245.790000E+0	2.039864E+0	86.000000E+0	11.575716E+6	11.575716E+6	377.882055E+3	377.882055E+3	799.882000E-3	
1.206642E+3	246.380026E+0	245.950000E+0	1.874542E+0	88.000000E+0	9.088537E+6	9.088537E+6	341.850716E+3	341.850716E+3	799.973000E-3	
1.212130E+3	246.562803E+0	246.210000E+0	1.891044E+0	86.000000E+0	9.018956E+6	9.018956E+6	253.804238E+3	253.804238E+3	800.252000E-3	
1.217617E+3	246.745746E+0	246.400000E+0	2.019040E+0	88.000000E+0	13.000584E+6	13.000584E+6	340.278409E+3	340.278409E+3	800.836000E-3	
1.223100E+3	246.928624E+0	246.560000E+0	2.312080E+0	86.000000E+0	8.754148E+6	8.754148E+6	316.602648E+3	316.602648E+3	799.954000E-3	
1.228590E+3	247.111401E+0	246.820000E+0	2.350877E+0	91.000000E+0	10.716296E+6	10.716296E+6	312.115385E+3	312.115385E+3	799.650000E-3	
1.234076E+3	247.294411E+0	246.910000E+0	2.223810E+0	85.000000E+0	11.209611E+6	11.209611E+6	369.335248E+3	369.335248E+3	800.142000E-3	
1.239559E+3	247.477255E+0	247.080000E+0	2.223671E+0	89.000000E+0	9.513545E+6	9.513545E+6	288.322631E+3	288.322631E+3	799.994000E-3	
1.245046E+3	247.660032E+0	247.250000E+0	2.041374E+0	86.000000E+0	10.286159E+6	10.286159E+6	292.614702E+3	292.614702E+3	800.366000E-3	
1.250547E+3	247.842943E+0	247.430000E+0	1.877328E+0	87.000000E+0	9.840871E+6	9.840871E+6	372.791585E+3	372.791585E+3	799.866000E-3	
1.256037E+3	248.026286E+0	247.700000E+0	1.731693E+0	89.000000E+0	12.504642E+6	12.504642E+6	369.216161E+3	369.216161E+3	800.047000E-3	
1.261534E+3	248.209297E+0	247.860000E+0	1.730996E+0	83.000000E+0	10.547055E+6	10.547055E+6	324.621162E+3	324.621162E+3	800.416000E-3	
1.267019E+3	248.392541E+0	248.050000E+0	2.075797E+0	83.000000E+0	12.171252E+6	12.171252E+6	438.018566E+3	438.018566E+3	799.773000E-3	
1.272501E+3	248.575384E+0	248.220000E+0	2.238658E+0	83.000000E+0	8.560952E+6	8.560952E+6	319.222044E+3	319.222044E+3	800.021000E-3	
1.277992E+3	248.758095E+0	248.480000E+0	2.238948E+0	84.000000E+0	10.083713E+6	10.083713E+6	308.610026E+3	308.610026E+3	800.546000E-3	
1.283478E+3	248.941139E+0	248.650000E+0	2.076606E+0	87.000000E+0	9.982493E+6	9.982493E+6	385.712503E+3	385.712503E+3	799.997000E-3	
1.288977E+3	249.124016E+0	248.830000E+0	2.077676E+0	87.000000E+0	9.832641E+6	9.832641E+6	368.764128E+3	368.764128E+3	800.377000E-3	
1.294460E+3	249.307293E+0	249.000000E+0	2.223717E+0	85.000000E+0	11.604152E+6	11.604152E+6	313.619538E+3	313.619538E+3	799.410000E-3	
1.299949E+3	249.490070E+0	249.260000E+0	2.204434E+0	91.000000E+0	10.911753E+6	10.911753E+6	401.893237E+3	401.893237E+3	800.268000E-3	
1.305433E+3	249.673047E+0	249.450000E+0	2.058094E+0	83.000000E+0	9.246489E+6	9.246489E+6	335.348233E+3	335.348233E+3	800.561000E-3	
1.310917E+3	249.855824E+0	249.710000E+0	2.058451E+0	86.000000E+0	12.550973E+6	12.550973E+6	447.208791E+3	447.208791E+3	799.497000E-3	
1.316405E+3	250.038635E+0	249.810000E+0	2.241420E+0	86.000000E+0	7.801170E+6	7.801170E+6	243.679696E+3	243.679696E+3	800.322000E-3	
1.321905E+3	250.221579E+0	249.980000E+0	2.424588E+0	86.000000E+0	8.829267E+6	8.829267E+6	271.263524E+3	271.263524E+3	799.755000E-3	
1.327390E+3	250.404889E+0	250.150000E+0	2.296998E+0	90.000000E+0	12.833766E+6	12.833766E+6	403.038178E+3	403.038178E+3	800.057000E-3	
1.332875E+3	250.587733E+0	250.330000E+0	1.968237E+0	93.000000E+0	9.336165E+6	9.336165E+6	355.450461E+3	355.450461E+3	800.016000E-3	
1.338371E+3	250.770577E+0	250.500000E+0	1.766687E+0	83.000000E+0	11.307829E+6	11.307829E+6	384.222018E+3	384.222018E+3	800.142000E-3	
1.343865E+3	250.953754E+0	250.600000E+0	1.748576E+0	86.000000E+0	8.348367E+6	8.348367E+6	241.008346E+3	241.008346E+3	800.191000E-3	
1.349348E+3	251.136898E+0	250.770000E+0	1.894601E+0	95.000000E+0	10.768017E+6	10.768017E+6	289.217930E+3	289.217930E+3	799.956000E-3	
1.354838E+3	251.319675E+0	250.960000E+0	1.766926E+0	93.000000E+0	10.635797E+6	10.635797E+6	357.683770E+3	357.683770E+3	800.131000E-3	
1.360317E+3	251.502685E+0	251.130000E+0	1.620768E+0	95.000000E+0	12.293009E+6	12.293009E+6	370.970344E+3	370.970344E+3	800.029000E-3	
1.365802E+3	251.685296E+0	251.310000E+0	1.639400E+0	95.000000E+0	7.698749E+6	7.698749E+6	251.741557E+3	251.741557E+3	800.131000E-3	
1.371315E+3	251.868139E+0	251.480000E+0	1.804446E+0	98.000000E+0	11.298376E+6	11.298376E+6	385.526056E+3	385.526056E+3	800.038000E-3	
1.376860E+3	252.051917E+0	251.660000E+0	1.951011E+0	96.000000E+0	9.453096E+6	9.453096E+6	351.606003E+3	351.606003E+3	799.921000E-3	
1.382374E+3	252.236727E+0	251.840000E+0	1.931335E+0	91.000000E+0	13.743400E+6	13.743400E+6	338.274321E+3	338.274321E+3	799.591000E-3	
1.387856E+3	252.420538E+0	252.020000E+0	1.907965E+0	91.000000E+0	9.721694E+6	9.721694E+6	255.939475E+3	255.939475E+3	799.901000E-3	
1.393347E+3	252.603281E+0	252.200000E+0	1.920565E+0	95.000000E+0	9.159618E+6	9.159618E+6	325.864515E+3	325.864515E+3	800.459000E-3	
1.398837E+3	252.786292E+0	252.380000E+0	1.938868E+0	95.000000E+0	9.562198E+6	9.562198E+6	269.720163E+3	269.720163E+3	799.591000E-3	
1.404322E+3	252.969302E+0	252.560000E+0	1.961999E+0	98.000000E+0	10.316336E+6	10.316336E+6	285.822589E+3	285.822589E+3	800.135000E-3	
1.409847E+3	253.152146E+0	252.830000E+0	1.966625E+0	91.000000E+0	12.464335E+6	12.464335E+6	402.285759E+3	402.285759E+3	799.961000E-3	
1.415336E+3	253.336290E+0	253.000000E+0	1.967877E+0	90.000000E+0	8.991276E+6	8.991276E+6	297.973019E+3	297.973019E+3	799.774000E-3	
1.420856E+3	253.519267E+0	253.190000E+0	2.129165E+0	89.000000E+0	9.516617E+6	9.516617E+6	257.686452E+3	257.686452E+3	800.062000E-3	
1.426375E+3	253.703278E+0	253.360000E+0	2.272475E+0	89.000000E+0	8.873087E+6	8.873087E+6	253.682635E+3	253.682635E+3	800.175000E-3	
1.431886E+3	253.887222E+0	253.550000E+0	2.270449E+0	95.000000E+0	8.202594E+6	8.202594E+6	294.060705E+3	294.060705E+3	799.917000E-3	
1.437391E+3	254.070932E+0	253.730000E+0	2.105238E+0	92.000000E+0	8.946372E+6	8.946372E+6	271.811627E+3	271.811627E+3	800.253000E-3	
1.442873E+3	254.254443E+0	253.920000E+0	1.959015E+0	95.000000E+0	12.577461E+6	12.577461E+6	407.816137E+3	407.816137E+3	799.675000E-3	
1.448368E+3	254.437153E+0	254.090000E+0	1.976754E+0	94.000000E+0	10.721839E+6	10.721839E+6	323.375788E+3	323.375788E+3	799.742000E-3	
1.453887E+3	254.620330E+0	254.360000E+0	1.998045E+0	89.000000E+0	11.845588E+6	11.845588E+6	363.206988E+3	363.206988E+3	800.051000E-3	
1.459375E+3	254.804307E+0	254.640000E+0	2.001197E+0	97.000000E+0	8.893185E+6	8.893185E+6	324.252362E+3	324.252362E+3	799.942000E-3	
1.464867E+3	254.987251E+0	254.820000E+0	2.128423E+0	92.000000E+0	10.504070E+6	10.504070E+6	309.955363E+3	309.955363E+3	800.095000E-3	
1.470355E+3	255.170295E+0	254.910000E+0	2.454183E+0	93.000000E+0	12.596740E+6	12.596740E+6	434.441644E+3	434.441644E+3	799.767000E-3	
1.475878E+3	255.353239E+0	255.090000E+0	2.636160E+0	93.000000E+0	10.423545E+6	10.423545E+6	307.153275E+3	307.153275E+3	800.424000E-3	
1.481368E+3	255.537349E+0	255.180000E+0	2.329042E+0	95.000000E+0	8.577635E+6	8.577635E+6	343.617991E+3	343.617991E+3	800.036000E-3	
1.486855E+3	255.720326E+0	255.370000E+0	1.820126E+0	95.000000E+0	7.290873E+6	7.290873E+6	239.733558E+3	239.733558E+3	800.392000E-3	
1.492354E+3	255.903237E+0	255.550000E+0	1.472557E+0	94.000000E+0	8.501052E+6	8.501052E+6	322.873911E+3	322.873911E+3	800.289000E-3	
1.497847E+3	256.086547E+0	255.820000E+0	1.490912E+0	94.000000E+0	8.459287E+6	8.459287E+6	289.826528E+3	289.826528E+3	799.741000E-3	
1.503339E+3	256.269625E+0	256.010000E+0	1.674067E+0	94.000000E+0	12.301707E+6	12.301707E+6	386.303646E+3	386.303646E+3	799.734000E-3	
1.508826E+3	256.452702E+0	256.100000E+0	2.002526E+0	98.000000E+0	9.675545E+6	9.675545E+6	353.732454E+3	353.732454E+3	799.587000E-3	
1.514316E+3	256.635612E+0	256.280000E+0	2.329885E+0	95.000000E+0	8.849226E+6	8.849226E+6	294.850144E+3	294.850144E+3	800.147000E-3	
1.519805E+3	256.818589E+0	256.470000E+0	2.166374E+0	95.000000E+0	9.856479E+6	9.856479E+6	278.491624E+3	278.491624E+3	800.149000E-3	
1.525291E+3	257.001566E+0	256.650000E+0	1.839524E+0	95.000000E+0	10.685340E+6	10.685340E+6	425.543231E+3	425.543231E+3	799.584000E-3	
1.530781E+3	257.184444E+0	256.840000E+0	1.676027E+0	99.000000E+0	7.767236E+6	7.767236E+6	232.320943E+3	232.320943E+3	800.336000E-3	
1.536262E+3	257.367421E+0	257.010000E+0	1.840212E+0	100.000000E+0	9.429444E+6	9.429444E+6	264.730669E+3	264.730669E+3	799.994000E-3	
1.541764E+3	257.550131E+0	257.210000E+0	2.022479E+0	96.000000E+0	10.440569E+6	10.440569E+6	289.086934E+3	289.086934E+3	799.852000E-3	
1.547248E+3	257.733542E+0	257.480000E+0	2.004740E+0	95.000000E+0	9.915504E+6	9.915504E+6	311.938282E+3	311.938282E+3	800.082000E-3	
1.552741E+3	257.916352E+0	257.750000E+0	2.004249E+0	95.000000E+0	9.813951E+6	9.813951E+6	364.855215E+3	364.855215E+3	799.837000E-3	
1.558224E+3	258.099429E+0	257.940000E+0	2.185613E+0	95.000000E+0	10.819348E+6	10.819348E+6	412.802733E+3	412.802733E+3	799.658000E-3	
1.563712E+3	258.282206E+0	258.120000E+0	2.513224E+0	97.000000E+0	10.608938E+6	10.608938E+6	324.608142E+3	324.608142E+3	800.020000E-3	
1.569207E+3	258.465150E+0	258.310000E+0	2.677715E+0	95.000000E+0	8.040062E+6	8.040062E+6	298.641299E+3	298.641299E+3	799.745000E-3	
1.574698E+3	258.648294E+0	258.490000E+0	2.496597E+0	96.000000E+0	10.783841E+6	10.783841E+6	316.813342E+3	316.813342E+3	800.161000E-3	
1.580193E+3	258.831338E+0	258.680000E+0	2.186479E+0	98.000000E+0	8.889558E+6	8.889558E+6	286.021440E+3	286.021440E+3	800.238000E-3	
1.585686E+3	259.014515E+0	258.880000E+0	2.021866E+0	98.000000E+0	11.263813E+6	11.263813E+6	375.724444E+3	375.724444E+3	799.956000E-3	
1.591208E+3	259.197592E+0	259.050000E+0	2.020945E+0	95.000000E+0	8.461959E+6	8.461959E+6	343.159315E+3	343.159315E+3	799.909000E-3	
1.596693E+3	259.381669E+0	259.250000E+0	2.057043E+0	99.000000E+0	9.975595E+6	9.975595E+6	312.417384E+3	312.417384E+3	799.943000E-3	
1.602221E+3	259.564513E+0	259.330000E+0	2.055269E+0	98.000000E+0	12.668151E+6	12.668151E+6	441.723974E+3	441.723974E+3	799.487000E-3	
1.607709E+3	259.748757E+0	259.520000E+0	2.053984E+0	99.000000E+0	7.853700E+6	7.853700E+6	272.153023E+3	272.153023E+3	800.135000E-3	
1.613192E+3	259.931701E+0	259.720000E+0	1.852602E+0	100.000000E+0	10.860459E+6	10.860459E+6	323.169655E+3	323.169655E+3	799.547000E-3	
1.618715E+3	260.114478E+0	259.990000E+0	1.670981E+0	100.000000E+0	10.168170E+6	10.168170E+6	357.930750E+3	357.930750E+3	800.235000E-3	
1.624203E+3	260.298555E+0	260.190000E+0	1.709644E+0	100.000000E+0	8.328106E+6	8.328106E+6	265.310614E+3	265.310614E+3	800.331000E-3	
1.629694E+3	260.481499E+0	260.370000E+0	2.055246E+0	100.000000E+0	10.040567E+6	10.040567E+6	360.897452E+3	360.897452E+3	799.932000E-3	
1.635196E+3	260.664543E+0	260.460000E+0	2.418753E+0	100.000000E+0	9.002037E+6	9.002037E+6	365.702791E+3	365.702791E+3	799.921000E-3	
1.640682E+3	260.847920E+0	260.640000E+0	2.400020E+0	100.000000E+0	7.164936E+6	7.164936E+6	264.207770E+3	264.207770E+3	800.395000E-3	
1.646168E+3	261.030797E+0	260.840000E+0	2.037150E+0	100.000000E+0	9.921704E+6	9.921704E+6	289.614287E+3	289.614287E+3	799.987000E-3	
1.651640E+3	261.213674E+0	261.030000E+0	1.674891E+0	100.000000E+0	10.118887E+6	10.118887E+6	361.467426E+3	361.467426E+3	799.898000E-3	
1.657124E+3	261.396084E+0	261.210000E+0	1.675333E+0	98.000000E+0	7.591120E+6	7.591120E+6	293.284630E+3	293.284630E+3	800.104000E-3	
1.662617E+3	261.578862E+0	261.410000E+0	1.895862E+0	100.000000E+0	10.806251E+6	10.806251E+6	336.026056E+3	336.026056E+3	800.419000E-3	
1.668102E+3	261.761972E+0	261.590000E+0	2.079853E+0	100.000000E+0	9.211052E+6	9.211052E+6	278.513125E+3	278.513125E+3	800.072000E-3	
1.673618E+3	261.944816E+0	261.780000E+0	2.079600E+0	100.000000E+0	8.344069E+6	8.344069E+6	251.314554E+3	251.314554E+3	799.779000E-3	
1.679110E+3	262.128660E+0	261.980000E+0	2.060086E+0	100.000000E+0	8.033681E+6	8.033681E+6	311.234946E+3	311.234946E+3	800.476000E-3	
1.684598E+3	262.311737E+0	262.160000E+0	2.057323E+0	100.000000E+0	8.186904E+6	8.186904E+6	232.133211E+3	232.133211E+3	800.188000E-3	
1.690084E+3	262.494681E+0	262.260000E+0	2.073542E+0	100.000000E+0	11.307635E+6	11.307635E+6	372.415524E+3	372.415524E+3	799.789000E-3	
1.695571E+3	262.677524E+0	262.450000E+0	2.073416E+0	100.000000E+0	8.518030E+6	8.518030E+6	313.938765E+3	313.938765E+3	799.843000E-3	
1.701052E+3	262.860435E+0	262.630000E+0	1.911042E+0	100.000000E+0	8.992062E+6	8.992062E+6	286.389139E+3	286.389139E+3	799.754000E-3	
1.706547E+3	263.043145E+0	262.830000E+0	1.731030E+0	100.000000E+0	7.520914E+6	7.520914E+6	282.043895E+3	282.043895E+3	800.150000E-3	
1.712028E+3	263.226289E+0	263.030000E+0	1.713554E+0	100.000000E+0	8.703538E+6	8.703538E+6	288.419878E+3	288.419878E+3	799.507000E-3	
1.717566E+3	263.409000E+0	263.210000E+0	1.895683E+0	100.000000E+0	8.126885E+6	8.126885E+6	251.092766E+3	251.092766E+3	799.848000E-3	
1.723056E+3	263.593610E+0	263.400000E+0	2.095982E+0	100.000000E+0	9.989137E+6	9.989137E+6	345.583094E+3	345.583094E+3	800.030000E-3	
1.728564E+3	263.776587E+0	263.580000E+0	2.111009E+0	100.000000E+0	9.388486E+6	9.388486E+6	279.707746E+3	279.707746E+3	799.899000E-3	
1.734116E+3	263.960198E+0	263.780000E+0	2.089608E+0	100.000000E+0	9.545866E+6	9.545866E+6	382.858251E+3	382.858251E+3	800.039000E-3	
1.739642E+3	264.145275E+0	264.080000E+0	2.033592E+0	100.000000E+0	7.985333E+6	7.985333E+6	248.066593E+3	248.066593E+3	799.811000E-3	
1.745154E+3	264.329452E+0	264.260000E+0	2.031036E+0	98.000000E+0	9.655912E+6	9.655912E+6	337.081926E+3	337.081926E+3	800.282000E-3	
1.750640E+3	264.513196E+0	264.560000E+0	2.262714E+0	100.000000E+0	8.559902E+6	8.559902E+6	345.843586E+3	345.843586E+3	800.094000E-3	
1.756121E+3	264.696073E+0	264.740000E+0	2.459593E+0	98.000000E+0	8.667927E+6	8.667927E+6	274.064362E+3	274.064362E+3	799.963000E-3	
1.761607E+3	264.878784E+0	264.940000E+0	2.645308E+0	100.000000E+0	8.969534E+6	8.969534E+6	361.053487E+3	361.053487E+3	799.903000E-3	
1.767089E+3	265.061627E+0	265.140000E+0	2.617891E+0	98.000000E+0	10.133802E+6	10.133802E+6	407.863930E+3	407.863930E+3	799.861000E-3	
1.772572E+3	265.244371E+0	265.420000E+0	2.441151E+0	99.000000E+0	7.993853E+6	7.993853E+6	327.114943E+3	327.114943E+3	799.785000E-3	
1.778059E+3	265.427148E+0	265.620000E+0	2.297734E+0	98.000000E+0	11.185117E+6	11.185117E+6	343.723598E+3	343.723598E+3	799.624000E-3	
1.783543E+3	265.610025E+0	265.720000E+0	2.297894E+0	99.000000E+0	10.193209E+6	10.193209E+6	384.994904E+3	384.994904E+3	800.065000E-3	
1.789025E+3	265.792836E+0	265.900000E+0	2.480026E+0	100.000000E+0	10.240906E+6	10.240906E+6	400.871624E+3	400.871624E+3	800.122000E-3	
1.794509E+3	265.975580E+0	266.100000E+0	2.297522E+0	100.000000E+0	8.120597E+6	8.120597E+6	294.677534E+3	294.677534E+3	799.554000E-3	
1.800045E+3	266.158357E+0	266.300000E+0	1.932699E+0	95.000000E+0	7.994833E+6	7.994833E+6	290.796102E+3	290.796102E+3	799.883000E-3	
1.805537E+3	266.342901E+0	266.380000E+0	1.750630E+0	100.000000E+0	11.671233E+6	11.671233E+6	435.299781E+3	435.299781E+3	800.063000E-3	
1.811027E+3	266.525978E+0	266.580000E+0	1.929692E+0	100.000000E+0	8.541175E+6	8.541175E+6	265.567005E+3	265.567005E+3	799.881000E-3	
1.816512E+3	266.708955E+0	266.780000E+0	1.926821E+0	100.000000E+0	8.894088E+6	8.894088E+6	277.638627E+3	277.638627E+3	800.379000E-3	
1.822001E+3	266.891799E+0	266.970000E+0	1.743689E+0	100.000000E+0	9.561424E+6	9.561424E+6	404.486735E+3	404.486735E+3	800.100000E-3	
1.827498E+3	267.074776E+0	267.070000E+0	1.746666E+0	100.000000E+0	9.171031E+6	9.171031E+6	310.189155E+3	310.189155E+3	799.989000E-3	
1.832985E+3	267.257986E+0	267.170000E+0	1.949627E+0	100.000000E+0	11.897694E+6	11.897694E+6	409.241410E+3	409.241410E+3	799.882000E-3	
1.838482E+3	267.440897E+0	267.370000E+0	1.967647E+0	100.000000E+0	10.775175E+6	10.775175E+6	326.729526E+3	326.729526E+3	799.949000E-3	
1.843991E+3	267.624141E+0	267.470000E+0	1.602871E+0	100.000000E+0	8.466257E+6	8.466257E+6	356.151566E+3	356.151566E+3	799.892000E-3	
1.849480E+3	267.807784E+0	267.650000E+0	1.438359E+0	100.000000E+0	8.859207E+6	8.859207E+6	288.251163E+3	288.251163E+3	799.632000E-3	
1.854964E+3	267.990728E+0	267.750000E+0	1.455522E+0	100.000000E+0	8.326605E+6	8.326605E+6	250.965560E+3	250.965560E+3	800.270000E-3	
1.860451E+3	268.173539E+0	267.960000E+0	1.600545E+0	100.000000E+0	12.018780E+6	12.018780E+6	445.375601E+3	445.375601E+3	799.970000E-3	
1.865939E+3	268.356449E+0	268.160000E+0	1.564688E+0	100.000000E+0	7.799805E+6	7.799805E+6	312.073825E+3	312.073825E+3	799.792000E-3	
1.871423E+3	268.539360E+0	268.260000E+0	1.584655E+0	100.000000E+0	8.479272E+6	8.479272E+6	331.968813E+3	331.968813E+3	799.341000E-3	
1.876915E+3	268.722170E+0	268.440000E+0	1.822633E+0	100.000000E+0	11.914754E+6	11.914754E+6	385.407920E+3	385.407920E+3	800.314000E-3	
1.882406E+3	268.905247E+0	268.640000E+0	1.859137E+0	100.000000E+0	8.038908E+6	8.038908E+6	340.721681E+3	340.721681E+3	799.791000E-3	
1.887889E+3	269.088258E+0	268.850000E+0	1.804218E+0	100.000000E+0	8.217576E+6	8.217576E+6	304.514124E+3	304.514124E+3	799.981000E-3	
1.893376E+3	269.271035E+0	269.030000E+0	1.749042E+0	100.000000E+0	11.342717E+6	11.342717E+6	346.955751E+3	346.955751E+3	799.775000E-3	
1.898866E+3	269.453945E+0	269.230000E+0	1.949423E+0	100.000000E+0	10.777691E+6	10.777691E+6	374.860569E+3	374.860569E+3	800.028000E-3	
1.904350E+3	269.636922E+0	269.340000E+0	2.150237E+0	100.000000E+0	8.883082E+6	8.883082E+6	350.766496E+3	350.766496E+3	799.655000E-3	
1.909868E+3	269.819733E+0	269.440000E+0	2.150616E+0	100.000000E+0	7.038986E+6	7.038986E+6	258.820763E+3	258.820763E+3	800.755000E-3	
1.915354E+3	270.003677E+0	269.640000E+0	1.968361E+0	100.000000E+0	12.171198E+6	12.171198E+6	400.585325E+3	400.585325E+3	799.526000E-3	
1.920830E+3	270.186521E+0	269.720000E+0	1.639098E+0	100.000000E+0	9.835780E+6	9.835780E+6	313.055453E+3	313.055453E+3	799.944000E-3	
1.926315E+3	270.369064E+0	270.030000E+0	1.491993E+0	100.000000E+0	11.388908E+6	11.388908E+6	372.109497E+3	372.109497E+3	799.843000E-3	
1.931799E+3	270.551908E+0	270.230000E+0	1.437875E+0	100.000000E+0	8.342347E+6	8.342347E+6	321.293688E+3	321.293688E+3	799.614000E-3	
1.937318E+3	270.734719E+0	270.440000E+0	1.767721E+0	100.000000E+0	9.258231E+6	9.258231E+6	380.236166E+3	380.236166E+3	799.726000E-3	
1.942818E+3	270.918662E+0	270.520000E+0	2.152286E+0	100.000000E+0	7.589242E+6	7.589242E+6	322.028271E+3	322.028271E+3	799.982000E-3	
1.948320E+3	271.102006E+0	270.720000E+0	2.386690E+0	100.000000E+0	7.896881E+6	7.896881E+6	289.590819E+3	289.590819E+3	799.954000E-3	
1.953813E+3	271.285417E+0	270.930000E+0	2.201498E+0	100.000000E+0	9.226488E+6	9.226488E+6	363.521102E+3	363.521102E+3	800.121000E-3	
1.959293E+3	271.468494E+0	271.230000E+0	1.780627E+0	100.000000E+0	8.650622E+6	8.650622E+6	352.959239E+3	352.959239E+3	800.096000E-3	
1.964773E+3	271.651171E+0	271.420000E+0	1.781169E+0	100.000000E+0	7.753767E+6	7.753767E+6	289.434694E+3	289.434694E+3	799.646000E-3	
1.970279E+3	271.833848E+0	271.630000E+0	2.184374E+0	100.000000E+0	10.170865E+6	10.170865E+6	349.418575E+3	349.418575E+3	799.430000E-3	
1.975764E+3	272.017359E+0	271.830000E+0	2.569514E+0	100.000000E+0	11.113091E+6	11.113091E+6	355.027793E+3	355.027793E+3	799.698000E-3	
1.981254E+3	272.200202E+0	272.040000E+0	2.551920E+0	100.000000E+0	8.586281E+6	8.586281E+6	313.199078E+3	313.199078E+3	800.499000E-3	
1.986768E+3	272.383213E+0	272.220000E+0	2.368424E+0	100.000000E+0	9.767916E+6	9.767916E+6	289.116390E+3	289.116390E+3	799.797000E-3	
1.992249E+3	272.566990E+0	272.430000E+0	2.221424E+0	100.000000E+0	10.649088E+6	10.649088E+6	322.714019E+3	322.714019E+3	799.853000E-3	
1.997733E+3	272.749700E+0	272.630000E+0	2.202057E+0	100.000000E+0	9.759836E+6	9.759836E+6	393.232853E+3	393.232853E+3	799.721000E-3	
2.003222E+3	272.932511E+0	272.740000E+0	2.165404E+0	100.000000E+0	8.911651E+6	8.911651E+6	357.980619E+3	357.980619E+3	800.088000E-3	
2.008710E+3	273.115455E+0	272.940000E+0	2.166086E+0	100.000000E+0	7.219349E+6	7.219349E+6	283.218474E+3	283.218474E+3	800.337000E-3	
2.014189E+3	273.298399E+0	273.130000E+0	2.022271E+0	100.000000E+0	7.927815E+6	7.927815E+6	322.957474E+3	322.957474E+3	799.758000E-3	
2.019676E+3	273.481042E+0	273.340000E+0	1.877670E+0	100.000000E+0	8.239267E+6	8.239267E+6	274.646683E+3	274.646683E+3	799.868000E-3	
2.025163E+3	273.663919E+0	273.540000E+0	1.841063E+0	100.000000E+0	9.201404E+6	9.201404E+6	288.713185E+3	288.713185E+3	799.786000E-3	
2.030649E+3	273.846830E+0	273.650000E+0	2.005573E+0	100.000000E+0	10.413385E+6	10.413385E+6	379.929036E+3	379.929036E+3	799.748000E-3	
2.036137E+3	274.029707E+0	273.850000E+0	2.187982E+0	100.000000E+0	8.035041E+6	8.035041E+6	346.310528E+3	346.310528E+3	799.808000E-3	
2.041618E+3	274.212651E+0	273.960000E+0	2.041789E+0	100.000000E+0	9.583367E+6	9.583367E+6	398.980827E+3	398.980827E+3	799.732000E-3	
2.047100E+3	274.395328E+0	274.150000E+0	1.877176E+0	100.000000E+0	8.644294E+6	8.644294E+6	374.807651E+3	374.807651E+3	799.943000E-3	
2.052588E+3	274.578072E+0	274.350000E+0	1.695179E+0	100.000000E+0	8.015735E+6	8.015735E+6	301.489383E+3	301.489383E+3	800.291000E-3	
2.058075E+3	274.761015E+0	274.460000E+0	1.677502E+0	100.000000E+0	7.375039E+6	7.375039E+6	250.048392E+3	250.048392E+3	800.118000E-3	
2.063574E+3	274.943893E+0	274.660000E+0	1.823552E+0	100.000000E+0	8.116415E+6	8.116415E+6	311.831693E+3	311.831693E+3	800.035000E-3	
2.069053E+3	275.127203E+0	274.870000E+0	1.823243E+0	100.000000E+0	7.996382E+6	7.996382E+6	305.998501E+3	305.998501E+3	800.038000E-3	
2.074543E+3	275.309847E+0	275.060000E+0	1.840303E+0	100.000000E+0	8.058088E+6	8.058088E+6	270.944299E+3	270.944299E+3	800.007000E-3	
2.080032E+3	275.492824E+0	275.270000E+0	1.876219E+0	100.000000E+0	10.056877E+6	10.056877E+6	321.946191E+3	321.946191E+3	799.924000E-3	
2.085524E+3	275.675801E+0	275.370000E+0	2.040632E+0	100.000000E+0	8.490671E+6	8.490671E+6	362.425706E+3	362.425706E+3	799.991000E-3	
2.091022E+3	275.858878E+0	275.580000E+0	2.204947E+0	100.000000E+0	11.058761E+6	11.058761E+6	337.043977E+3	337.043977E+3	799.659000E-3	
2.096557E+3	276.042122E+0	275.790000E+0	2.022621E+0	100.000000E+0	7.976157E+6	7.976157E+6	264.129936E+3	264.129936E+3	799.849000E-3	
2.102052E+3	276.226633E+0	276.000000E+0	1.857436E+0	100.000000E+0	8.311642E+6	8.311642E+6	316.762384E+3	316.762384E+3	800.328000E-3	
2.107541E+3	276.409810E+0	276.210000E+0	1.890125E+0	100.000000E+0	7.593394E+6	7.593394E+6	301.563686E+3	301.563686E+3	800.040000E-3	
2.113024E+3	276.592754E+0	276.400000E+0	2.087062E+0	100.000000E+0	8.683626E+6	8.683626E+6	366.813246E+3	366.813246E+3	799.762000E-3	
2.118503E+3	276.775531E+0	276.500000E+0	2.287668E+0	100.000000E+0	7.575445E+6	7.575445E+6	324.774148E+3	324.774148E+3	799.967000E-3	
2.124023E+3	276.958175E+0	276.710000E+0	2.255444E+0	100.000000E+0	8.406389E+6	8.406389E+6	351.014607E+3	351.014607E+3	799.952000E-3	
2.129506E+3	277.142185E+0	276.920000E+0	2.022998E+0	100.000000E+0	9.301674E+6	9.301674E+6	339.937209E+3	339.937209E+3	799.944000E-3	
2.134997E+3	277.324929E+0	277.030000E+0	1.821879E+0	100.000000E+0	7.798440E+6	7.798440E+6	270.970353E+3	270.970353E+3	799.652000E-3	
2.140487E+3	277.507973E+0	277.240000E+0	1.856180E+0	100.000000E+0	10.537536E+6	10.537536E+6	374.606061E+3	374.606061E+3	799.799000E-3	
2.145996E+3	277.690983E+0	277.450000E+0	1.910326E+0	100.000000E+0	8.017501E+6	8.017501E+6	306.089660E+3	306.089660E+3	799.425000E-3	
2.151499E+3	277.874594E+0	277.550000E+0	1.929462E+0	100.000000E+0	8.432146E+6	8.432146E+6	287.875211E+3	287.875211E+3	800.042000E-3	
2.157030E+3	278.058037E+0	277.740000E+0	1.929740E+0	100.000000E+0	9.836873E+6	9.836873E+6	316.948746E+3	316.948746E+3	800.328000E-3	
2.162558E+3	278.242415E+0	277.850000E+0	1.909564E+0	100.000000E+0	9.281578E+6	9.281578E+6	358.664153E+3	358.664153E+3	800.072000E-3	
2.168055E+3	278.426658E+0	278.060000E+0	1.852391E+0	100.000000E+0	10.461114E+6	10.461114E+6	359.573091E+3	359.573091E+3	800.066000E-3	
2.173576E+3	278.609902E+0	278.160000E+0	1.631222E+0	100.000000E+0	9.769532E+6	9.769532E+6	326.755404E+3	326.755404E+3	800.027000E-3	
2.179060E+3	278.793946E+0	278.270000E+0	1.648699E+0	100.000000E+0	9.506286E+6	9.506286E+6	328.344623E+3	328.344623E+3	799.954000E-3	
2.184544E+3	278.976723E+0	278.480000E+0	1.685764E+0	100.000000E+0	9.409976E+6	9.409976E+6	320.857647E+3	320.857647E+3	799.848000E-3	
2.190027E+3	279.159534E+0	278.590000E+0	1.524859E+0	100.000000E+0	10.544918E+6	10.544918E+6	439.686223E+3	439.686223E+3	799.832000E-3	
2.195536E+3	279.342311E+0	278.800000E+0	1.527876E+0	100.000000E+0	7.721510E+6	7.721510E+6	329.963313E+3	329.963313E+3	799.794000E-3	
2.201016E+3	279.525921E+0	278.900000E+0	1.548729E+0	100.000000E+0	7.737528E+6	7.737528E+6	332.584873E+3	332.584873E+3	799.983000E-3	
2.206518E+3	279.708598E+0	279.110000E+0	1.749332E+0	100.000000E+0	7.668954E+6	7.668954E+6	263.651874E+3	263.651874E+3	800.102000E-3	
2.212061E+3	279.892009E+0	279.200000E+0	1.730016E+0	100.000000E+0	7.473888E+6	7.473888E+6	261.952541E+3	261.952541E+3	800.005000E-3	
2.217561E+3	280.076753E+0	279.310000E+0	1.711009E+0	100.000000E+0	9.017475E+6	9.017475E+6	274.131342E+3	274.131342E+3	799.850000E-3	
2.223053E+3	280.260097E+0	279.520000E+0	1.671998E+0	100.000000E+0	7.100550E+6	7.100550E+6	297.256877E+3	297.256877E+3	800.232000E-3	
2.228572E+3	280.443174E+0	279.620000E+0	1.470011E+0	100.000000E+0	7.352625E+6	7.352625E+6	304.012595E+3	304.012595E+3	799.745000E-3	
2.234056E+3	280.627151E+0	279.840000E+0	1.487691E+0	100.000000E+0	8.317119E+6	8.317119E+6	279.496414E+3	279.496414E+3	800.190000E-3	
2.239539E+3	280.809928E+0	280.050000E+0	1.507482E+0	100.000000E+0	9.507547E+6	9.507547E+6	296.810078E+3	296.810078E+3	799.965000E-3	
2.245028E+3	280.992705E+0	280.160000E+0	1.726929E+0	100.000000E+0	7.878946E+6	7.878946E+6	310.409852E+3	310.409852E+3	799.713000E-3	
2.250537E+3	281.175682E+0	280.370000E+0	1.928918E+0	100.000000E+0	9.393507E+6	9.393507E+6	343.675003E+3	343.675003E+3	800.045000E-3	
2.256058E+3	281.359293E+0	280.580000E+0	1.949146E+0	100.000000E+0	9.546765E+6	9.546765E+6	400.417264E+3	400.417264E+3	799.637000E-3	
2.261563E+3	281.543337E+0	280.690000E+0	1.949411E+0	100.000000E+0	7.268474E+6	7.268474E+6	273.269755E+3	273.269755E+3	800.259000E-3	
2.267074E+3	281.726847E+0	280.900000E+0	1.926798E+0	100.000000E+0	10.161817E+6	10.161817E+6	361.164549E+3	361.164549E+3	799.735000E-3	
2.272602E+3	281.910524E+0	281.010000E+0	1.923941E+0	100.000000E+0	9.512414E+6	9.512414E+6	321.760404E+3	321.760404E+3	799.994000E-3	
2.278085E+3	282.094802E+0	281.220000E+0	1.922991E+0	100.000000E+0	10.934026E+6	10.934026E+6	394.708134E+3	394.708134E+3	799.824000E-3	
2.283578E+3	282.277579E+0	281.420000E+0	1.741188E+0	100.000000E+0	7.680681E+6	7.680681E+6	235.761036E+3	235.761036E+3	800.327000E-3	
2.289063E+3	282.460656E+0	281.630000E+0	1.741978E+0	100.000000E+0	10.503192E+6	10.503192E+6	368.327860E+3	368.327860E+3	799.608000E-3	
2.294548E+3	282.643500E+0	281.840000E+0	1.908096E+0	100.000000E+0	9.306702E+6	9.306702E+6	373.181871E+3	373.181871E+3	799.818000E-3	
2.300029E+3	282.826343E+0	282.060000E+0	2.075287E+0	100.000000E+0	8.949894E+6	8.949894E+6	310.183984E+3	310.183984E+3	800.210000E-3	
2.305511E+3	283.009021E+0	282.160000E+0	2.259765E+0	100.000000E+0	8.856015E+6	8.856015E+6	374.646375E+3	374.646375E+3	800.141000E-3	
2.311000E+3	283.191764E+0	282.270000E+0	2.296924E+0	100.000000E+0	7.984737E+6	7.984737E+6	341.273208E+3	341.273208E+3	799.911000E-3	
2.316484E+3	283.374742E+0	282.490000E+0	2.133751E+0	100.000000E+0	7.721937E+6	7.721937E+6	262.281066E+3	262.281066E+3	799.761000E-3	
2.321997E+3	283.557552E+0	282.700000E+0	1.750876E+0	100.000000E+0	8.430828E+6	8.430828E+6	351.817559E+3	351.817559E+3	799.917000E-3	
2.327481E+3	283.741296E+0	282.920000E+0	1.568049E+0	100.000000E+0	9.207576E+6	9.207576E+6	411.171560E+3	411.171560E+3	799.678000E-3	
2.332979E+3	283.924106E+0	283.130000E+0	1.766305E+0	100.000000E+0	8.280909E+6	8.280909E+6	331.596647E+3	331.596647E+3	800.267000E-3	
2.338471E+3	284.107383E+0	283.240000E+0	2.165558E+0	100.000000E+0	7.232689E+6	7.232689E+6	256.887935E+3	256.887935E+3	800.297000E-3	
2.343956E+3	284.290427E+0	283.450000E+0	2.347171E+0	100.000000E+0	7.461157E+6	7.461157E+6	244.075560E+3	244.075560E+3	799.836000E-3	
2.349456E+3	284.473271E+0	283.560000E+0	2.147480E+0	100.000000E+0	7.695228E+6	7.695228E+6	253.880978E+3	253.880978E+3	799.765000E-3	
2.354935E+3	284.656615E+0	283.780000E+0	1.948479E+0	100.000000E+0	7.526591E+6	7.526591E+6	281.982775E+3	281.982775E+3	799.625000E-3	
2.360426E+3	284.839225E+0	283.890000E+0	1.748004E+0	100.000000E+0	9.765063E+6	9.765063E+6	371.592407E+3	371.592407E+3	799.954000E-3	
2.365919E+3	285.022269E+0	284.100000E+0	1.766804E+0	100.000000E+0	8.774465E+6	8.774465E+6	292.034661E+3	292.034661E+3	799.968000E-3	
2.371408E+3	285.205380E+0	284.320000E+0	1.785409E+0	100.000000E+0	9.738994E+6	9.738994E+6	410.996467E+3	410.996467E+3	799.474000E-3	
2.376887E+3	285.388323E+0	284.530000E+0	1.785462E+0	100.000000E+0	10.298507E+6	10.298507E+6	421.563667E+3	421.563667E+3	799.885000E-3	
2.382376E+3	285.570967E+0	284.750000E+0	1.967420E+0	100.000000E+0	7.187959E+6	7.187959E+6	252.146195E+3	252.146195E+3	799.948000E-3	
2.387855E+3	285.753944E+0	284.840000E+0	2.149884E+0	100.000000E+0	7.673216E+6	7.673216E+6	334.526755E+3	334.526755E+3	800.163000E-3	
2.393368E+3	285.936555E+0	285.060000E+0	2.351306E+0	100.000000E+0	8.738026E+6	8.738026E+6	302.070001E+3	302.070001E+3	800.141000E-3	
2.398846E+3	286.120332E+0	285.170000E+0	2.133480E+0	100.000000E+0	7.418323E+6	7.418323E+6	307.753038E+3	307.753038E+3	799.621000E-3	
2.404358E+3	286.302942E+0	285.380000E+0	1.913420E+0	100.000000E+0	8.576340E+6	8.576340E+6	315.129181E+3	315.129181E+3	800.001000E-3	
2.409829E+3	286.486653E+0	285.600000E+0	1.729823E+0	100.000000E+0	9.692116E+6	9.692116E+6	408.702313E+3	408.702313E+3	800.278000E-3	
2.415315E+3	286.669030E+0	285.710000E+0	1.746890E+0	100.000000E+0	7.160961E+6	7.160961E+6	319.948975E+3	319.948975E+3	799.951000E-3	
2.420796E+3	286.851907E+0	285.930000E+0	1.965879E+0	100.000000E+0	6.844366E+6	6.844366E+6	260.753272E+3	260.753272E+3	800.038000E-3	
2.426286E+3	287.034618E+0	286.040000E+0	1.967742E+0	100.000000E+0	8.277442E+6	8.277442E+6	278.947123E+3	278.947123E+3	799.932000E-3	
2.431759E+3	287.217595E+0	286.150000E+0	1.987146E+0	100.000000E+0	7.536963E+6	7.536963E+6	325.726733E+3	325.726733E+3	800.124000E-3	
2.437244E+3	287.400038E+0	286.360000E+0	1.805698E+0	100.000000E+0	7.660297E+6	7.660297E+6	277.398277E+3	277.398277E+3	800.118000E-3	
2.442732E+3	287.582882E+0	286.470000E+0	1.604741E+0	100.000000E+0	8.191580E+6	8.191580E+6	271.725392E+3	271.725392E+3	799.744000E-3	
2.448216E+3	287.765793E+0	286.690000E+0	1.586985E+0	100.000000E+0	8.497695E+6	8.497695E+6	301.363636E+3	301.363636E+3	800.143000E-3	
2.453694E+3	287.948603E+0	286.800000E+0	1.568648E+0	100.000000E+0	8.406610E+6	8.406610E+6	311.911517E+3	311.911517E+3	799.973000E-3	
2.459116E+3	288.131214E+0	287.020000E+0	1.768836E+0	100.000000E+0	7.646751E+6	7.646751E+6	278.522554E+3	278.522554E+3	800.156000E-3	
2.464539E+3	288.311924E+0	287.130000E+0	1.786867E+0	100.000000E+0	7.454881E+6	7.454881E+6	278.650801E+3	278.650801E+3	800.356000E-3	
2.469964E+3	288.492701E+0	287.350000E+0	1.809123E+0	100.000000E+0	9.726542E+6	9.726542E+6	300.778494E+3	300.778494E+3	799.619000E-3	
2.475456E+3	288.673545E+0	287.460000E+0	1.816168E+0	100.000000E+0	10.319092E+6	10.319092E+6	365.863003E+3	365.863003E+3	799.936000E-3	
2.480881E+3	288.856588E+0	287.570000E+0	1.822494E+0	100.000000E+0	8.903828E+6	8.903828E+6	345.381106E+3	345.381106E+3	800.187000E-3	
2.486305E+3	289.037432E+0	287.680000E+0	1.821551E+0	100.000000E+0	9.126648E+6	9.126648E+6	348.494752E+3	348.494752E+3	800.042000E-3	
2.491732E+3	289.218242E+0	287.900000E+0	1.616010E+0	100.000000E+0	7.724862E+6	7.724862E+6	359.691513E+3	359.691513E+3	800.064000E-3	
2.497205E+3	289.399119E+0	288.010000E+0	1.413182E+0	100.000000E+0	9.491515E+6	9.491515E+6	294.770381E+3	294.770381E+3	799.850000E-3	
2.502635E+3	289.581563E+0	288.230000E+0	1.416859E+0	100.000000E+0	10.203864E+6	10.203864E+6	346.478128E+3	346.478128E+3	800.085000E-3	
2.508058E+3	289.762574E+0	288.340000E+0	1.619330E+0	100.000000E+0	7.277150E+6	7.277150E+6	344.075741E+3	344.075741E+3	800.341000E-3	
2.513479E+3	289.943351E+0	288.560000E+0	1.819089E+0	100.000000E+0	7.569038E+6	7.569038E+6	329.686879E+3	329.686879E+3	800.123000E-3	
2.518931E+3	290.000000E+0	288.670000E+0	1.818921E+0	100.000000E+0	8.031944E+6	8.031944E+6	255.693119E+3	255.693119E+3	799.580000E-3	
2.524374E+3	290.000000E+0	288.890000E+0	1.822048E+0	100.000000E+0	9.709045E+6	9.709045E+6	301.004613E+3	301.004613E+3	799.734000E-3	
2.529793E+3	290.000000E+0	289.020000E+0	1.823774E+0	100.000000E+0	8.063994E+6	8.063994E+6	270.185073E+3	270.185073E+3	799.545000E-3	
2.535212E+3	290.000000E+0	289.130000E+0	1.821430E+0	100.000000E+0	9.095588E+6	9.095588E+6	296.254264E+3	296.254264E+3	799.866000E-3	
2.540634E+3	290.000000E+0	289.240000E+0	1.857248E+0	100.000000E+0	9.500166E+6	9.500166E+6	328.211783E+3	328.211783E+3	799.819000E-3	
2.546057E+3	290.000000E+0	289.350000E+0	1.693120E+0	100.000000E+0	10.181006E+6	10.181006E+6	337.676639E+3	337.676639E+3	799.718000E-3	
2.551505E+3	290.000000E+0	289.460000E+0	1.493216E+0	100.000000E+0	9.121703E+6	9.121703E+6	339.667731E+3	339.667731E+3	800.247000E-3	
2.556925E+3	290.000000E+0	289.570000E+0	1.254476E+0	100.000000E+0	9.325277E+6	9.325277E+6	337.189139E+3	337.189139E+3	800.202000E-3	
2.562343E+3	290.000000E+0	289.680000E+0	1.216335E+0	100.000000E+0	8.051948E+6	8.051948E+6	265.505386E+3	265.505386E+3	799.800000E-3	
2.567759E+3	290.000000E+0	289.790000E+0	1.215327E+0	100.000000E+0	7.176352E+6	7.176352E+6	255.843422E+3	255.843422E+3	800.235000E-3	
2.573176E+3	290.000000E+0	289.910000E+0	1.215589E+0	100.000000E+0	6.658405E+6	6.658405E+6	256.656125E+3	256.656125E+3	800.074000E-3	
2.578596E+3	290.000000E+0	290.020000E+0	1.216971E+0	100.000000E+0	7.902736E+6	7.902736E+6	360.016790E+3	360.016790E+3	800.152000E-3	
2.584013E+3	290.000000E+0	290.130000E+0	1.236740E+0	100.000000E+0	10.012132E+6	10.012132E+6	308.858771E+3	308.858771E+3	799.669000E-3	
2.589446E+3	290.000000E+0	290.240000E+0	1.255195E+0	100.000000E+0	6.917004E+6	6.917004E+6	303.286221E+3	303.286221E+3	800.159000E-3	
2.594867E+3	290.000000E+0	290.350000E+0	1.255082E+0	100.000000E+0	7.029955E+6	7.029955E+6	277.869825E+3	277.869825E+3	799.798000E-3	
2.600291E+3	290.000000E+0	290.460000E+0	1.236022E+0	100.000000E+0	6.890085E+6	6.890085E+6	275.510811E+3	275.510811E+3	799.870000E-3	
2.605713E+3	290.000000E+0	290.570000E+0	1.216932E+0	100.000000E+0	7.087360E+6	7.087360E+6	290.996900E+3	290.996900E+3	800.163000E-3	
2.611165E+3	290.000000E+0	290.680000E+0	1.216633E+0	100.000000E+0	9.658652E+6	9.658652E+6	329.686028E+3	329.686028E+3	799.833000E-3	
2.616582E+3	290.000000E+0	290.800000E+0	1.216782E+0	100.000000E+0	7.220426E+6	7.220426E+6	265.023468E+3	265.023468E+3	799.951000E-3	
2.622044E+3	290.000000E+0	290.910000E+0	1.216037E+0	100.000000E+0	7.650755E+6	7.650755E+6	250.119526E+3	250.119526E+3	800.116000E-3	
2.627464E+3	290.000000E+0	291.020000E+0	1.233542E+0	100.000000E+0	6.552031E+6	6.552031E+6	264.022273E+3	264.022273E+3	800.134000E-3	
2.632885E+3	290.000000E+0	291.130000E+0	1.250696E+0	99.000000E+0	7.158393E+6	7.158393E+6	297.572029E+3	297.572029E+3	800.022000E-3	
2.638305E+3	290.000000E+0	291.240000E+0	1.250399E+0	94.000000E+0	7.790359E+6	7.790359E+6	363.163404E+3	363.163404E+3	799.992000E-3	
2.643742E+3	290.000000E+0	291.350000E+0	1.233043E+0	95.000000E+0	9.383623E+6	9.383623E+6	383.183951E+3	383.183951E+3	799.860000E-3	
2.649163E+3	290.000000E+0	291.350000E+0	1.216076E+0	91.000000E+0	8.229481E+6	8.229481E+6	378.116382E+3	378.116382E+3	799.741000E-3	
2.654585E+3	290.000000E+0	291.460000E+0	1.217007E+0	92.000000E+0	7.340727E+6	7.340727E+6	342.522254E+3	342.522254E+3	799.919000E-3	
2.660005E+3	290.000000E+0	291.460000E+0	1.013749E+0	91.000000E+0	8.744932E+6	8.744932E+6	376.030071E+3	376.030071E+3	799.724000E-3	
2.665434E+3	290.000000E+0	291.580000E+0	810.770946E-3	91.000000E+0	6.789717E+6	6.789717E+6	306.469964E+3	306.469964E+3	800.236000E-3	
2.670864E+3	290.000000E+0	291.580000E+0	608.428624E-3	91.000000E+0	7.912646E+6	7.912646E+6	276.797447E+3	276.797447E+3	799.652000E-3	
2.676292E+3	290.000000E+0	291.580000E+0	627.011860E-3	91.000000E+0	9.697235E+6	9.697235E+6	377.903578E+3	377.903578E+3	799.537000E-3	
2.681725E+3	290.000000E+0	291.580000E+0	645.131416E-3	89.000000E+0	7.200162E+6	7.200162E+6	255.314638E+3	255.314638E+3	799.794000E-3	
2.687190E+3	290.000000E+0	291.580000E+0	442.228435E-3	95.000000E+0	8.396641E+6	8.396641E+6	280.993913E+3	280.993913E+3	800.032000E-3	
2.692633E+3	290.000000E+0	291.460000E+0	221.022538E-3	89.000000E+0	9.714301E+6	9.714301E+6	360.660389E+3	360.660389E+3	799.487000E-3	
2.698059E+3	290.000000E+0	291.460000E+0	0.000000E+0	97.000000E+0	9.092908E+6	9.092908E+6	340.240368E+3	340.240368E+3	800.085000E-3	
2.703482E+3	290.000000E+0	291.350000E+0	-220.029582E-3	96.000000E+0	9.509680E+6	9.509680E+6	343.492686E+3	343.492686E+3	799.669000E-3	
2.708902E+3	290.000000E+0	291.350000E+0	-440.828433E-3	95.000000E+0	8.754814E+6	8.754814E+6	296.351751E+3	296.351751E+3	800.190000E-3	
2.714353E+3	290.000000E+0	291.240000E+0	-643.619195E-3	99.000000E+0	6.775542E+6	6.775542E+6	301.691650E+3	301.691650E+3	800.056000E-3	
2.719775E+3	290.000000E+0	291.240000E+0	-626.492595E-3	100.000000E+0	6.375508E+6	6.375508E+6	271.423736E+3	271.423736E+3	800.445000E-3	
2.725212E+3	290.000000E+0	291.130000E+0	-608.055459E-3	100.000000E+0	7.938138E+6	7.938138E+6	361.494441E+3	361.494441E+3	799.688000E-3	
2.730664E+3	290.000000E+0	291.020000E+0	-607.607793E-3	100.000000E+0	9.339032E+6	9.339032E+6	322.640607E+3	322.640607E+3	800.355000E-3	
2.736086E+3	290.000000E+0	291.020000E+0	-607.308805E-3	99.000000E+0	8.949810E+6	8.949810E+6	333.866077E+3	333.866077E+3	799.934000E-3	
2.741507E+3	290.000000E+0	290.910000E+0	-809.001493E-3	100.000000E+0	9.887328E+6	9.887328E+6	384.512301E+3	384.512301E+3	799.786000E-3	
2.746929E+3	290.000000E+0	290.910000E+0	-808.964273E-3	100.000000E+0	9.042436E+6	9.042436E+6	397.765717E+3	397.765717E+3	799.713000E-3	
2.752348E+3	290.000000E+0	290.800000E+0	-809.263270E-3	100.000000E+0	7.112586E+6	7.112586E+6	298.165525E+3	298.165525E+3	799.668000E-3	
2.757769E+3	290.000000E+0	290.800000E+0	-608.111857E-3	100.000000E+0	6.644852E+6	6.644852E+6	257.306958E+3	257.306958E+3	800.306000E-3	
2.763227E+3	290.000000E+0	290.680000E+0	-608.727676E-3	100.000000E+0	6.969029E+6	6.969029E+6	268.643013E+3	268.643013E+3	800.393000E-3	
2.768650E+3	290.000000E+0	290.680000E+0	-608.783828E-3	100.000000E+0	8.022916E+6	8.022916E+6	260.191632E+3	260.191632E+3	799.644000E-3	
2.774078E+3	290.000000E+0	290.680000E+0	-626.497014E-3	100.000000E+0	9.535058E+6	9.535058E+6	346.422013E+3	346.422013E+3	799.610000E-3	
2.779496E+3	290.000000E+0	290.680000E+0	-644.130667E-3	100.000000E+0	9.560232E+6	9.560232E+6	375.724361E+3	375.724361E+3	799.809000E-3	
2.784915E+3	290.000000E+0	290.680000E+0	-441.171525E-3	100.000000E+0	9.008545E+6	9.008545E+6	367.422878E+3	367.422878E+3	800.139000E-3	
2.790880E+3	290.000000E+0	290.680000E+0	-220.555348E-3	100.000000E+0	8.042711E+6	8.042711E+6	360.857128E+3	360.857128E+3	799.928000E-3	
2.796298E+3	290.000000E+0	290.680000E+0	0.000000E+0	100.000000E+0	8.239615E+6	8.239615E+6	384.187101E+3	384.187101E+3	799.737000E-3	
2.801718E+3	290.000000E+0	290.680000E+0	0.000000E+0	100.000000E+0	8.625512E+6	8.625512E+6	314.036554E+3	314.036554E+3	799.930000E-3	
2.807133E+3	290.000000E+0	290.680000E+0	0.000000E+0	100.000000E+0	8.894451E+6	8.894451E+6	298.813390E+3	298.813390E+3	799.789000E-3	
2.812555E+3	290.000000E+0	290.680000E+0	0.000000E+0	100.000000E+0	8.585615E+6	8.585615E+6	288.329039E+3	288.329039E+3	799.750000E-3	
2.818009E+3	290.000000E+0	290.680000E+0	0.000000E+0	100.000000E+0	7.600903E+6	7.600903E+6	327.228029E+3	327.228029E+3	799.995000E-3	
2.823427E+3	290.000000E+0	290.680000E+0	0.000000E+0	100.000000E+0	7.007548E+6	7.007548E+6	251.604938E+3	251.604938E+3	800.332000E-3	
2.828849E+3	290.000000E+0	290.800000E+0	0.000000E+0	100.000000E+0	7.687991E+6	7.687991E+6	251.875300E+3	251.875300E+3	800.243000E-3	
2.834275E+3	290.000000E+0	290.800000E+0	0.000000E+0	100.000000E+0	9.228069E+6	9.228069E+6	346.792224E+3	346.792224E+3	799.889000E-3	
2.839753E+3	290.000000E+0	290.800000E+0	221.409983E-3	99.000000E+0	10.001501E+6	10.001501E+6	349.137478E+3	349.137478E+3	799.520000E-3	
2.845238E+3	290.000000E+0	290.800000E+0	442.656661E-3	99.000000E+0	8.085374E+6	8.085374E+6	342.999495E+3	342.999495E+3	800.452000E-3	
2.850720E+3	290.000000E+0	290.800000E+0	442.656661E-3	100.000000E+0	7.398307E+6	7.398307E+6	314.660899E+3	314.660899E+3	799.609000E-3	
2.856699E+3	290.000000E+0	290.910000E+0	221.246678E-3	97.000000E+0	7.896722E+6	7.896722E+6	291.212480E+3	291.212480E+3	799.780000E-3	
2.862187E+3	290.000000E+0	290.910000E+0	0.000000E+0	95.000000E+0	10.207123E+6	10.207123E+6	344.240490E+3	344.240490E+3	799.626000E-3	
2.867693E+3	290.000000E+0	290.910000E+0	191.944347E-3	95.000000E+0	8.562848E+6	8.562848E+6	343.534446E+3	343.534446E+3	800.455000E-3	
2.873214E+3	290.000000E+0	290.910000E+0	383.804995E-3	95.000000E+0	9.821578E+6	9.821578E+6	410.579381E+3	410.579381E+3	799.280000E-3	
2.878723E+3	290.000000E+0	290.910000E+0	383.804995E-3	96.000000E+0	8.134591E+6	8.134591E+6	256.064890E+3	256.064890E+3	799.793000E-3	
2.884248E+3	290.000000E+0	290.910000E+0	191.860648E-3	96.000000E+0	9.616001E+6	9.616001E+6	345.945540E+3	345.945540E+3	799.859000E-3	
2.889760E+3	290.000000E+0	290.910000E+0	0.000000E+0	99.000000E+0	6.561856E+6	6.561856E+6	249.258773E+3	249.258773E+3	800.284000E-3	
2.895295E+3	290.000000E+0	290.910000E+0	0.000000E+0	100.000000E+0	8.388437E+6	8.388437E+6	367.496069E+3	367.496069E+3	800.173000E-3	
2.900828E+3	290.000000E+0	290.910000E+0	0.000000E+0	99.000000E+0	9.051001E+6	9.051001E+6	331.809906E+3	331.809906E+3	800.380000E-3	
2.906362E+3	290.000000E+0	290.910000E+0	0.000000E+0	98.000000E+0	7.609057E+6	7.609057E+6	279.731234E+3	279.731234E+3	799.788000E-3	
2.911894E+3	290.000000E+0	290.910000E+0	0.000000E+0	98.000000E+0	9.728778E+6	9.728778E+6	352.172644E+3	352.172644E+3	800.192000E-3	
2.917429E+3	290.000000E+0	290.910000E+0	0.000000E+0	100.000000E+0	6.957104E+6	6.957104E+6	257.504783E+3	257.504783E+3	800.067000E-3	
2.922962E+3	290.000000E+0	290.910000E+0	0.000000E+0	99.000000E+0	9.315459E+6	9.315459E+6	329.895736E+3	329.895736E+3	799.639000E-3	
2.928499E+3	290.000000E+0	290.910000E+0	0.000000E+0	98.000000E+0	7.539482E+6	7.539482E+6	261.451461E+3	261.451461E+3	799.939000E-3	
2.934028E+3	290.000000E+0	290.910000E+0	0.000000E+0	98.000000E+0	8.435638E+6	8.435638E+6	352.459682E+3	352.459682E+3	800.289000E-3	
2.939555E+3	290.000000E+0	290.800000E+0	0.000000E+0	100.000000E+0	8.872251E+6	8.872251E+6	350.788306E+3	350.788306E+3	799.656000E-3	
2.945076E+3	290.000000E+0	290.800000E+0	0.000000E+0	100.000000E+0	9.061550E+6	9.061550E+6	363.500623E+3	363.500623E+3	799.863000E-3	
2.951071E+3	290.000000E+0	290.800000E+0	-198.975592E-3	100.000000E+0	7.085022E+6	7.085022E+6	242.260850E+3	242.260850E+3	799.899000E-3	
2.956585E+3	290.000000E+0	290.800000E+0	-398.095272E-3	100.000000E+0	6.530882E+6	6.530882E+6	253.017220E+3	253.017220E+3	800.229000E-3	
2.962082E+3	290.000000E+0	290.800000E+0	-398.095272E-3	100.000000E+0	10.148274E+6	10.148274E+6	369.660447E+3	369.660447E+3	799.481000E-3	
2.968083E+3	290.000000E+0	290.800000E+0	-199.119680E-3	99.000000E+0	7.395609E+6	7.395609E+6	254.829913E+3	254.829913E+3	800.057000E-3	
2.973570E+3	290.000000E+0	290.680000E+0	0.000000E+0	100.000000E+0	9.908673E+6	9.908673E+6	330.514187E+3	330.514187E+3	799.729000E-3	
2.979101E+3	290.000000E+0	290.680000E+0	0.000000E+0	100.000000E+0	7.472013E+6	7.472013E+6	329.300794E+3	329.300794E+3	799.879000E-3	
2.984589E+3	290.000000E+0	290.680000E+0	-208.919886E-3	100.000000E+0	6.966403E+6	6.966403E+6	268.197771E+3	268.197771E+3	799.952000E-3	
2.990076E+3	290.000000E+0	290.680000E+0	-426.732807E-3	100.000000E+0	7.821017E+6	7.821017E+6	262.114858E+3	262.114858E+3	800.090000E-3	
2.995563E+3	290.000000E+0	290.680000E+0	-426.732807E-3	100.000000E+0	8.310553E+6	8.310553E+6	334.376818E+3	334.376818E+3	800.140000E-3	
3.001573E+3	290.000000E+0	290.680000E+0	-217.812922E-3	100.000000E+0	6.833880E+6	6.833880E+6	257.016398E+3	257.016398E+3	800.179000E-3	
3.007086E+3	290.000000E+0	290.680000E+0	0.000000E+0	100.000000E+0	9.439684E+6	9.439684E+6	344.839471E+3	344.839471E+3	799.730000E-3	
3.012571E+3	290.000000E+0	290.680000E+0	0.000000E+0	100.000000E+0	7.777376E+6	7.777376E+6	315.391642E+3	315.391642E+3	800.292000E-3	
3.018060E+3	290.000000E+0	290.680000E+0	0.000000E+0	100.000000E+0	8.238746E+6	8.238746E+6	289.500618E+3	289.500618E+3	800.147000E-3	
3.023552E+3	290.000000E+0	290.680000E+0	0.000000E+0	99.000000E+0	6.781075E+6	6.781075E+6	244.286380E+3	244.286380E+3	800.099000E-3	
3.029067E+3	290.000000E+0	290.680000E+0	0.000000E+0	100.000000E+0	7.275671E+6	7.275671E+6	270.871305E+3	270.871305E+3	799.960000E-3	
3.034569E+3	290.000000E+0	290.680000E+0	0.000000E+0	100.000000E+0	7.650296E+6	7.650296E+6	291.995027E+3	291.995027E+3	799.915000E-3	
3.040054E+3	290.000000E+0	290.800000E+0	0.000000E+0	100.000000E+0	9.163478E+6	9.163478E+6	343.950624E+3	343.950624E+3	799.880000E-3	
3.045541E+3	290.000000E+0	290.800000E+0	0.000000E+0	100.000000E+0	7.112379E+6	7.112379E+6	241.329035E+3	241.329035E+3	799.787000E-3	
3.051019E+3	290.000000E+0	290.800000E+0	218.447360E-3	100.000000E+0	7.223562E+6	7.223562E+6	275.832204E+3	275.832204E+3	799.865000E-3	
3.056495E+3	290.000000E+0	290.800000E+0	437.173456E-3	100.000000E+0	8.308046E+6	8.308046E+6	373.351329E+3	373.351329E+3	800.231000E-3	
3.062001E+3	290.000000E+0	290.800000E+0	437.173456E-3	99.000000E+0	7.003641E+6	7.003641E+6	250.003063E+3	250.003063E+3	800.166000E-3	
3.068020E+3	290.000000E+0	290.800000E+0	218.726095E-3	99.000000E+0	7.720286E+6	7.720286E+6	271.998648E+3	271.998648E+3	799.590000E-3	
3.073532E+3	290.000000E+0	290.800000E+0	0.000000E+0	100.000000E+0	9.722037E+6	9.722037E+6	349.028200E+3	349.028200E+3	799.832000E-3	
3.079038E+3	290.000000E+0	290.800000E+0	0.000000E+0	100.000000E+0	8.128239E+6	8.128239E+6	346.705619E+3	346.705619E+3	799.900000E-3	
3.084544E+3	290.000000E+0	290.800000E+0	0.000000E+0	100.000000E+0	7.102246E+6	7.102246E+6	281.319247E+3	281.319247E+3	799.997000E-3	
3.090036E+3	290.000000E+0	290.800000E+0	0.000000E+0	98.000000E+0	11.305570E+6	11.305570E+6	435.602997E+3	435.602997E+3	799.643000E-3	
3.095533E+3	290.000000E+0	290.800000E+0	0.000000E+0	98.000000E+0	9.822391E+6	9.822391E+6	375.390989E+3	375.390989E+3	800.132000E-3	
3.101030E+3	290.000000E+0	290.800000E+0	0.000000E+0	100.000000E+0	8.931316E+6	8.931316E+6	315.249526E+3	315.249526E+3	799.978000E-3	
3.106545E+3	290.000000E+0	290.800000E+0	0.000000E+0	100.000000E+0	8.503267E+6	8.503267E+6	297.920302E+3	297.920302E+3	799.137000E-3	
3.112046E+3	290.000000E+0	290.800000E+0	0.000000E+0	100.000000E+0	8.013507E+6	8.013507E+6	254.909820E+3	254.909820E+3	799.748000E-3	
3.117542E+3	290.000000E+0	290.800000E+0	0.000000E+0	98.000000E+0	10.148426E+6	10.148426E+6	346.416244E+3	346.416244E+3	799.696000E-3	
3.123042E+3	290.000000E+0	290.800000E+0	0.000000E+0	100.000000E+0	9.032505E+6	9.032505E+6	307.791013E+3	307.791013E+3	800.009000E-3	
3.282663E+3	290.496690E+0	290.680000E+0	0.000000E+0	100.000000E+0	1.000000E+0	1.000000E+0	0.000000E+0	0.000000E+0	99.100000E+36	
3.287931E+3	290.496690E+0	290.680000E+0	0.000000E+0	100.000000E+0	14.157168E+6	14.157168E+6	-876.106195E+42	-876.106195E+42	799.880000E-3	
3.293907E+3	290.321079E+0	290.680000E+0	0.000000E+0	100.000000E+0	8.607313E+6	8.607313E+6	304.526780E+3	304.526780E+3	800.308000E-3	
3.299392E+3	290.121868E+0	290.680000E+0	0.000000E+0	100.000000E+0	7.820471E+6	7.820471E+6	334.941860E+3	334.941860E+3	800.347000E-3	
3.304899E+3	290.000000E+0	290.800000E+0	0.000000E+0	100.000000E+0	7.382895E+6	7.382895E+6	285.794815E+3	285.794815E+3	800.232000E-3	
3.310404E+3	290.000000E+0	290.800000E+0	0.000000E+0	98.000000E+0	9.007871E+6	9.007871E+6	317.722103E+3	317.722103E+3	799.989000E-3	
3.315922E+3	290.000000E+0	290.800000E+0	217.457662E-3	100.000000E+0	7.545912E+6	7.545912E+6	276.805752E+3	276.805752E+3	800.244000E-3	
3.321426E+3	290.000000E+0	290.800000E+0	434.620161E-3	96.000000E+0	7.222055E+6	7.222055E+6	249.575246E+3	249.575246E+3	799.987000E-3	
3.326922E+3	290.000000E+0	290.800000E+0	434.620161E-3	100.000000E+0	7.753101E+6	7.753101E+6	327.304748E+3	327.304748E+3	800.120000E-3	
3.332913E+3	290.000000E+0	290.800000E+0	217.162498E-3	97.000000E+0	7.554403E+6	7.554403E+6	248.458707E+3	248.458707E+3	800.389000E-3	
