Tiempo (min)	T (K) 	I pulso(mA)	Vinst 1 (V)	Iinst 1 (mA)	Rinst 1(Ohm)	Rinst 2 (Ohm)	Rrem 1 (Ohm)	Rrem 2 (Ohm)	Ibias 1 (mA)	Vbias 1 (V)	Ancho pulso (s)	Periodo (s)	Icc 1 (mA)	Vcc 1 (V)	Icc 2 (mA)	Vcc 2 (V)	Vp 4W (V)	Vb 4W (V)	N
1.905109E-2	2.656200E+2	1.000000E+1	1.048700E-2	-8.680000E-6	-1.208180E+6	-3.693894E+6	1.926839E+6	2.916012E+5	5.192400E-4	1.000492E+0	1.000000E-2	0.000000E+0	2.000000E-3	2.000000E+0	2.000000E-3	2.000000E+0	3.206300E-2	1.514110E-1	1.000000E+0
5.743662E-2	2.656200E+2	-2.500000E+1	-2.507110E-2	9.450000E-6	-2.653026E+6	-2.369524E+6	2.118721E+6	5.945560E+5	4.722600E-4	1.000587E+0	1.000000E-2	0.000000E+0	2.000000E-3	2.000000E+0	2.000000E-3	2.000000E+0	-2.239200E-2	2.807850E-1	2.000000E+0
9.597216E-2	2.656200E+2	-5.000000E+1	-5.007620E-2	-6.760000E-6	7.407722E+6	2.034497E+6	2.342333E+6	7.153459E+5	4.267600E-4	9.996140E-1	1.000000E-2	0.000000E+0	2.000000E-3	2.000000E+0	2.000000E-3	2.000000E+0	-1.375320E-2	3.052810E-1	3.000000E+0
1.343410E-1	2.656200E+2	-7.500000E+1	-7.511970E-2	-3.333000E-5	2.253816E+6	2.167537E+5	2.152862E+6	6.279893E+5	4.645700E-4	1.000155E+0	1.000000E-2	0.000000E+0	2.000000E-3	2.000000E+0	2.000000E-3	2.000000E+0	-7.224400E-3	2.917450E-1	4.000000E+0
1.724599E-1	2.656200E+2	-1.000000E+2	-1.000215E-1	-6.055000E-5	1.651883E+6	1.842626E+5	2.128413E+6	5.442806E+5	4.700700E-4	1.000503E+0	1.000000E-2	0.000000E+0	2.000000E-3	2.000000E+0	2.000000E-3	2.000000E+0	-1.115710E-2	2.558500E-1	5.000000E+0
2.106954E-1	2.656200E+2	-1.250000E+2	-1.248661E-1	-7.584000E-5	1.646441E+6	6.073972E+4	2.119189E+6	5.352997E+5	4.719300E-4	1.000109E+0	1.000000E-2	0.000000E+0	2.000000E-3	2.000000E+0	2.000000E-3	2.000000E+0	-4.606500E-3	2.526240E-1	6.000000E+0
2.488476E-1	2.656200E+2	-1.500000E+2	-1.501795E-1	-8.555000E-5	1.755459E+6	1.165587E+5	2.295869E+6	7.018808E+5	4.354500E-4	9.997360E-1	1.000000E-2	0.000000E+0	2.000000E-3	2.000000E+0	2.000000E-3	2.000000E+0	-9.971600E-3	3.056340E-1	7.000000E+0
2.867664E-1	2.656200E+2	-1.750000E+2	-1.753169E-1	-7.941000E-5	2.207743E+6	4.801360E+5	2.264259E+6	6.895525E+5	4.415400E-4	9.997610E-1	1.000000E-2	0.000000E+0	2.000000E-3	2.000000E+0	2.000000E-3	2.000000E+0	-3.812760E-2	3.044650E-1	8.000000E+0
3.249853E-1	2.656200E+2	-2.000000E+2	-2.003298E-1	-7.734000E-5	2.590248E+6	9.651319E+5	2.184163E+6	5.868725E+5	4.577400E-4	9.997790E-1	1.000000E-2	0.000000E+0	2.000000E-3	2.000000E+0	2.000000E-3	2.000000E+0	-7.464330E-2	2.686350E-1	9.000000E+0
3.636541E-1	2.656200E+2	-2.250000E+2	-2.250100E-1	-1.117000E-4	2.014414E+6	3.263295E+5	2.294093E+6	7.007848E+5	4.357800E-4	9.997200E-1	1.000000E-2	0.000000E+0	2.000000E-3	2.000000E+0	2.000000E-3	2.000000E+0	-3.645100E-2	3.053880E-1	1.000000E+1
4.020230E-1	2.656200E+2	-2.500000E+2	-2.501310E-1	-1.120300E-4	2.232714E+6	5.024726E+5	2.173741E+6	6.333370E+5	4.599100E-4	9.997250E-1	1.000000E-2	0.000000E+0	2.000000E-3	2.000000E+0	2.000000E-3	2.000000E+0	-5.629200E-2	2.912780E-1	1.100000E+1
4.407085E-1	2.656200E+2	-2.750000E+2	-2.749470E-1	-1.310100E-4	2.098672E+6	4.900389E+5	2.083410E+6	5.254053E+5	4.799400E-4	9.999120E-1	1.000000E-2	0.000000E+0	2.000000E-3	2.000000E+0	2.000000E-3	2.000000E+0	-6.420000E-2	2.521630E-1	1.200000E+1
4.791607E-1	2.656200E+2	-3.000000E+2	-3.000790E-1	-1.546700E-4	1.940124E+6	3.267667E+5	2.262674E+6	6.663620E+5	4.420300E-4	1.000170E+0	1.000000E-2	0.000000E+0	2.000000E-3	2.000000E+0	2.000000E-3	2.000000E+0	-5.054100E-2	2.945520E-1	1.300000E+1
5.175296E-1	2.656200E+2	-3.250000E+2	-3.249690E-1	-1.507100E-4	2.156254E+6	5.323734E+5	2.187187E+6	6.437552E+5	4.571800E-4	9.999380E-1	1.000000E-2	0.000000E+0	2.000000E-3	2.000000E+0	2.000000E-3	2.000000E+0	-8.023400E-2	2.943120E-1	1.400000E+1
5.559318E-1	2.656200E+2	-3.500000E+2	-3.501020E-1	-1.355000E-4	2.583779E+6	8.376015E+5	2.082094E+6	5.312112E+5	4.800200E-4	9.994470E-1	1.000000E-2	0.000000E+0	2.000000E-3	2.000000E+0	2.000000E-3	2.000000E+0	-1.134950E-1	2.549920E-1	1.500000E+1
5.942340E-1	2.656200E+2	-3.750000E+2	-3.754990E-1	-1.922300E-4	1.953384E+6	4.654945E+5	2.112024E+6	5.351961E+5	4.733200E-4	9.996630E-1	1.000000E-2	0.000000E+0	2.000000E-3	2.000000E+0	2.000000E-3	2.000000E+0	-8.948200E-2	2.533190E-1	1.600000E+1
6.326695E-1	2.656200E+2	-4.000000E+2	-3.999140E-1	-2.037300E-4	1.962961E+6	3.880479E+5	2.293816E+6	6.962404E+5	4.359500E-4	9.999890E-1	1.000000E-2	0.000000E+0	2.000000E-3	2.000000E+0	2.000000E-3	2.000000E+0	-7.905700E-2	3.035260E-1	1.700000E+1
6.711051E-1	2.656200E+2	-4.250000E+2	-4.249710E-1	-1.776800E-4	2.391777E+6	7.711785E+5	2.068466E+6	5.485804E+5	4.835700E-4	1.000248E+0	1.000000E-2	0.000000E+0	2.000000E-3	2.000000E+0	2.000000E-3	2.000000E+0	-1.370230E-1	2.652770E-1	1.800000E+1
7.095239E-1	2.656200E+2	-4.500000E+2	-4.500070E-1	-2.258100E-4	1.992857E+6	4.315398E+5	2.118475E+6	5.746935E+5	4.722100E-4	1.000365E+0	1.000000E-2	0.000000E+0	2.000000E-3	2.000000E+0	2.000000E-3	2.000000E+0	-9.744600E-2	2.713760E-1	1.900000E+1
7.479928E-1	2.656200E+2	-4.750000E+2	-4.749070E-1	-1.989200E-4	2.387427E+6	6.632465E+5	2.167071E+6	5.956961E+5	4.612100E-4	9.994750E-1	1.000000E-2	0.000000E+0	2.000000E-3	2.000000E+0	2.000000E-3	2.000000E+0	-1.319330E-1	2.747410E-1	2.000000E+1
7.865117E-1	2.656200E+2	-5.000000E+2	-5.000780E-1	-2.547400E-4	1.963092E+6	4.234160E+5	2.231355E+6	6.521208E+5	4.481900E-4	1.000071E+0	1.000000E-2	0.000000E+0	2.000000E-3	2.000000E+0	2.000000E-3	2.000000E+0	-1.078610E-1	2.922740E-1	2.100000E+1
8.250639E-1	2.656200E+2	-5.250000E+2	-5.249020E-1	-2.219600E-4	2.364850E+6	7.381465E+5	2.122173E+6	5.481388E+5	4.712000E-4	9.999680E-1	1.000000E-2	0.000000E+0	2.000000E-3	2.000000E+0	2.000000E-3	2.000000E+0	-1.638390E-1	2.582830E-1	2.200000E+1
8.634494E-1	2.656200E+2	-5.500000E+2	-5.502220E-1	-2.581100E-4	2.131735E+6	4.843904E+5	2.261487E+6	6.916646E+5	4.422100E-4	1.000052E+0	1.000000E-2	0.000000E+0	2.000000E-3	2.000000E+0	2.000000E-3	2.000000E+0	-1.250260E-1	3.058610E-1	2.300000E+1
9.025516E-1	2.656200E+2	-5.750000E+2	-5.751640E-1	-2.501100E-4	2.299644E+6	7.118588E+5	2.124944E+6	5.689878E+5	4.704600E-4	9.997010E-1	1.000000E-2	0.000000E+0	2.000000E-3	2.000000E+0	2.000000E-3	2.000000E+0	-1.780430E-1	2.676860E-1	2.400000E+1
9.410205E-1	2.656200E+2	-6.000000E+2	-5.999800E-1	-2.897900E-4	2.070396E+6	4.608924E+5	2.252642E+6	6.712703E+5	4.440000E-4	1.000173E+0	1.000000E-2	0.000000E+0	2.000000E-3	2.000000E+0	2.000000E-3	2.000000E+0	-1.335620E-1	2.980440E-1	2.500000E+1
9.796894E-1	2.656200E+2	-6.250000E+2	-6.246790E-1	-2.645700E-4	2.361110E+6	7.214083E+5	2.307210E+6	7.019312E+5	4.334000E-4	9.999450E-1	1.000000E-2	0.000000E+0	2.000000E-3	2.000000E+0	2.000000E-3	2.000000E+0	-1.908630E-1	3.042170E-1	2.600000E+1
1.018108E+0	2.656200E+2	-6.500000E+2	-6.502250E-1	-2.877900E-4	2.259373E+6	6.288092E+5	2.105777E+6	5.332673E+5	4.747900E-4	9.998020E-1	1.000000E-2	0.000000E+0	2.000000E-3	2.000000E+0	2.000000E-3	2.000000E+0	-1.809650E-1	2.531900E-1	2.700000E+1
1.056560E+0	2.656200E+2	-6.750000E+2	-6.750820E-1	-3.280400E-4	2.057926E+6	4.677509E+5	2.348276E+6	6.870267E+5	4.254900E-4	9.991680E-1	1.000000E-2	0.000000E+0	2.000000E-3	2.000000E+0	2.000000E-3	2.000000E+0	-1.534410E-1	2.923230E-1	2.800000E+1
1.095629E+0	2.656200E+2	-7.000000E+2	-6.998080E-1	-2.949500E-4	2.372633E+6	7.023868E+5	2.185656E+6	6.359240E+5	4.574100E-4	9.997410E-1	1.000000E-2	0.000000E+0	2.000000E-3	2.000000E+0	2.000000E-3	2.000000E+0	-2.071690E-1	2.908780E-1	2.900000E+1
1.134148E+0	2.656200E+2	-7.250000E+2	-7.248730E-1	-3.448600E-4	2.101934E+6	4.812823E+5	2.248705E+6	6.810266E+5	4.447800E-4	1.000179E+0	1.000000E-2	0.000000E+0	2.000000E-3	2.000000E+0	2.000000E-3	2.000000E+0	-1.659750E-1	3.029070E-1	3.000000E+1
1.172750E+0	2.656200E+2	-7.500000E+2	-7.500680E-1	-3.339600E-4	2.245982E+6	6.572584E+5	2.147993E+6	5.809910E+5	4.655700E-4	1.000041E+0	1.000000E-2	0.000000E+0	2.000000E-3	2.000000E+0	2.000000E-3	2.000000E+0	-2.194980E-1	2.704920E-1	3.100000E+1
1.211219E+0	2.656200E+2	-7.750000E+2	-7.746420E-1	-3.261200E-4	2.375328E+6	7.154176E+5	2.140047E+6	6.134690E+5	4.673700E-4	1.000194E+0	1.000000E-2	0.000000E+0	2.000000E-3	2.000000E+0	2.000000E-3	2.000000E+0	-2.333120E-1	2.867170E-1	3.200000E+1
1.250405E+0	2.656200E+2	-8.000000E+2	-8.002580E-1	-3.693200E-4	2.166842E+6	5.522745E+5	2.290364E+6	6.882432E+5	4.366000E-4	9.999730E-1	1.000000E-2	0.000000E+0	2.000000E-3	2.000000E+0	2.000000E-3	2.000000E+0	-2.039660E-1	3.004870E-1	3.300000E+1
1.288840E+0	2.656200E+2	-8.250000E+2	-8.250910E-1	-3.689700E-4	2.236201E+6	6.671925E+5	2.141047E+6	5.793642E+5	4.671500E-4	1.000190E+0	1.000000E-2	0.000000E+0	2.000000E-3	2.000000E+0	2.000000E-3	2.000000E+0	-2.461740E-1	2.706500E-1	3.400000E+1
1.327209E+0	2.656200E+2	-8.500000E+2	-8.505110E-1	-3.974500E-4	2.139919E+6	5.983545E+5	2.147175E+6	5.407731E+5	4.656500E-4	9.998320E-1	1.000000E-2	0.000000E+0	2.000000E-3	2.000000E+0	2.000000E-3	2.000000E+0	-2.378160E-1	2.518110E-1	3.500000E+1
1.365895E+0	2.656200E+2	-8.750000E+2	-8.751010E-1	-4.110100E-4	2.129148E+6	5.051191E+5	2.168488E+6	5.828231E+5	4.612600E-4	1.000237E+0	1.000000E-2	0.000000E+0	2.000000E-3	2.000000E+0	2.000000E-3	2.000000E+0	-2.076090E-1	2.688330E-1	3.600000E+1
1.404497E+0	2.656200E+2	-9.000000E+2	-9.002240E-1	-4.061400E-4	2.216536E+6	6.513862E+5	2.104777E+6	5.443706E+5	4.751800E-4	1.000148E+0	1.000000E-2	0.000000E+0	2.000000E-3	2.000000E+0	2.000000E-3	2.000000E+0	-2.645540E-1	2.586740E-1	3.700000E+1
1.442749E+0	2.656200E+2	-9.250000E+2	-9.250700E-1	-4.323200E-4	2.139781E+6	6.127498E+5	2.077686E+6	5.223452E+5	4.814900E-4	1.000385E+0	1.000000E-2	0.000000E+0	2.000000E-3	2.000000E+0	2.000000E-3	2.000000E+0	-2.649040E-1	2.515040E-1	3.800000E+1
1.481218E+0	2.656200E+2	-9.500000E+2	-9.496360E-1	-4.527000E-4	2.097716E+6	5.194500E+5	2.247417E+6	6.859531E+5	4.450100E-4	1.000123E+0	1.000000E-2	0.000000E+0	2.000000E-3	2.000000E+0	2.000000E-3	2.000000E+0	-2.351550E-1	3.052560E-1	3.900000E+1
1.519687E+0	2.656200E+2	-9.750000E+2	-9.750810E-1	-4.351800E-4	2.240638E+6	6.463762E+5	2.096306E+6	5.288356E+5	4.770500E-4	1.000043E+0	1.000000E-2	0.000000E+0	2.000000E-3	2.000000E+0	2.000000E-3	2.000000E+0	-2.812900E-1	2.522810E-1	4.000000E+1
1.558156E+0	2.656200E+2	-1.000000E+3	-1.000316E+0	-4.774100E-4	2.095298E+6	5.084246E+5	2.290262E+6	6.897352E+5	4.365400E-4	9.997910E-1	1.000000E-2	0.000000E+0	2.000000E-3	2.000000E+0	2.000000E-3	2.000000E+0	-2.427270E-1	3.010970E-1	4.100000E+1
1.596558E+0	2.656200E+2	-1.025000E+3	-1.025137E+0	-4.484400E-4	2.286007E+6	6.556373E+5	2.202506E+6	6.332306E+5	4.540400E-4	1.000026E+0	1.000000E-2	0.000000E+0	2.000000E-3	2.000000E+0	2.000000E-3	2.000000E+0	-2.940140E-1	2.875120E-1	4.200000E+1
1.634994E+0	2.656200E+2	-1.050000E+3	-1.050646E+0	-5.085700E-4	2.065883E+6	5.313074E+5	2.144605E+6	5.535717E+5	4.661600E-4	9.997290E-1	1.000000E-2	0.000000E+0	2.000000E-3	2.000000E+0	2.000000E-3	2.000000E+0	-2.702070E-1	2.580530E-1	4.300000E+1
1.673562E+0	2.656200E+2	-1.075000E+3	-1.075125E+0	-4.824300E-4	2.228562E+6	6.144622E+5	2.123901E+6	5.362987E+5	4.706500E-4	9.996140E-1	1.000000E-2	0.000000E+0	2.000000E-3	2.000000E+0	2.000000E-3	2.000000E+0	-2.964350E-1	2.524090E-1	4.400000E+1
1.712065E+0	2.656200E+2	-1.100000E+3	-1.100119E+0	-4.886500E-4	2.251343E+6	6.266837E+5	2.219968E+6	6.762217E+5	4.504100E-4	9.998960E-1	1.000000E-2	0.000000E+0	2.000000E-3	2.000000E+0	2.000000E-3	2.000000E+0	-3.062290E-1	3.045770E-1	4.500000E+1
1.750683E+0	2.656200E+2	-1.125000E+3	-1.125129E+0	-5.283700E-4	2.129434E+6	5.530689E+5	2.300518E+6	7.028255E+5	4.346200E-4	9.998510E-1	1.000000E-2	0.000000E+0	2.000000E-3	2.000000E+0	2.000000E-3	2.000000E+0	-2.922250E-1	3.054620E-1	4.600000E+1
1.789252E+0	2.656200E+2	-1.150000E+3	-1.150132E+0	-5.395400E-4	2.131690E+6	5.784705E+5	2.253424E+6	6.798161E+5	4.437700E-4	1.000002E+0	1.000000E-2	0.000000E+0	2.000000E-3	2.000000E+0	2.000000E-3	2.000000E+0	-3.121080E-1	3.016820E-1	4.700000E+1
1.827721E+0	2.657200E+2	-1.175000E+3	-1.175240E+0	-5.392300E-4	2.179478E+6	6.269347E+5	2.072542E+6	5.317743E+5	4.825600E-4	1.000126E+0	1.000000E-2	0.000000E+0	2.000000E-3	2.000000E+0	2.000000E-3	2.000000E+0	-3.380620E-1	2.566130E-1	4.800000E+1
1.866807E+0	2.657200E+2	-1.200000E+3	-1.200107E+0	-5.503000E-4	2.180823E+6	6.091078E+5	2.212418E+6	6.149371E+5	4.522300E-4	1.000522E+0	1.000000E-2	0.000000E+0	2.000000E-3	2.000000E+0	2.000000E-3	2.000000E+0	-3.351920E-1	2.780930E-1	4.900000E+1
1.905226E+0	2.656200E+2	-1.225000E+3	-1.224664E+0	-5.787100E-4	2.116196E+6	5.234643E+5	2.233280E+6	6.674954E+5	4.476900E-4	9.998170E-1	1.000000E-2	0.000000E+0	2.000000E-3	2.000000E+0	2.000000E-3	2.000000E+0	-3.029340E-1	2.988310E-1	5.000000E+1
1.944078E+0	2.656200E+2	-1.250000E+3	-1.250152E+0	-5.632400E-4	2.219572E+6	6.096478E+5	2.300154E+6	6.745169E+5	4.346800E-4	9.998310E-1	1.000000E-2	0.000000E+0	2.000000E-3	2.000000E+0	2.000000E-3	2.000000E+0	-3.433780E-1	2.931990E-1	5.100000E+1
1.982447E+0	2.656200E+2	-1.275000E+3	-1.274872E+0	-5.914500E-4	2.155503E+6	5.612579E+5	2.207049E+6	6.579216E+5	4.531300E-4	1.000080E+0	1.000000E-2	0.000000E+0	2.000000E-3	2.000000E+0	2.000000E-3	2.000000E+0	-3.319560E-1	2.981240E-1	5.200000E+1
2.020999E+0	2.656200E+2	-1.300000E+3	-1.300573E+0	-6.077500E-4	2.139980E+6	5.825553E+5	2.242599E+6	6.399529E+5	4.459000E-4	9.999750E-1	1.000000E-2	0.000000E+0	2.000000E-3	2.000000E+0	2.000000E-3	2.000000E+0	-3.540480E-1	2.853550E-1	5.300000E+1
2.058984E+0	2.657200E+2	-1.325000E+3	-1.325097E+0	-6.014600E-4	2.203134E+6	5.806504E+5	2.306566E+6	6.810391E+5	4.336300E-4	1.000196E+0	1.000000E-2	0.000000E+0	2.000000E-3	2.000000E+0	2.000000E-3	2.000000E+0	-3.492380E-1	2.953190E-1	5.400000E+1
2.097003E+0	2.657200E+2	-1.350000E+3	-1.349882E+0	-6.005400E-4	2.247780E+6	6.392563E+5	2.233723E+6	6.804574E+5	4.477900E-4	1.000239E+0	1.000000E-2	0.000000E+0	2.000000E-3	2.000000E+0	2.000000E-3	2.000000E+0	-3.838990E-1	3.047020E-1	5.500000E+1
2.135689E+0	2.656200E+2	-1.375000E+3	-1.375186E+0	-6.125700E-4	2.244945E+6	6.450740E+5	2.199914E+6	6.498867E+5	4.544700E-4	9.997950E-1	1.000000E-2	0.000000E+0	2.000000E-3	2.000000E+0	2.000000E-3	2.000000E+0	-3.951530E-1	2.953540E-1	5.600000E+1
2.173658E+0	2.656200E+2	-1.400000E+3	-1.400350E+0	-6.305200E-4	2.220945E+6	6.407299E+5	2.192793E+6	6.366184E+5	4.561100E-4	1.000155E+0	1.000000E-2	0.000000E+0	2.000000E-3	2.000000E+0	2.000000E-3	2.000000E+0	-4.039930E-1	2.903680E-1	5.700000E+1
2.212177E+0	2.657200E+2	-1.425000E+3	-1.424922E+0	-6.765600E-4	2.106128E+6	5.365629E+5	2.297424E+6	6.751005E+5	4.352300E-4	9.999080E-1	1.000000E-2	0.000000E+0	2.000000E-3	2.000000E+0	2.000000E-3	2.000000E+0	-3.630170E-1	2.938240E-1	5.800000E+1
2.250729E+0	2.657200E+2	-1.450000E+3	-1.450069E+0	-6.841300E-4	2.119581E+6	5.398842E+5	2.199043E+6	5.592649E+5	4.546200E-4	9.997290E-1	1.000000E-2	0.000000E+0	2.000000E-3	2.000000E+0	2.000000E-3	2.000000E+0	-3.693510E-1	2.542530E-1	5.900000E+1
2.289148E+0	2.657200E+2	-1.475000E+3	-1.474654E+0	-6.681700E-4	2.207004E+6	5.774578E+5	2.297447E+6	6.998920E+5	4.352500E-4	9.999640E-1	1.000000E-2	0.000000E+0	2.000000E-3	2.000000E+0	2.000000E-3	2.000000E+0	-3.858400E-1	3.046280E-1	6.000000E+1
2.327700E+0	2.656200E+2	-1.500000E+3	-1.500331E+0	-7.042000E-4	2.130547E+6	5.381994E+5	2.265231E+6	6.476070E+5	4.414900E-4	1.000077E+0	1.000000E-2	0.000000E+0	2.000000E-3	2.000000E+0	2.000000E-3	2.000000E+0	-3.790000E-1	2.859120E-1	6.100000E+1
2.366285E+0	2.656200E+2	-1.500000E+3	-1.499702E+0	-6.820300E-4	2.198880E+6	6.338577E+5	2.269802E+6	6.005633E+5	4.402300E-4	9.992350E-1	1.000000E-2	0.000000E+0	2.000000E-3	2.000000E+0	2.000000E-3	2.000000E+0	-4.323100E-1	2.643860E-1	6.200000E+1
2.405188E+0	2.656200E+2	-1.475000E+3	-1.475023E+0	-6.815700E-4	2.164155E+6	5.994762E+5	2.120689E+6	5.350217E+5	4.714500E-4	9.997990E-1	1.000000E-2	0.000000E+0	2.000000E-3	2.000000E+0	2.000000E-3	2.000000E+0	-4.085850E-1	2.522360E-1	6.300000E+1
2.443690E+0	2.656200E+2	-1.450000E+3	-1.450167E+0	-6.741500E-4	2.151104E+6	5.648075E+5	2.280340E+6	6.962953E+5	4.383600E-4	9.996100E-1	1.000000E-2	0.000000E+0	2.000000E-3	2.000000E+0	2.000000E-3	2.000000E+0	-3.807650E-1	3.052280E-1	6.400000E+1
2.482159E+0	2.657200E+2	-1.425000E+3	-1.425000E+0	-6.542600E-4	2.178033E+6	6.015361E+5	2.108273E+6	5.317191E+5	4.743200E-4	9.999960E-1	1.000000E-2	0.000000E+0	2.000000E-3	2.000000E+0	2.000000E-3	2.000000E+0	-3.935610E-1	2.522050E-1	6.500000E+1
2.520578E+0	2.657200E+2	-1.400000E+3	-1.400165E+0	-6.452400E-4	2.169991E+6	5.607805E+5	2.321249E+6	6.997631E+5	4.305700E-4	9.994600E-1	1.000000E-2	0.000000E+0	2.000000E-3	2.000000E+0	2.000000E-3	2.000000E+0	-3.618380E-1	3.012970E-1	6.600000E+1
2.559046E+0	2.656200E+2	-1.375000E+3	-1.374822E+0	-6.188200E-4	2.221683E+6	6.411881E+5	2.089326E+6	5.415460E+5	4.786500E-4	1.000056E+0	1.000000E-2	0.000000E+0	2.000000E-3	2.000000E+0	2.000000E-3	2.000000E+0	-3.967800E-1	2.592110E-1	6.700000E+1
2.597565E+0	2.656200E+2	-1.350000E+3	-1.349657E+0	-5.950400E-4	2.268179E+6	6.429601E+5	2.279811E+6	6.972272E+5	4.385500E-4	9.998110E-1	1.000000E-2	0.000000E+0	2.000000E-3	2.000000E+0	2.000000E-3	2.000000E+0	-3.825870E-1	3.057690E-1	6.800000E+1
2.635967E+0	2.656200E+2	-1.325000E+3	-1.325144E+0	-6.116500E-4	2.166507E+6	6.106482E+5	2.112636E+6	5.414779E+5	4.732400E-4	9.997840E-1	1.000000E-2	0.000000E+0	2.000000E-3	2.000000E+0	2.000000E-3	2.000000E+0	-3.735030E-1	2.562490E-1	6.900000E+1
2.674386E+0	2.656200E+2	-1.300000E+3	-1.300281E+0	-6.228400E-4	2.087665E+6	5.191285E+5	2.268913E+6	6.422544E+5	4.406400E-4	9.997740E-1	1.000000E-2	0.000000E+0	2.000000E-3	2.000000E+0	2.000000E-3	2.000000E+0	-3.233340E-1	2.830030E-1	7.000000E+1
2.712922E+0	2.656200E+2	-1.275000E+3	-1.275393E+0	-5.701900E-4	2.236786E+6	6.445957E+5	2.113669E+6	5.559008E+5	4.734100E-4	1.000632E+0	1.000000E-2	0.000000E+0	2.000000E-3	2.000000E+0	2.000000E-3	2.000000E+0	-3.675420E-1	2.631690E-1	7.100000E+1
2.751474E+0	2.656200E+2	-1.250000E+3	-1.250623E+0	-5.803300E-4	2.155020E+6	5.688453E+5	2.187685E+6	6.125662E+5	4.569400E-4	9.996410E-1	1.000000E-2	0.000000E+0	2.000000E-3	2.000000E+0	2.000000E-3	2.000000E+0	-3.301180E-1	2.799060E-1	7.200000E+1
2.789660E+0	2.656200E+2	-1.225000E+3	-1.225279E+0	-5.850600E-4	2.094279E+6	5.167265E+5	2.193497E+6	6.319857E+5	4.561100E-4	1.000476E+0	1.000000E-2	0.000000E+0	2.000000E-3	2.000000E+0	2.000000E-3	2.000000E+0	-3.023160E-1	2.882550E-1	7.300000E+1
2.827678E+0	2.656200E+2	-1.200000E+3	-1.200114E+0	-5.336300E-4	2.248963E+6	6.169387E+5	2.269869E+6	6.944240E+5	4.406400E-4	1.000195E+0	1.000000E-2	0.000000E+0	2.000000E-3	2.000000E+0	2.000000E-3	2.000000E+0	-3.292170E-1	3.059910E-1	7.400000E+1
2.865914E+0	2.656200E+2	-1.175000E+3	-1.174803E+0	-5.393600E-4	2.178143E+6	5.402088E+5	2.274043E+6	6.524589E+5	4.396200E-4	9.997150E-1	1.000000E-2	0.000000E+0	2.000000E-3	2.000000E+0	2.000000E-3	2.000000E+0	-2.913670E-1	2.868340E-1	7.500000E+1
2.904216E+0	2.656200E+2	-1.150000E+3	-1.150382E+0	-5.561500E-4	2.068474E+6	5.113315E+5	2.283721E+6	6.641986E+5	4.378600E-4	9.999500E-1	1.000000E-2	0.000000E+0	2.000000E-3	2.000000E+0	2.000000E-3	2.000000E+0	-2.843770E-1	2.908260E-1	7.600000E+1
2.942585E+0	2.656200E+2	-1.125000E+3	-1.124935E+0	-5.176500E-4	2.173158E+6	5.666222E+5	2.308695E+6	7.021081E+5	4.331000E-4	9.998960E-1	1.000000E-2	0.000000E+0	2.000000E-3	2.000000E+0	2.000000E-3	2.000000E+0	-2.933120E-1	3.040830E-1	7.700000E+1
2.980921E+0	2.656200E+2	-1.100000E+3	-1.100155E+0	-5.060800E-4	2.173876E+6	5.691116E+5	2.210279E+6	6.683308E+5	4.524900E-4	1.000129E+0	1.000000E-2	0.000000E+0	2.000000E-3	2.000000E+0	2.000000E-3	2.000000E+0	-2.880160E-1	3.024130E-1	7.800000E+1
3.019239E+0	2.656200E+2	-1.075000E+3	-1.074876E+0	-4.752100E-4	2.261897E+6	6.278024E+5	2.299152E+6	6.892754E+5	4.348900E-4	9.998780E-1	1.000000E-2	0.000000E+0	2.000000E-3	2.000000E+0	2.000000E-3	2.000000E+0	-2.983380E-1	2.997590E-1	7.900000E+1
3.057692E+0	2.656200E+2	-1.050000E+3	-1.049789E+0	-4.547100E-4	2.308700E+6	6.788019E+5	2.161804E+6	5.491998E+5	4.624000E-4	9.996180E-1	1.000000E-2	0.000000E+0	2.000000E-3	2.000000E+0	2.000000E-3	2.000000E+0	-3.086580E-1	2.539500E-1	8.000000E+1
3.096110E+0	2.656200E+2	-1.025000E+3	-1.025167E+0	-4.741200E-4	2.162252E+6	5.485869E+5	2.242937E+6	6.862019E+5	4.458600E-4	1.000036E+0	1.000000E-2	0.000000E+0	2.000000E-3	2.000000E+0	2.000000E-3	2.000000E+0	-2.600960E-1	3.059500E-1	8.100000E+1
3.134479E+0	2.656200E+2	-1.000000E+3	-1.000104E+0	-4.356600E-4	2.295607E+6	6.623789E+5	2.207944E+6	6.607966E+5	4.529200E-4	1.000022E+0	1.000000E-2	0.000000E+0	2.000000E-3	2.000000E+0	2.000000E-3	2.000000E+0	-2.885720E-1	2.992880E-1	8.200000E+1
3.172948E+0	2.656200E+2	-9.750000E+2	-9.749560E-1	-4.729200E-4	2.061566E+6	4.977184E+5	2.131178E+6	5.575590E+5	4.693100E-4	1.000183E+0	1.000000E-2	0.000000E+0	2.000000E-3	2.000000E+0	2.000000E-3	2.000000E+0	-2.353810E-1	2.616680E-1	8.300000E+1
3.211334E+0	2.656200E+2	-9.500000E+2	-9.499170E-1	-4.558300E-4	2.083928E+6	5.019086E+5	2.273743E+6	6.626987E+5	4.397700E-4	9.999240E-1	1.000000E-2	0.000000E+0	2.000000E-3	2.000000E+0	2.000000E-3	2.000000E+0	-2.287850E-1	2.914350E-1	8.400000E+1
3.249819E+0	2.656200E+2	-9.250000E+2	-9.246400E-1	-4.086100E-4	2.262891E+6	6.253812E+5	2.091282E+6	5.603404E+5	4.783200E-4	1.000302E+0	1.000000E-2	0.000000E+0	2.000000E-3	2.000000E+0	2.000000E-3	2.000000E+0	-2.555370E-1	2.680220E-1	8.500000E+1
3.288988E+0	2.656200E+2	-9.000000E+2	-9.002340E-1	-4.160500E-4	2.163764E+6	5.667227E+5	2.281972E+6	6.978571E+5	4.382000E-4	9.999600E-1	1.000000E-2	0.000000E+0	2.000000E-3	2.000000E+0	2.000000E-3	2.000000E+0	-2.357850E-1	3.058010E-1	8.600000E+1
3.327357E+0	2.656200E+2	-8.750000E+2	-8.747580E-1	-4.030700E-4	2.170238E+6	5.601260E+5	2.169900E+6	6.171636E+5	4.608600E-4	1.000020E+0	1.000000E-2	0.000000E+0	2.000000E-3	2.000000E+0	2.000000E-3	2.000000E+0	-2.257700E-1	2.844260E-1	8.700000E+1
3.366593E+0	2.656200E+2	-8.500000E+2	-8.501360E-1	-4.092800E-4	2.077150E+6	4.916145E+5	2.314495E+6	7.000972E+5	4.320000E-4	9.998620E-1	1.000000E-2	0.000000E+0	2.000000E-3	2.000000E+0	2.000000E-3	2.000000E+0	-2.012080E-1	3.024420E-1	8.800000E+1
3.405011E+0	2.656200E+2	-8.250000E+2	-8.249500E-1	-3.581600E-4	2.303300E+6	6.897811E+5	2.163832E+6	6.214049E+5	4.620900E-4	9.998850E-1	1.000000E-2	0.000000E+0	2.000000E-3	2.000000E+0	2.000000E-3	2.000000E+0	-2.470520E-1	2.871450E-1	8.900000E+1
3.443480E+0	2.656200E+2	-8.000000E+2	-8.002500E-1	-3.841200E-4	2.083333E+6	4.883240E+5	2.217075E+6	6.054058E+5	4.510000E-4	9.999010E-1	1.000000E-2	0.000000E+0	2.000000E-3	2.000000E+0	2.000000E-3	2.000000E+0	-1.875750E-1	2.730380E-1	9.000000E+1
3.481499E+0	2.656200E+2	-7.750000E+2	-7.751430E-1	-3.595900E-4	2.155630E+6	5.304486E+5	2.259492E+6	6.699422E+5	4.426800E-4	1.000232E+0	1.000000E-2	0.000000E+0	2.000000E-3	2.000000E+0	2.000000E-3	2.000000E+0	-1.907440E-1	2.965700E-1	9.100000E+1
3.520035E+0	2.655200E+2	-7.500000E+2	-7.500370E-1	-3.545700E-4	2.115343E+6	4.891249E+5	2.126726E+6	5.370179E+5	4.700700E-4	9.997100E-1	1.000000E-2	0.000000E+0	2.000000E-3	2.000000E+0	2.000000E-3	2.000000E+0	-1.734290E-1	2.524360E-1	9.200000E+1
3.558570E+0	2.655200E+2	-7.250000E+2	-7.252630E-1	-3.189400E-4	2.273979E+6	6.368627E+5	2.197858E+6	6.363017E+5	4.548000E-4	9.995860E-1	1.000000E-2	0.000000E+0	2.000000E-3	2.000000E+0	2.000000E-3	2.000000E+0	-2.031210E-1	2.893900E-1	9.300000E+1
3.596956E+0	2.655200E+2	-7.000000E+2	-7.003320E-1	-3.265000E-4	2.144968E+6	5.976968E+5	2.103109E+6	5.355479E+5	4.753300E-4	9.996710E-1	1.000000E-2	0.000000E+0	2.000000E-3	2.000000E+0	2.000000E-3	2.000000E+0	-1.951480E-1	2.545620E-1	9.400000E+1
3.635675E+0	2.655200E+2	-6.750000E+2	-6.749710E-1	-3.359000E-4	2.009440E+6	4.731974E+5	2.154862E+6	5.604802E+5	4.640200E-4	9.998990E-1	1.000000E-2	0.000000E+0	2.000000E-3	2.000000E+0	2.000000E-3	2.000000E+0	-1.589470E-1	2.600740E-1	9.500000E+1
3.674327E+0	2.655200E+2	-6.500000E+2	-6.503610E-1	-2.981800E-4	2.181102E+6	6.456704E+5	2.144394E+6	5.544220E+5	4.663000E-4	9.999310E-1	1.000000E-2	0.000000E+0	2.000000E-3	2.000000E+0	2.000000E-3	2.000000E+0	-1.925260E-1	2.585270E-1	9.600000E+1
3.712829E+0	2.655200E+2	-6.250000E+2	-6.247280E-1	-2.933200E-4	2.129851E+6	4.724465E+5	2.170662E+6	6.110621E+5	4.606700E-4	9.999590E-1	1.000000E-2	0.000000E+0	2.000000E-3	2.000000E+0	2.000000E-3	2.000000E+0	-1.385780E-1	2.814980E-1	9.700000E+1
3.751248E+0	2.655200E+2	-6.000000E+2	-5.996970E-1	-2.755800E-4	2.176127E+6	5.952790E+5	2.255471E+6	6.059937E+5	4.431300E-4	9.994670E-1	1.000000E-2	0.000000E+0	2.000000E-3	2.000000E+0	2.000000E-3	2.000000E+0	-1.640470E-1	2.685340E-1	9.800000E+1
3.789717E+0	2.655200E+2	-5.750000E+2	-5.745870E-1	-2.466100E-4	2.329942E+6	6.418556E+5	2.212031E+6	6.619953E+5	4.522600E-4	1.000413E+0	1.000000E-2	0.000000E+0	2.000000E-3	2.000000E+0	2.000000E-3	2.000000E+0	-1.582880E-1	2.993940E-1	9.900000E+1
3.828102E+0	2.655200E+2	-5.500000E+2	-5.504990E-1	-2.555400E-4	2.154258E+6	6.403459E+5	2.094895E+6	5.404946E+5	4.772000E-4	9.996840E-1	1.000000E-2	0.000000E+0	2.000000E-3	2.000000E+0	2.000000E-3	2.000000E+0	-1.636340E-1	2.579240E-1	1.000000E+2
3.866554E+0	2.655200E+2	-5.250000E+2	-5.246020E-1	-2.448200E-4	2.142807E+6	4.566743E+5	2.330311E+6	6.778096E+5	4.291500E-4	1.000053E+0	1.000000E-2	0.000000E+0	2.000000E-3	2.000000E+0	2.000000E-3	2.000000E+0	-1.118030E-1	2.908820E-1	1.010000E+2
3.905373E+0	2.655200E+2	-5.000000E+2	-4.997340E-1	-2.088300E-4	2.393018E+6	7.610161E+5	2.115931E+6	5.807174E+5	4.725500E-4	9.998830E-1	1.000000E-2	0.000000E+0	2.000000E-3	2.000000E+0	2.000000E-3	2.000000E+0	-1.589230E-1	2.744180E-1	1.020000E+2
3.943759E+0	2.655200E+2	-4.750000E+2	-4.750850E-1	-2.101600E-4	2.260587E+6	7.225685E+5	2.142180E+6	5.418184E+5	4.669000E-4	1.000184E+0	1.000000E-2	0.000000E+0	2.000000E-3	2.000000E+0	2.000000E-3	2.000000E+0	-1.518550E-1	2.529750E-1	1.030000E+2
3.982278E+0	2.655200E+2	-4.500000E+2	-4.499560E-1	-2.183900E-4	2.060332E+6	4.196667E+5	2.175260E+6	6.207312E+5	4.597900E-4	1.000163E+0	1.000000E-2	0.000000E+0	2.000000E-3	2.000000E+0	2.000000E-3	2.000000E+0	-9.165100E-2	2.854060E-1	1.040000E+2
4.020763E+0	2.655200E+2	-4.250000E+2	-4.247390E-1	-2.048600E-4	2.073313E+6	4.141316E+5	2.175605E+6	5.724643E+5	4.597300E-4	1.000191E+0	1.000000E-2	0.000000E+0	2.000000E-3	2.000000E+0	2.000000E-3	2.000000E+0	-8.483900E-2	2.631790E-1	1.050000E+2
4.059066E+0	2.655200E+2	-4.000000E+2	-4.001390E-1	-2.102800E-4	1.902887E+6	3.768832E+5	2.167826E+6	5.501789E+5	4.612100E-4	9.998230E-1	1.000000E-2	0.000000E+0	2.000000E-3	2.000000E+0	2.000000E-3	2.000000E+0	-7.925100E-2	2.537480E-1	1.060000E+2
4.097351E+0	2.655200E+2	-3.750000E+2	-3.752550E-1	-1.670500E-4	2.246363E+6	6.910566E+5	2.138317E+6	5.385884E+5	4.675500E-4	9.997700E-1	1.000000E-2	0.000000E+0	2.000000E-3	2.000000E+0	2.000000E-3	2.000000E+0	-1.154410E-1	2.518170E-1	1.070000E+2
4.135870E+0	2.655200E+2	-3.500000E+2	-3.498980E-1	-1.735700E-4	2.015890E+6	3.662615E+5	2.228573E+6	6.684791E+5	4.487500E-4	1.000072E+0	1.000000E-2	0.000000E+0	2.000000E-3	2.000000E+0	2.000000E-3	2.000000E+0	-6.357200E-2	2.999800E-1	1.080000E+2
4.174489E+0	2.655200E+2	-3.250000E+2	-3.250170E-1	-1.244900E-4	2.610788E+6	8.186200E+5	2.206982E+6	6.596836E+5	4.531900E-4	1.000182E+0	1.000000E-2	0.000000E+0	2.000000E-3	2.000000E+0	2.000000E-3	2.000000E+0	-1.019100E-1	2.989620E-1	1.090000E+2
4.212958E+0	2.655200E+2	-3.000000E+2	-2.995690E-1	-1.227000E-4	2.441475E+6	8.406683E+5	2.069132E+6	5.323846E+5	4.834400E-4	1.000301E+0	1.000000E-2	0.000000E+0	2.000000E-3	2.000000E+0	2.000000E-3	2.000000E+0	-1.031500E-1	2.573760E-1	1.100000E+2
4.251527E+0	2.655200E+2	-2.750000E+2	-2.750490E-1	-1.180700E-4	2.329542E+6	7.768104E+5	2.175477E+6	6.323318E+5	4.596100E-4	9.998710E-1	1.000000E-2	0.000000E+0	2.000000E-3	2.000000E+0	2.000000E-3	2.000000E+0	-9.171800E-2	2.906260E-1	1.110000E+2
4.290145E+0	2.655200E+2	-2.500000E+2	-2.500450E-1	-9.257000E-5	2.701145E+6	8.821108E+5	2.228608E+6	6.514912E+5	4.486200E-4	9.997980E-1	1.000000E-2	0.000000E+0	2.000000E-3	2.000000E+0	2.000000E-3	2.000000E+0	-8.165700E-2	2.922720E-1	1.120000E+2
4.328548E+0	2.655200E+2	-2.250000E+2	-2.249530E-1	-9.742000E-5	2.309105E+6	8.152227E+5	2.173421E+6	5.610755E+5	4.600700E-4	9.999260E-1	1.000000E-2	0.000000E+0	2.000000E-3	2.000000E+0	2.000000E-3	2.000000E+0	-7.941900E-2	2.581340E-1	1.130000E+2
4.367033E+0	2.655200E+2	-2.000000E+2	-2.000000E-1	-7.507000E-5	2.664180E+6	7.130678E+5	2.306327E+6	7.062853E+5	4.335500E-4	9.999080E-1	1.000000E-2	0.000000E+0	2.000000E-3	2.000000E+0	2.000000E-3	2.000000E+0	-5.353000E-2	3.062100E-1	1.140000E+2
4.405469E+0	2.655200E+2	-1.750000E+2	-1.755210E-1	-7.259000E-5	2.417978E+6	9.490977E+5	2.137087E+6	6.006967E+5	4.679300E-4	1.000007E+0	1.000000E-2	0.000000E+0	2.000000E-3	2.000000E+0	2.000000E-3	2.000000E+0	-6.889500E-2	2.810840E-1	1.150000E+2
4.444004E+0	2.655200E+2	-1.500000E+2	-1.499603E-1	-9.065000E-5	1.654278E+6	1.010954E+5	2.213849E+6	6.110235E+5	4.516700E-4	9.999290E-1	1.000000E-2	0.000000E+0	2.000000E-3	2.000000E+0	2.000000E-3	2.000000E+0	-9.164300E-3	2.759810E-1	1.160000E+2
4.482373E+0	2.655200E+2	-1.250000E+2	-1.244958E-1	-3.107000E-5	4.006946E+6	1.093444E+6	2.312223E+6	6.866113E+5	4.323800E-4	9.997590E-1	1.000000E-2	0.000000E+0	2.000000E-3	2.000000E+0	2.000000E-3	2.000000E+0	-3.397330E-2	2.968770E-1	1.170000E+2
4.520959E+0	2.655200E+2	-1.000000E+2	-9.997540E-2	-4.619000E-5	2.164438E+6	2.240225E+5	2.291256E+6	6.575678E+5	4.363200E-4	9.997210E-1	1.000000E-2	0.000000E+0	2.000000E-3	2.000000E+0	2.000000E-3	2.000000E+0	-1.034760E-2	2.869100E-1	1.180000E+2
4.559294E+0	2.656200E+2	-7.500000E+1	-7.525810E-2	-5.866000E-5	1.282954E+6	-2.062768E+5	2.197249E+6	5.947683E+5	4.551100E-4	9.999900E-1	1.000000E-2	0.000000E+0	2.000000E-3	2.000000E+0	2.000000E-3	2.000000E+0	1.210020E-2	2.706850E-1	1.190000E+2
4.598130E+0	2.656200E+2	-5.000000E+1	-4.985200E-2	-1.931000E-5	2.581668E+6	-2.348317E+5	2.084970E+6	5.473661E+5	4.795200E-4	9.997850E-1	1.000000E-2	0.000000E+0	2.000000E-3	2.000000E+0	2.000000E-3	2.000000E+0	4.534600E-3	2.624730E-1	1.200000E+2
4.636515E+0	2.656200E+2	-2.500000E+1	-2.573000E-2	-4.586000E-5	5.610554E+5	-5.204754E+5	2.082156E+6	5.374128E+5	4.804500E-4	1.000372E+0	1.000000E-2	0.000000E+0	2.000000E-3	2.000000E+0	2.000000E-3	2.000000E+0	2.386900E-2	2.582000E-1	1.210000E+2
4.674967E+0	2.656200E+2	2.500000E+1	2.510300E-2	1.022000E-5	2.456262E+6	1.746546E+6	2.265575E+6	6.913961E+5	4.413100E-4	9.998210E-1	1.000000E-2	0.000000E+0	2.000000E-3	2.000000E+0	2.000000E-3	2.000000E+0	1.784970E-2	3.051200E-1	1.220000E+2
4.714203E+0	2.656200E+2	5.000000E+1	5.038450E-2	9.530000E-6	5.286936E+6	4.927366E+6	2.187248E+6	5.975528E+5	4.572500E-4	1.000119E+0	1.000000E-2	0.000000E+0	2.000000E-3	2.000000E+0	2.000000E-3	2.000000E+0	4.695780E-2	2.732310E-1	1.230000E+2
4.752722E+0	2.656200E+2	7.500000E+1	7.525660E-2	4.107000E-5	1.832398E+6	8.061578E+5	2.102274E+6	5.484004E+5	4.757400E-4	1.000136E+0	1.000000E-2	0.000000E+0	2.000000E-3	2.000000E+0	2.000000E-3	2.000000E+0	3.310890E-2	2.608960E-1	1.240000E+2
4.791407E+0	2.656200E+2	1.000000E+2	9.964630E-2	1.846000E-5	5.397958E+6	2.449870E+6	2.122110E+6	5.388567E+5	4.710900E-4	9.997050E-1	1.000000E-2	0.000000E+0	2.000000E-3	2.000000E+0	2.000000E-3	2.000000E+0	4.522460E-2	2.538500E-1	1.250000E+2
4.829643E+0	2.656200E+2	1.250000E+2	1.250900E-1	6.577000E-5	1.901931E+6	1.902889E+5	2.200378E+6	6.259097E+5	4.545400E-4	1.000160E+0	1.000000E-2	0.000000E+0	2.000000E-3	2.000000E+0	2.000000E-3	2.000000E+0	1.251530E-2	2.845010E-1	1.260000E+2
4.867928E+0	2.656200E+2	1.500000E+2	1.500227E-1	6.521000E-5	2.300609E+6	1.016412E+6	2.268324E+6	6.796048E+5	4.408400E-4	9.999680E-1	1.000000E-2	0.000000E+0	2.000000E-3	2.000000E+0	2.000000E-3	2.000000E+0	6.628020E-2	2.995970E-1	1.270000E+2
4.906181E+0	2.656200E+2	1.750000E+2	1.748742E-1	6.850000E-5	2.552908E+6	9.305182E+5	2.248858E+6	6.603368E+5	4.447200E-4	1.000112E+0	1.000000E-2	0.000000E+0	2.000000E-3	2.000000E+0	2.000000E-3	2.000000E+0	6.374050E-2	2.936650E-1	1.280000E+2
4.944433E+0	2.656200E+2	2.000000E+2	1.994920E-1	6.070000E-5	3.286524E+6	1.452199E+6	2.167412E+6	5.639215E+5	4.613000E-4	9.998270E-1	1.000000E-2	0.000000E+0	2.000000E-3	2.000000E+0	2.000000E-3	2.000000E+0	8.814850E-2	2.601370E-1	1.290000E+2
4.982818E+0	2.656200E+2	2.250000E+2	2.245450E-1	7.910000E-5	2.838748E+6	1.181618E+6	2.303982E+6	7.017469E+5	4.339200E-4	9.997440E-1	1.000000E-2	0.000000E+0	2.000000E-3	2.000000E+0	2.000000E-3	2.000000E+0	9.346600E-2	3.045020E-1	1.300000E+2
5.021121E+0	2.656200E+2	2.500000E+2	2.496600E-1	1.081500E-4	2.308460E+6	5.887471E+5	2.158630E+6	5.674020E+5	4.632800E-4	1.000050E+0	1.000000E-2	0.000000E+0	2.000000E-3	2.000000E+0	2.000000E-3	2.000000E+0	6.367300E-2	2.628660E-1	1.310000E+2
5.059723E+0	2.656200E+2	2.750000E+2	2.750250E-1	1.497800E-4	1.836193E+6	3.721058E+5	2.154838E+6	5.583942E+5	4.639500E-4	9.997370E-1	1.000000E-2	0.000000E+0	2.000000E-3	2.000000E+0	2.000000E-3	2.000000E+0	5.573400E-2	2.590670E-1	1.320000E+2
5.098192E+0	2.656200E+2	3.000000E+2	3.001520E-1	1.416600E-4	2.118820E+6	6.840887E+5	2.274353E+6	6.750097E+5	4.398100E-4	1.000283E+0	1.000000E-2	0.000000E+0	2.000000E-3	2.000000E+0	2.000000E-3	2.000000E+0	9.690800E-2	2.968760E-1	1.330000E+2
5.136777E+0	2.657200E+2	3.250000E+2	3.250640E-1	1.619400E-4	2.007311E+6	4.216191E+5	2.116838E+6	5.340246E+5	4.725700E-4	1.000354E+0	1.000000E-2	0.000000E+0	2.000000E-3	2.000000E+0	2.000000E-3	2.000000E+0	6.827700E-2	2.523640E-1	1.340000E+2
5.175946E+0	2.657200E+2	3.500000E+2	3.498940E-1	1.641700E-4	2.131291E+6	5.590364E+5	2.263994E+6	6.777332E+5	4.415100E-4	9.995760E-1	1.000000E-2	0.000000E+0	2.000000E-3	2.000000E+0	2.000000E-3	2.000000E+0	9.177700E-2	2.992260E-1	1.350000E+2
5.214532E+0	2.656200E+2	3.750000E+2	3.750180E-1	1.599800E-4	2.344156E+6	8.000625E+5	2.210491E+6	6.493628E+5	4.527900E-4	1.000888E+0	1.000000E-2	0.000000E+0	2.000000E-3	2.000000E+0	2.000000E-3	2.000000E+0	1.279940E-1	2.940250E-1	1.360000E+2
5.254517E+0	2.656200E+2	4.000000E+2	4.001370E-1	1.644500E-4	2.433183E+6	8.585284E+5	2.304967E+6	6.503148E+5	4.336500E-4	9.995490E-1	1.000000E-2	0.000000E+0	2.000000E-3	2.000000E+0	2.000000E-3	2.000000E+0	1.411850E-1	2.820090E-1	1.370000E+2
5.293153E+0	2.656200E+2	4.250000E+2	4.249330E-1	1.785400E-4	2.380044E+6	7.352638E+5	2.271169E+6	6.372053E+5	4.402600E-4	9.999050E-1	1.000000E-2	0.000000E+0	2.000000E-3	2.000000E+0	2.000000E-3	2.000000E+0	1.312740E-1	2.805360E-1	1.380000E+2
5.331938E+0	2.656200E+2	4.500000E+2	4.500970E-1	1.947600E-4	2.311034E+6	7.988396E+5	2.317985E+6	6.953680E+5	4.313500E-4	9.998630E-1	1.000000E-2	0.000000E+0	2.000000E-3	2.000000E+0	2.000000E-3	2.000000E+0	1.555820E-1	2.999470E-1	1.390000E+2
5.370524E+0	2.656200E+2	4.750000E+2	4.751420E-1	2.352200E-4	2.019990E+6	5.736204E+5	2.312616E+6	7.055725E+5	4.324800E-4	1.000160E+0	1.000000E-2	0.000000E+0	2.000000E-3	2.000000E+0	2.000000E-3	2.000000E+0	1.349270E-1	3.051460E-1	1.400000E+2
5.409209E+0	2.656200E+2	5.000000E+2	4.998220E-1	2.065300E-4	2.420094E+6	8.110589E+5	2.275674E+6	6.955175E+5	4.394900E-4	1.000136E+0	1.000000E-2	0.000000E+0	2.000000E-3	2.000000E+0	2.000000E-3	2.000000E+0	1.675080E-1	3.056730E-1	1.410000E+2
5.447728E+0	2.656200E+2	5.250000E+2	5.247660E-1	2.252600E-4	2.329601E+6	7.075069E+5	2.155160E+6	5.576927E+5	4.640100E-4	1.000016E+0	1.000000E-2	0.000000E+0	2.000000E-3	2.000000E+0	2.000000E-3	2.000000E+0	1.593730E-1	2.587750E-1	1.420000E+2
5.486364E+0	2.656200E+2	5.500000E+2	5.497730E-1	2.638900E-4	2.083342E+6	4.936451E+5	2.120010E+6	5.328960E+5	4.718200E-4	1.000263E+0	1.000000E-2	0.000000E+0	2.000000E-3	2.000000E+0	2.000000E-3	2.000000E+0	1.302680E-1	2.514310E-1	1.430000E+2
5.524883E+0	2.657200E+2	5.750000E+2	5.750690E-1	2.801800E-4	2.052498E+6	5.429331E+5	2.147637E+6	6.141480E+5	4.656500E-4	1.000047E+0	1.000000E-2	0.000000E+0	2.000000E-3	2.000000E+0	2.000000E-3	2.000000E+0	1.521190E-1	2.859780E-1	1.440000E+2
5.563468E+0	2.657200E+2	6.000000E+2	5.996200E-1	2.566100E-4	2.336698E+6	7.377850E+5	2.278025E+6	6.930677E+5	4.389600E-4	9.999620E-1	1.000000E-2	0.000000E+0	2.000000E-3	2.000000E+0	2.000000E-3	2.000000E+0	1.893230E-1	3.042290E-1	1.450000E+2
5.601937E+0	2.657200E+2	6.250000E+2	6.250640E-1	2.980600E-4	2.097108E+6	5.071496E+5	2.065977E+6	5.287780E+5	4.841200E-4	1.000181E+0	1.000000E-2	0.000000E+0	2.000000E-3	2.000000E+0	2.000000E-3	2.000000E+0	1.511610E-1	2.559920E-1	1.460000E+2
5.640539E+0	2.657200E+2	6.500000E+2	6.500730E-1	2.904700E-4	2.238004E+6	6.969635E+5	2.208137E+6	6.284518E+5	4.527300E-4	9.996900E-1	1.000000E-2	0.000000E+0	2.000000E-3	2.000000E+0	2.000000E-3	2.000000E+0	2.024470E-1	2.845190E-1	1.470000E+2
5.679725E+0	2.657200E+2	6.750000E+2	6.753750E-1	3.141200E-4	2.150054E+6	5.890997E+5	2.299289E+6	6.697321E+5	4.348500E-4	9.998460E-1	1.000000E-2	0.000000E+0	2.000000E-3	2.000000E+0	2.000000E-3	2.000000E+0	1.850480E-1	2.912330E-1	1.480000E+2
5.718277E+0	2.656200E+2	7.000000E+2	6.997830E-1	3.392700E-4	2.062614E+6	5.046600E+5	2.084858E+6	5.284472E+5	4.796600E-4	1.000023E+0	1.000000E-2	0.000000E+0	2.000000E-3	2.000000E+0	2.000000E-3	2.000000E+0	1.712160E-1	2.534750E-1	1.490000E+2
5.756763E+0	2.656200E+2	7.250000E+2	7.247340E-1	3.093300E-4	2.342915E+6	7.450910E+5	2.296779E+6	6.992786E+5	4.352600E-4	9.996960E-1	1.000000E-2	0.000000E+0	2.000000E-3	2.000000E+0	2.000000E-3	2.000000E+0	2.304790E-1	3.043680E-1	1.500000E+2
5.795181E+0	2.656200E+2	7.500000E+2	7.502440E-1	3.636500E-4	2.063094E+6	5.037289E+5	2.161391E+6	5.853291E+5	4.624800E-4	9.996000E-1	1.000000E-2	0.000000E+0	2.000000E-3	2.000000E+0	2.000000E-3	2.000000E+0	1.831810E-1	2.707030E-1	1.510000E+2
5.833734E+0	2.656200E+2	7.750000E+2	7.749610E-1	3.326900E-4	2.329379E+6	7.190628E+5	2.257444E+6	6.898982E+5	4.430900E-4	1.000251E+0	1.000000E-2	0.000000E+0	2.000000E-3	2.000000E+0	2.000000E-3	2.000000E+0	2.392250E-1	3.056870E-1	1.520000E+2
5.872153E+0	2.656200E+2	8.000000E+2	8.000220E-1	3.906600E-4	2.047873E+6	5.074003E+5	2.227085E+6	6.496659E+5	4.489200E-4	9.997830E-1	1.000000E-2	0.000000E+0	2.000000E-3	2.000000E+0	2.000000E-3	2.000000E+0	1.982210E-1	2.916480E-1	1.530000E+2
5.910621E+0	2.656200E+2	8.250000E+2	8.251740E-1	3.946200E-4	2.091060E+6	5.193376E+5	2.107936E+6	5.327612E+5	4.742800E-4	9.997520E-1	1.000000E-2	0.000000E+0	2.000000E-3	2.000000E+0	2.000000E-3	2.000000E+0	2.049410E-1	2.526780E-1	1.540000E+2
5.948990E+0	2.657200E+2	8.500000E+2	8.498620E-1	3.682300E-4	2.307965E+6	7.151916E+5	2.194791E+6	5.971652E+5	4.557700E-4	1.000320E+0	1.000000E-2	0.000000E+0	2.000000E-3	2.000000E+0	2.000000E-3	2.000000E+0	2.633550E-1	2.721700E-1	1.550000E+2
5.987426E+0	2.657200E+2	8.750000E+2	8.751250E-1	4.204200E-4	2.081549E+6	5.352600E+5	2.266912E+6	6.922862E+5	4.411600E-4	1.000071E+0	1.000000E-2	0.000000E+0	2.000000E-3	2.000000E+0	2.000000E-3	2.000000E+0	2.250340E-1	3.054090E-1	1.560000E+2
6.025761E+0	2.657200E+2	9.000000E+2	8.999910E-1	4.193300E-4	2.146260E+6	5.777192E+5	2.246566E+6	6.874514E+5	4.451500E-4	1.000059E+0	1.000000E-2	0.000000E+0	2.000000E-3	2.000000E+0	2.000000E-3	2.000000E+0	2.422550E-1	3.060190E-1	1.570000E+2
6.064197E+0	2.656200E+2	9.250000E+2	9.248580E-1	4.233900E-4	2.184412E+6	5.865301E+5	2.116129E+6	5.457693E+5	4.725000E-4	9.998710E-1	1.000000E-2	0.000000E+0	2.000000E-3	2.000000E+0	2.000000E-3	2.000000E+0	2.483310E-1	2.578760E-1	1.580000E+2
6.102432E+0	2.656200E+2	9.500000E+2	9.502900E-1	4.242300E-4	2.240035E+6	6.905287E+5	2.270062E+6	6.942326E+5	4.404100E-4	9.997580E-1	1.000000E-2	0.000000E+0	2.000000E-3	2.000000E+0	2.000000E-3	2.000000E+0	2.929430E-1	3.057470E-1	1.590000E+2
6.140685E+0	2.656200E+2	9.750000E+2	9.748680E-1	4.311400E-4	2.261140E+6	6.938210E+5	2.250679E+6	6.468250E+5	4.442500E-4	9.998640E-1	1.000000E-2	0.000000E+0	2.000000E-3	2.000000E+0	2.000000E-3	2.000000E+0	2.991340E-1	2.873520E-1	1.600000E+2
6.179020E+0	2.656200E+2	1.000000E+3	1.000291E+0	4.561900E-4	2.192707E+6	6.474254E+5	2.224872E+6	5.850496E+5	4.494200E-4	9.999020E-1	1.000000E-2	0.000000E+0	2.000000E-3	2.000000E+0	2.000000E-3	2.000000E+0	2.953490E-1	2.629330E-1	1.610000E+2
6.217639E+0	2.656200E+2	1.025000E+3	1.025138E+0	4.520900E-4	2.267553E+6	6.843549E+5	2.142703E+6	5.405495E+5	4.666400E-4	9.998710E-1	1.000000E-2	0.000000E+0	2.000000E-3	2.000000E+0	2.000000E-3	2.000000E+0	3.093900E-1	2.522420E-1	1.620000E+2
6.256291E+0	2.656200E+2	1.050000E+3	1.049986E+0	4.992800E-4	2.103000E+6	5.405384E+5	2.078271E+6	5.338223E+5	4.812500E-4	1.000168E+0	1.000000E-2	0.000000E+0	2.000000E-3	2.000000E+0	2.000000E-3	2.000000E+0	2.698800E-1	2.569020E-1	1.630000E+2
6.294877E+0	2.656200E+2	1.075000E+3	1.075094E+0	4.761200E-4	2.258032E+6	6.861527E+5	2.280519E+6	6.986062E+5	4.383800E-4	9.997340E-1	1.000000E-2	0.000000E+0	2.000000E-3	2.000000E+0	2.000000E-3	2.000000E+0	3.266910E-1	3.062550E-1	1.640000E+2
6.333396E+0	2.656200E+2	1.100000E+3	1.100054E+0	4.891700E-4	2.248817E+6	6.311998E+5	2.116321E+6	5.335598E+5	4.724700E-4	9.998980E-1	1.000000E-2	0.000000E+0	2.000000E-3	2.000000E+0	2.000000E-3	2.000000E+0	3.087640E-1	2.520910E-1	1.650000E+2
6.371764E+0	2.656200E+2	1.125000E+3	1.125022E+0	4.975800E-4	2.260987E+6	6.819788E+5	2.187469E+6	6.007371E+5	4.571700E-4	1.000045E+0	1.000000E-2	0.000000E+0	2.000000E-3	2.000000E+0	2.000000E-3	2.000000E+0	3.393390E-1	2.746390E-1	1.660000E+2
6.410117E+0	2.656200E+2	1.150000E+3	1.149803E+0	5.043000E-4	2.279998E+6	6.893912E+5	2.179337E+6	5.772641E+5	4.587900E-4	9.998580E-1	1.000000E-2	0.000000E+0	2.000000E-3	2.000000E+0	2.000000E-3	2.000000E+0	3.476600E-1	2.648430E-1	1.670000E+2
6.448319E+0	2.656200E+2	1.175000E+3	1.174595E+0	5.348000E-4	2.196326E+6	5.617726E+5	2.058183E+6	5.287357E+5	4.860500E-4	1.000380E+0	1.000000E-2	0.000000E+0	2.000000E-3	2.000000E+0	2.000000E-3	2.000000E+0	3.004360E-1	2.569920E-1	1.680000E+2
6.486871E+0	2.656200E+2	1.200000E+3	1.200407E+0	5.432100E-4	2.209840E+6	6.520959E+5	2.299032E+6	6.914110E+5	4.350900E-4	1.000286E+0	1.000000E-2	0.000000E+0	2.000000E-3	2.000000E+0	2.000000E-3	2.000000E+0	3.542250E-1	3.008260E-1	1.690000E+2
6.525307E+0	2.656200E+2	1.225000E+3	1.224587E+0	5.675700E-4	2.157596E+6	5.529838E+5	2.220034E+6	6.403206E+5	4.504400E-4	9.999920E-1	1.000000E-2	0.000000E+0	2.000000E-3	2.000000E+0	2.000000E-3	2.000000E+0	3.138570E-1	2.884260E-1	1.700000E+2
6.563809E+0	2.656200E+2	1.250000E+3	1.249596E+0	5.781800E-4	2.161258E+6	5.673614E+5	2.157677E+6	5.604551E+5	4.636000E-4	1.000299E+0	1.000000E-2	0.000000E+0	2.000000E-3	2.000000E+0	2.000000E-3	2.000000E+0	3.280370E-1	2.598270E-1	1.710000E+2
6.602161E+0	2.656200E+2	1.275000E+3	1.274840E+0	5.646700E-4	2.257673E+6	6.734783E+5	2.264010E+6	6.751375E+5	4.418700E-4	1.000398E+0	1.000000E-2	0.000000E+0	2.000000E-3	2.000000E+0	2.000000E-3	2.000000E+0	3.802930E-1	2.983230E-1	1.720000E+2
6.640747E+0	2.656200E+2	1.300000E+3	1.299910E+0	6.134000E-4	2.119188E+6	5.440333E+5	2.118488E+6	5.713599E+5	4.722400E-4	1.000435E+0	1.000000E-2	0.000000E+0	2.000000E-3	2.000000E+0	2.000000E-3	2.000000E+0	3.337100E-1	2.698190E-1	1.730000E+2
6.678782E+0	2.656200E+2	1.325000E+3	1.324446E+0	5.888600E-4	2.249170E+6	6.190402E+5	2.158059E+6	5.858102E+5	4.633600E-4	9.999580E-1	1.000000E-2	0.000000E+0	2.000000E-3	2.000000E+0	2.000000E-3	2.000000E+0	3.645280E-1	2.714410E-1	1.740000E+2
6.717201E+0	2.656200E+2	1.350000E+3	1.349199E+0	5.869100E-4	2.298818E+6	6.489581E+5	2.165573E+6	5.513110E+5	4.618500E-4	1.000170E+0	1.000000E-2	0.000000E+0	2.000000E-3	2.000000E+0	2.000000E-3	2.000000E+0	3.808800E-1	2.546230E-1	1.750000E+2
6.755686E+0	2.656200E+2	1.375000E+3	1.375009E+0	6.268700E-4	2.193452E+6	6.183690E+5	2.270129E+6	6.938120E+5	4.405300E-4	1.000060E+0	1.000000E-2	0.000000E+0	2.000000E-3	2.000000E+0	2.000000E-3	2.000000E+0	3.876370E-1	3.056450E-1	1.760000E+2
6.794089E+0	2.656200E+2	1.400000E+3	1.400116E+0	6.531300E-4	2.143702E+6	5.958385E+5	2.257307E+6	6.746309E+5	4.429800E-4	9.999420E-1	1.000000E-2	0.000000E+0	2.000000E-3	2.000000E+0	2.000000E-3	2.000000E+0	3.891600E-1	2.988480E-1	1.770000E+2
6.832641E+0	2.657200E+2	1.425000E+3	1.424722E+0	6.320800E-4	2.254022E+6	6.330496E+5	2.226114E+6	6.124535E+5	4.491100E-4	9.997700E-1	1.000000E-2	0.000000E+0	2.000000E-3	2.000000E+0	2.000000E-3	2.000000E+0	4.001380E-1	2.750590E-1	1.780000E+2
6.871276E+0	2.657200E+2	1.450000E+3	1.449918E+0	6.808000E-4	2.129727E+6	5.519962E+5	2.216224E+6	5.870424E+5	4.512400E-4	1.000049E+0	1.000000E-2	0.000000E+0	2.000000E-3	2.000000E+0	2.000000E-3	2.000000E+0	3.757990E-1	2.648970E-1	1.790000E+2
6.909679E+0	2.657200E+2	1.475000E+3	1.474913E+0	6.715600E-4	2.196249E+6	6.343767E+5	2.316352E+6	6.985780E+5	4.318000E-4	1.000201E+0	1.000000E-2	0.000000E+0	2.000000E-3	2.000000E+0	2.000000E-3	2.000000E+0	4.260220E-1	3.016460E-1	1.800000E+2
6.948297E+0	2.658000E+2	1.500000E+3	1.500050E+0	6.869700E-4	2.183574E+6	5.958441E+5	2.235666E+6	6.164889E+5	4.471500E-4	9.996780E-1	1.000000E-2	0.000000E+0	2.000000E-3	2.000000E+0	2.000000E-3	2.000000E+0	4.093270E-1	2.756630E-1	1.810000E+2
6.986650E+0	2.658000E+2	1.500000E+3	1.500085E+0	6.788700E-4	2.209679E+6	6.525020E+5	2.297362E+6	6.972246E+5	4.352500E-4	9.999270E-1	1.000000E-2	0.000000E+0	2.000000E-3	2.000000E+0	2.000000E-3	2.000000E+0	4.429640E-1	3.034670E-1	1.820000E+2
7.025152E+0	2.658000E+2	1.475000E+3	1.474687E+0	6.918500E-4	2.131513E+6	5.546751E+5	2.131531E+6	5.703091E+5	4.691000E-4	9.999010E-1	1.000000E-2	0.000000E+0	2.000000E-3	2.000000E+0	2.000000E-3	2.000000E+0	3.837520E-1	2.675320E-1	1.830000E+2
7.063887E+0	2.658000E+2	1.450000E+3	1.450115E+0	6.429300E-4	2.255479E+6	6.669171E+5	2.061108E+6	5.251546E+5	4.852400E-4	1.000132E+0	1.000000E-2	0.000000E+0	2.000000E-3	2.000000E+0	2.000000E-3	2.000000E+0	4.287810E-1	2.548260E-1	1.840000E+2
7.102356E+0	2.658000E+2	1.425000E+3	1.424634E+0	6.315100E-4	2.255917E+6	6.687590E+5	2.280411E+6	6.588261E+5	4.383600E-4	9.996410E-1	1.000000E-2	0.000000E+0	2.000000E-3	2.000000E+0	2.000000E-3	2.000000E+0	4.223280E-1	2.888030E-1	1.850000E+2
7.140692E+0	2.658000E+2	1.400000E+3	1.400338E+0	6.344700E-4	2.207099E+6	6.554415E+5	2.212684E+6	6.043193E+5	4.519200E-4	9.999560E-1	1.000000E-2	0.000000E+0	2.000000E-3	2.000000E+0	2.000000E-3	2.000000E+0	4.158580E-1	2.731040E-1	1.860000E+2
7.179144E+0	2.658000E+2	1.375000E+3	1.375138E+0	5.932800E-4	2.317857E+6	6.876129E+5	2.271581E+6	6.948716E+5	4.401000E-4	9.997230E-1	1.000000E-2	0.000000E+0	2.000000E-3	2.000000E+0	2.000000E-3	2.000000E+0	4.079470E-1	3.058130E-1	1.870000E+2
7.217529E+0	2.658000E+2	1.350000E+3	1.350049E+0	6.288800E-4	2.146751E+6	5.516442E+5	2.175610E+6	6.340839E+5	4.596600E-4	1.000041E+0	1.000000E-2	0.000000E+0	2.000000E-3	2.000000E+0	2.000000E-3	2.000000E+0	3.469180E-1	2.914630E-1	1.880000E+2
7.255932E+0	2.658000E+2	1.325000E+3	1.325219E+0	6.019300E-4	2.201616E+6	5.953483E+5	2.148127E+6	5.742946E+5	4.653500E-4	9.996310E-1	1.000000E-2	0.000000E+0	2.000000E-3	2.000000E+0	2.000000E-3	2.000000E+0	3.583580E-1	2.672480E-1	1.890000E+2
7.295334E+0	2.658000E+2	1.300000E+3	1.299893E+0	5.946300E-4	2.186054E+6	5.815684E+5	2.078959E+6	5.242606E+5	4.811500E-4	1.000291E+0	1.000000E-2	0.000000E+0	2.000000E-3	2.000000E+0	2.000000E-3	2.000000E+0	3.458180E-1	2.522480E-1	1.900000E+2
7.334086E+0	2.657200E+2	1.275000E+3	1.274506E+0	5.550700E-4	2.296118E+6	6.557389E+5	2.299897E+6	6.817381E+5	4.348400E-4	1.000087E+0	1.000000E-2	0.000000E+0	2.000000E-3	2.000000E+0	2.000000E-3	2.000000E+0	3.639810E-1	2.964470E-1	1.910000E+2
7.372788E+0	2.657200E+2	1.250000E+3	1.250433E+0	5.674500E-4	2.203600E+6	6.569513E+5	2.230265E+6	6.670027E+5	4.483700E-4	9.999840E-1	1.000000E-2	0.000000E+0	2.000000E-3	2.000000E+0	2.000000E-3	2.000000E+0	3.727870E-1	2.990640E-1	1.920000E+2
7.411191E+0	2.657200E+2	1.225000E+3	1.224988E+0	5.838200E-4	2.098229E+6	5.447330E+5	2.301024E+6	6.886031E+5	4.345900E-4	1.000002E+0	1.000000E-2	0.000000E+0	2.000000E-3	2.000000E+0	2.000000E-3	2.000000E+0	3.180260E-1	2.992600E-1	1.930000E+2
7.449693E+0	2.657200E+2	1.200000E+3	1.200332E+0	5.585600E-4	2.148976E+6	5.613846E+5	2.206395E+6	5.728549E+5	4.530100E-4	9.995190E-1	1.000000E-2	0.000000E+0	2.000000E-3	2.000000E+0	2.000000E-3	2.000000E+0	3.135670E-1	2.595090E-1	1.940000E+2
7.488295E+0	2.657200E+2	1.175000E+3	1.174805E+0	5.108300E-4	2.299796E+6	6.902512E+5	2.083198E+6	5.373128E+5	4.801300E-4	1.000206E+0	1.000000E-2	0.000000E+0	2.000000E-3	2.000000E+0	2.000000E-3	2.000000E+0	3.526010E-1	2.579800E-1	1.950000E+2
7.526697E+0	2.657200E+2	1.150000E+3	1.150031E+0	5.099300E-4	2.255272E+6	6.389759E+5	2.091943E+6	5.254251E+5	4.780700E-4	1.000095E+0	1.000000E-2	0.000000E+0	2.000000E-3	2.000000E+0	2.000000E-3	2.000000E+0	3.258330E-1	2.511900E-1	1.960000E+2
7.565199E+0	2.657200E+2	1.125000E+3	1.125194E+0	5.335000E-4	2.109080E+6	5.689485E+5	2.280593E+6	6.960770E+5	4.384400E-4	9.999030E-1	1.000000E-2	0.000000E+0	2.000000E-3	2.000000E+0	2.000000E-3	2.000000E+0	3.035340E-1	3.051880E-1	1.970000E+2
7.604252E+0	2.657200E+2	1.100000E+3	1.100538E+0	4.960600E-4	2.218558E+6	6.719389E+5	2.224039E+6	6.661122E+5	4.497200E-4	1.000195E+0	1.000000E-2	0.000000E+0	2.000000E-3	2.000000E+0	2.000000E-3	2.000000E+0	3.333220E-1	2.995640E-1	1.980000E+2
7.642770E+0	2.656200E+2	1.075000E+3	1.074900E+0	4.892100E-4	2.197216E+6	5.700517E+5	2.210670E+6	6.036746E+5	4.523000E-4	9.998860E-1	1.000000E-2	0.000000E+0	2.000000E-3	2.000000E+0	2.000000E-3	2.000000E+0	2.788750E-1	2.730420E-1	1.990000E+2
7.681223E+0	2.656200E+2	1.050000E+3	1.050135E+0	4.852200E-4	2.164245E+6	6.134619E+5	2.258889E+6	6.876858E+5	4.426600E-4	9.999200E-1	1.000000E-2	0.000000E+0	2.000000E-3	2.000000E+0	2.000000E-3	2.000000E+0	2.976640E-1	3.044110E-1	2.000000E+2
7.719658E+0	2.656200E+2	1.025000E+3	1.025218E+0	4.932200E-4	2.078622E+6	5.288695E+5	2.217851E+6	6.459692E+5	4.507800E-4	9.997630E-1	1.000000E-2	0.000000E+0	2.000000E-3	2.000000E+0	2.000000E-3	2.000000E+0	2.608490E-1	2.911900E-1	2.010000E+2
7.758027E+0	2.656200E+2	1.000000E+3	1.000240E+0	4.752000E-4	2.104882E+6	5.312016E+5	2.193704E+6	6.241968E+5	4.559700E-4	1.000263E+0	1.000000E-2	0.000000E+0	2.000000E-3	2.000000E+0	2.000000E-3	2.000000E+0	2.524270E-1	2.846150E-1	2.020000E+2
7.797229E+0	2.656200E+2	9.750000E+2	9.749490E-1	4.274700E-4	2.280743E+6	6.498093E+5	2.260194E+6	6.397767E+5	4.425200E-4	1.000181E+0	1.000000E-2	0.000000E+0	2.000000E-3	2.000000E+0	2.000000E-3	2.000000E+0	2.777740E-1	2.831140E-1	2.030000E+2
7.835648E+0	2.656200E+2	9.500000E+2	9.500900E-1	4.490500E-4	2.115778E+6	5.685046E+5	2.295030E+6	7.033607E+5	4.356200E-4	9.997610E-1	1.000000E-2	0.000000E+0	2.000000E-3	2.000000E+0	2.000000E-3	2.000000E+0	2.552870E-1	3.063980E-1	2.040000E+2
7.874350E+0	2.656200E+2	9.250000E+2	9.244660E-1	4.279400E-4	2.160270E+6	5.568514E+5	2.290112E+6	7.020306E+5	4.368100E-4	1.000344E+0	1.000000E-2	0.000000E+0	2.000000E-3	2.000000E+0	2.000000E-3	2.000000E+0	2.382990E-1	3.066540E-1	2.050000E+2
7.912769E+0	2.656200E+2	9.000000E+2	8.999670E-1	4.331100E-4	2.077918E+6	5.302510E+5	2.174902E+6	6.329687E+5	4.598000E-4	1.000020E+0	1.000000E-2	0.000000E+0	2.000000E-3	2.000000E+0	2.000000E-3	2.000000E+0	2.296570E-1	2.910390E-1	2.060000E+2
7.951221E+0	2.656200E+2	8.750000E+2	8.751090E-1	4.022700E-4	2.175427E+6	5.908942E+5	2.099996E+6	5.321230E+5	4.761700E-4	9.999550E-1	1.000000E-2	0.000000E+0	2.000000E-3	2.000000E+0	2.000000E-3	2.000000E+0	2.376990E-1	2.533810E-1	2.070000E+2
7.989790E+0	2.656200E+2	8.500000E+2	8.501290E-1	3.738200E-4	2.274167E+6	6.905275E+5	2.158982E+6	6.262800E+5	4.632800E-4	1.000213E+0	1.000000E-2	0.000000E+0	2.000000E-3	2.000000E+0	2.000000E-3	2.000000E+0	2.581330E-1	2.901430E-1	2.080000E+2
8.028259E+0	2.656200E+2	8.250000E+2	8.248180E-1	3.712000E-4	2.222031E+6	5.908540E+5	2.134531E+6	5.391818E+5	4.683300E-4	9.996650E-1	1.000000E-2	0.000000E+0	2.000000E-3	2.000000E+0	2.000000E-3	2.000000E+0	2.193250E-1	2.525150E-1	2.090000E+2
8.067595E+0	2.656200E+2	8.000000E+2	7.998210E-1	3.645200E-4	2.194176E+6	5.534347E+5	2.076265E+6	5.358681E+5	4.815700E-4	9.998670E-1	1.000000E-2	0.000000E+0	2.000000E-3	2.000000E+0	2.000000E-3	2.000000E+0	2.017380E-1	2.580580E-1	2.100000E+2
8.106430E+0	2.656200E+2	7.750000E+2	7.753050E-1	3.391800E-4	2.285822E+6	6.516451E+5	2.266482E+6	6.578462E+5	4.411700E-4	9.999040E-1	1.000000E-2	0.000000E+0	2.000000E-3	2.000000E+0	2.000000E-3	2.000000E+0	2.210250E-1	2.902220E-1	2.110000E+2
8.144716E+0	2.656200E+2	7.500000E+2	7.499660E-1	3.231100E-4	2.321086E+6	7.331714E+5	2.140964E+6	5.542797E+5	4.672100E-4	1.000280E+0	1.000000E-2	0.000000E+0	2.000000E-3	2.000000E+0	2.000000E-3	2.000000E+0	2.368950E-1	2.589650E-1	2.120000E+2
8.184185E+0	2.656200E+2	7.250000E+2	7.249240E-1	3.069400E-4	2.361778E+6	7.449599E+5	2.282572E+6	6.962153E+5	4.380800E-4	9.999490E-1	1.000000E-2	0.000000E+0	2.000000E-3	2.000000E+0	2.000000E-3	2.000000E+0	2.286580E-1	3.049980E-1	2.130000E+2
8.223037E+0	2.656200E+2	7.000000E+2	7.001890E-1	3.454900E-4	2.026655E+6	5.094619E+5	2.119276E+6	5.372443E+5	4.716700E-4	9.995990E-1	1.000000E-2	0.000000E+0	2.000000E-3	2.000000E+0	2.000000E-3	2.000000E+0	1.760140E-1	2.534020E-1	2.140000E+2
8.261923E+0	2.656200E+2	6.750000E+2	6.749830E-1	2.939200E-4	2.296485E+6	7.385071E+5	2.279182E+6	6.989198E+5	4.388000E-4	1.000105E+0	1.000000E-2	0.000000E+0	2.000000E-3	2.000000E+0	2.000000E-3	2.000000E+0	2.170620E-1	3.066860E-1	2.150000E+2
8.300641E+0	2.655200E+2	6.500000E+2	6.502530E-1	2.921800E-4	2.225522E+6	6.971011E+5	2.174146E+6	6.240412E+5	4.599600E-4	1.000020E+0	1.000000E-2	0.000000E+0	2.000000E-3	2.000000E+0	2.000000E-3	2.000000E+0	2.036790E-1	2.870340E-1	2.160000E+2
8.339377E+0	2.655200E+2	6.250000E+2	6.247050E-1	2.785100E-4	2.243025E+6	6.908621E+5	2.222601E+6	6.298879E+5	4.496800E-4	9.994590E-1	1.000000E-2	0.000000E+0	2.000000E-3	2.000000E+0	2.000000E-3	2.000000E+0	1.924120E-1	2.832480E-1	2.170000E+2
8.377813E+0	2.655200E+2	6.000000E+2	5.998540E-1	2.609600E-4	2.298643E+6	6.792152E+5	2.056001E+6	5.173380E+5	4.865600E-4	1.000368E+0	1.000000E-2	0.000000E+0	2.000000E-3	2.000000E+0	2.000000E-3	2.000000E+0	1.772480E-1	2.517160E-1	2.180000E+2
8.416148E+0	2.655200E+2	5.750000E+2	5.748400E-1	2.466100E-4	2.330968E+6	6.812051E+5	2.103041E+6	5.328937E+5	4.754400E-4	9.998700E-1	1.000000E-2	0.000000E+0	2.000000E-3	2.000000E+0	2.000000E-3	2.000000E+0	1.679920E-1	2.533590E-1	2.190000E+2
8.454917E+0	2.655200E+2	5.500000E+2	5.500810E-1	2.329500E-4	2.361369E+6	7.750977E+5	2.185318E+6	5.698042E+5	4.575800E-4	9.999580E-1	1.000000E-2	0.000000E+0	2.000000E-3	2.000000E+0	2.000000E-3	2.000000E+0	1.805590E-1	2.607310E-1	2.200000E+2
8.493369E+0	2.655200E+2	5.250000E+2	5.247330E-1	2.524700E-4	2.078397E+6	5.700321E+5	2.280158E+6	6.938443E+5	4.386200E-4	1.000123E+0	1.000000E-2	0.000000E+0	2.000000E-3	2.000000E+0	2.000000E-3	2.000000E+0	1.439160E-1	3.043340E-1	2.210000E+2
8.531855E+0	2.655200E+2	5.000000E+2	5.001910E-1	2.407900E-4	2.077291E+6	5.062212E+5	2.166004E+6	6.029374E+5	4.616400E-4	9.999140E-1	1.000000E-2	0.000000E+0	2.000000E-3	2.000000E+0	2.000000E-3	2.000000E+0	1.218930E-1	2.783400E-1	2.220000E+2
8.570257E+0	2.655200E+2	4.750000E+2	4.748730E-1	2.159900E-4	2.198588E+6	5.715913E+5	2.132061E+6	5.397139E+5	4.690800E-4	1.000107E+0	1.000000E-2	0.000000E+0	2.000000E-3	2.000000E+0	2.000000E-3	2.000000E+0	1.234580E-1	2.531690E-1	2.230000E+2
8.608709E+0	2.655200E+2	4.500000E+2	4.500920E-1	1.923000E-4	2.340572E+6	8.132657E+5	2.197724E+6	5.980927E+5	4.550900E-4	1.000162E+0	1.000000E-2	0.000000E+0	2.000000E-3	2.000000E+0	2.000000E-3	2.000000E+0	1.563910E-1	2.721860E-1	2.240000E+2
8.647278E+0	2.655200E+2	4.250000E+2	4.248990E-1	1.960000E-4	2.167852E+6	5.610561E+5	2.103956E+6	5.390948E+5	4.752300E-4	9.998630E-1	1.000000E-2	0.000000E+0	2.000000E-3	2.000000E+0	2.000000E-3	2.000000E+0	1.099670E-1	2.561940E-1	2.250000E+2
8.685713E+0	2.654200E+2	4.000000E+2	3.999440E-1	1.580900E-4	2.529850E+6	8.342400E+5	2.178212E+6	5.743760E+5	4.591000E-4	1.000017E+0	1.000000E-2	0.000000E+0	2.000000E-3	2.000000E+0	2.000000E-3	2.000000E+0	1.318850E-1	2.636960E-1	2.260000E+2
8.724232E+0	2.654200E+2	3.750000E+2	3.752960E-1	1.995600E-4	1.880617E+6	4.382792E+5	2.215594E+6	6.298464E+5	4.512100E-4	9.996980E-1	1.000000E-2	0.000000E+0	2.000000E-3	2.000000E+0	2.000000E-3	2.000000E+0	8.746300E-2	2.841930E-1	2.270000E+2
8.763185E+0	2.654200E+2	3.500000E+2	3.497960E-1	1.242100E-4	2.816166E+6	1.037388E+6	2.294254E+6	7.055369E+5	4.358000E-4	9.998360E-1	1.000000E-2	0.000000E+0	2.000000E-3	2.000000E+0	2.000000E-3	2.000000E+0	1.288540E-1	3.074730E-1	2.280000E+2
8.801770E+0	2.654200E+2	3.250000E+2	3.247680E-1	1.439200E-4	2.256587E+6	5.636117E+5	2.234115E+6	6.106797E+5	4.475800E-4	9.999450E-1	1.000000E-2	0.000000E+0	2.000000E-3	2.000000E+0	2.000000E-3	2.000000E+0	8.111500E-2	2.733280E-1	2.290000E+2
8.840206E+0	2.654200E+2	3.000000E+2	2.996960E-1	1.196800E-4	2.504144E+6	8.744652E+5	2.233289E+6	6.700898E+5	4.478400E-4	1.000156E+0	1.000000E-2	0.000000E+0	2.000000E-3	2.000000E+0	2.000000E-3	2.000000E+0	1.046560E-1	3.000930E-1	2.300000E+2
8.878641E+0	2.654200E+2	2.750000E+2	2.751270E-1	1.324500E-4	2.077214E+6	4.256474E+5	2.131477E+6	5.767858E+5	4.691100E-4	9.998970E-1	1.000000E-2	0.000000E+0	2.000000E-3	2.000000E+0	2.000000E-3	2.000000E+0	5.637700E-2	2.705760E-1	2.310000E+2
8.917177E+0	2.654200E+2	2.500000E+2	2.503020E-1	1.163600E-4	2.151100E+6	5.768047E+5	2.325974E+6	6.904891E+5	4.299300E-4	1.000006E+0	1.000000E-2	0.000000E+0	2.000000E-3	2.000000E+0	2.000000E-3	2.000000E+0	6.711700E-2	2.968620E-1	2.320000E+2
8.955646E+0	2.654200E+2	2.250000E+2	2.246200E-1	1.114300E-4	2.015795E+6	5.048999E+5	2.225208E+6	6.424725E+5	4.494200E-4	1.000053E+0	1.000000E-2	0.000000E+0	2.000000E-3	2.000000E+0	2.000000E-3	2.000000E+0	5.626100E-2	2.887400E-1	2.330000E+2
8.994081E+0	2.654200E+2	2.000000E+2	1.999170E-1	1.088500E-4	1.836628E+6	3.049426E+5	2.110899E+6	5.318998E+5	4.736400E-4	9.998060E-1	1.000000E-2	0.000000E+0	2.000000E-3	2.000000E+0	2.000000E-3	2.000000E+0	3.319300E-2	2.519290E-1	2.340000E+2
9.032717E+0	2.654200E+2	1.750000E+2	1.750920E-1	1.001900E-4	1.747600E+6	3.465615E+5	2.101454E+6	5.423014E+5	4.758000E-4	9.998720E-1	1.000000E-2	0.000000E+0	2.000000E-3	2.000000E+0	2.000000E-3	2.000000E+0	3.472200E-2	2.580270E-1	2.350000E+2
9.071219E+0	2.654200E+2	1.500000E+2	1.501067E-1	5.495000E-5	2.731696E+6	1.017532E+6	2.271395E+6	6.530791E+5	4.400600E-4	9.995500E-1	1.000000E-2	0.000000E+0	2.000000E-3	2.000000E+0	2.000000E-3	2.000000E+0	5.591340E-2	2.873940E-1	2.360000E+2
9.109604E+0	2.654200E+2	1.250000E+2	1.246862E-1	4.932000E-5	2.528106E+6	1.056018E+6	2.279941E+6	6.550535E+5	4.386100E-4	1.000005E+0	1.000000E-2	0.000000E+0	2.000000E-3	2.000000E+0	2.000000E-3	2.000000E+0	5.208280E-2	2.873130E-1	2.370000E+2
9.148040E+0	2.654200E+2	1.000000E+2	1.000963E-1	5.679000E-5	1.762569E+6	3.998732E+5	2.204959E+6	6.650807E+5	4.535600E-4	1.000081E+0	1.000000E-2	0.000000E+0	2.000000E-3	2.000000E+0	2.000000E-3	2.000000E+0	2.270880E-2	3.016540E-1	2.380000E+2
9.186542E+0	2.654200E+2	7.500000E+1	7.504320E-2	4.747000E-5	1.580855E+6	-1.408469E+4	2.133541E+6	5.418628E+5	4.685300E-4	9.996280E-1	1.000000E-2	0.000000E+0	2.000000E-3	2.000000E+0	2.000000E-3	2.000000E+0	-6.686000E-4	2.538790E-1	2.390000E+2
9.225061E+0	2.654200E+2	5.000000E+1	4.946760E-2	-8.400000E-6	-5.889000E+6	-5.519619E+6	2.275432E+6	6.941321E+5	4.395100E-4	1.000075E+0	1.000000E-2	0.000000E+0	2.000000E-3	2.000000E+0	2.000000E-3	2.000000E+0	4.636480E-2	3.050780E-1	2.400000E+2
9.263730E+0	2.654200E+2	2.500000E+1	2.451900E-2	-1.726000E-5	-1.420568E+6	-2.263940E+6	2.326227E+6	7.068702E+5	4.298300E-4	9.998820E-1	1.000000E-2	0.000000E+0	2.000000E-3	2.000000E+0	2.000000E-3	2.000000E+0	3.907560E-2	3.038340E-1	2.410000E+2
9.302182E+0	2.654200E+2	-2.500000E+1	-2.486170E-2	1.204000E-5	-2.064925E+6	-2.402658E+6	2.316717E+6	7.108523E+5	4.314300E-4	9.995010E-1	1.000000E-2	0.000000E+0	2.000000E-3	2.000000E+0	2.000000E-3	2.000000E+0	-2.892800E-2	3.066830E-1	2.420000E+2
