Tiempo (s)	Setpoint (K)	Temperatura (K)	dT/dt (K/min)	Potencia_LS (%)	Rrem1 (Ohm)	std Rrem1 (Ohm)	Rrem2 (Ohm)		std Rrem2 (Ohm)	V4W (V)	
38.173183E+0	298.470000E+0	298.470000E+0	NaN	3.000000E+0	1.008079E+6	1.008079E+6	1.575307E+3	1.575307E+3	986.829000E-3	
43.637496E+0	298.470000E+0	298.470000E+0	NaN	5.000000E+0	1.110937E+6	1.110937E+6	203.800354E+3	203.800354E+3	990.323000E-3	
49.623838E+0	298.652144E+0	298.470000E+0	NaN	5.000000E+0	2.568458E+6	2.568458E+6	483.763754E+3	483.763754E+3	1.015440E+0	
55.100152E+0	298.851688E+0	298.470000E+0	NaN	6.000000E+0	911.583043E+3	911.583043E+3	164.533838E+3	164.533838E+3	997.992000E-3	
60.584466E+0	299.000000E+0	298.470000E+0	NaN	9.000000E+0	738.316186E+3	738.316186E+3	136.648292E+3	136.648292E+3	992.452000E-3	
66.055779E+0	299.000000E+0	298.470000E+0	NaN	11.000000E+0	953.654472E+3	953.654472E+3	182.957856E+3	182.957856E+3	1.001547E+0	
71.562093E+0	299.000000E+0	298.470000E+0	NaN	8.000000E+0	1.045691E+6	1.045691E+6	191.387517E+3	191.387517E+3	988.628000E-3	
77.059408E+0	299.000000E+0	298.470000E+0	0.000000E+0	8.000000E+0	1.222173E+6	1.222173E+6	226.597520E+3	226.597520E+3	988.628000E-3	
82.542721E+0	299.000000E+0	298.470000E+0	0.000000E+0	10.000000E+0	909.297996E+3	909.297996E+3	165.349268E+3	165.349268E+3	996.336000E-3	
88.028035E+0	299.000000E+0	298.470000E+0	0.000000E+0	10.000000E+0	889.277489E+3	889.277489E+3	161.875861E+3	161.875861E+3	1.000037E+0	
93.504348E+0	299.000000E+0	298.470000E+0	0.000000E+0	10.000000E+0	1.497559E+6	1.497559E+6	271.881854E+3	271.881854E+3	1.010493E+0	
98.971661E+0	299.000000E+0	298.470000E+0	0.000000E+0	11.000000E+0	958.799547E+3	958.799547E+3	175.683013E+3	175.683013E+3	999.491000E-3	
104.439974E+0	299.000000E+0	298.470000E+0	0.000000E+0	11.000000E+0	1.086976E+6	1.086976E+6	208.576216E+3	208.576216E+3	1.005453E+0	
119.291823E+0	298.397723E+0	298.580000E+0	0.000000E+0	12.000000E+0	1.000000E+0	1.000000E+0	0.000000E+0	0.000000E+0	99.100000E+36	
124.565125E+0	298.397723E+0	298.580000E+0	0.000000E+0	7.000000E+0	7.412047E+6	7.412047E+6	1.424435E+6	1.424435E+6	1.010855E+0	
130.044438E+0	298.221946E+0	298.580000E+0	0.000000E+0	9.000000E+0	4.150353E+6	4.150353E+6	796.305257E+3	796.305257E+3	1.012105E+0	
135.518752E+0	298.039302E+0	298.580000E+0	0.000000E+0	5.000000E+0	1.078348E+6	1.078348E+6	196.277990E+3	196.277990E+3	1.003597E+0	
141.002065E+0	297.856825E+0	298.580000E+0	0.000000E+0	6.000000E+0	922.876110E+3	922.876110E+3	168.856926E+3	168.856926E+3	1.009285E+0	
146.479378E+0	297.674048E+0	298.700000E+0	0.000000E+0	2.000000E+0	571.728219E+3	571.728219E+3	105.316193E+3	105.316193E+3	987.529000E-3	
151.948691E+0	297.491471E+0	298.700000E+0	0.000000E+0	2.000000E+0	1.126330E+6	1.126330E+6	209.165194E+3	209.165194E+3	994.504000E-3	
157.415004E+0	297.309161E+0	298.810000E+0	219.065509E-3	2.000000E+0	798.348250E+3	798.348250E+3	150.973709E+3	150.973709E+3	999.053000E-3	
162.886317E+0	297.126950E+0	298.810000E+0	437.691979E-3	2.000000E+0	1.049083E+6	1.049083E+6	193.724966E+3	193.724966E+3	984.795000E-3	
168.363630E+0	296.944573E+0	298.810000E+0	637.626015E-3	1.000000E+0	833.805411E+3	833.805411E+3	156.704399E+3	156.704399E+3	991.453000E-3	
173.833943E+0	296.761996E+0	298.810000E+0	618.913345E-3	1.000000E+0	16.050200E+6	16.050200E+6	3.127229E+6	3.127229E+6	1.002656E+0	
179.318256E+0	296.579652E+0	298.810000E+0	400.286875E-3	1.000000E+0	896.648564E+3	896.648564E+3	171.928387E+3	171.928387E+3	974.119000E-3	
184.792570E+0	296.396842E+0	298.810000E+0	200.352839E-3	1.000000E+0	1.033759E+6	1.033759E+6	200.243965E+3	200.243965E+3	1.000007E+0	
190.273883E+0	296.214365E+0	298.810000E+0	0.000000E+0	1.000000E+0	978.413558E+3	978.413558E+3	189.115829E+3	189.115829E+3	1.000467E+0	
195.748196E+0	296.031654E+0	298.810000E+0	0.000000E+0	1.000000E+0	724.353826E+3	724.353826E+3	139.835900E+3	139.835900E+3	984.788000E-3	
201.223509E+0	295.849177E+0	298.810000E+0	0.000000E+0	1.000000E+0	2.287964E+6	2.287964E+6	429.296579E+3	429.296579E+3	997.255000E-3	
206.707823E+0	295.666667E+0	298.810000E+0	0.000000E+0	1.000000E+0	45.371850E+6	45.371850E+6	8.718382E+6	8.718382E+6	1.000903E+0	
212.177136E+0	295.483856E+0	298.810000E+0	0.000000E+0	1.000000E+0	875.760988E+3	875.760988E+3	159.699740E+3	159.699740E+3	995.460000E-3	
217.676451E+0	295.301546E+0	298.810000E+0	0.000000E+0	1.000000E+0	1.497044E+6	1.497044E+6	270.818608E+3	270.818608E+3	1.012406E+0	
223.161764E+0	295.118235E+0	298.700000E+0	0.000000E+0	1.000000E+0	1.044371E+6	1.044371E+6	193.987580E+3	193.987580E+3	1.000612E+0	
228.654078E+0	294.935392E+0	298.700000E+0	0.000000E+0	1.000000E+0	5.301423E+6	5.301423E+6	1.035399E+6	1.035399E+6	990.889000E-3	
234.131392E+0	294.752314E+0	298.700000E+0	-200.975173E-3	1.000000E+0	110.711700E+6	110.711700E+6	21.405574E+6	21.405574E+6	1.003048E+0	
239.565702E+0	294.569737E+0	298.700000E+0	-402.152508E-3	1.000000E+0	899.377290E+3	899.377290E+3	166.574093E+3	166.574093E+3	989.342000E-3	
244.982012E+0	294.388594E+0	298.700000E+0	-402.152508E-3	1.000000E+0	2.309017E+6	2.309017E+6	441.865495E+3	441.865495E+3	1.003568E+0	
250.404323E+0	294.208050E+0	298.700000E+0	-201.177335E-3	1.000000E+0	3.803170E+6	3.803170E+6	716.401232E+3	716.401232E+3	1.000576E+0	
255.881636E+0	294.027306E+0	298.700000E+0	0.000000E+0	1.000000E+0	864.707465E+3	864.707465E+3	165.210429E+3	165.210429E+3	996.290000E-3	
261.310946E+0	293.844729E+0	298.700000E+0	0.000000E+0	1.000000E+0	14.755310E+6	14.755310E+6	2.711194E+6	2.711194E+6	1.015608E+0	
266.723256E+0	293.663752E+0	298.580000E+0	0.000000E+0	1.000000E+0	1.721545E+6	1.721545E+6	322.663142E+3	322.663142E+3	983.484000E-3	
272.138566E+0	293.483342E+0	298.580000E+0	0.000000E+0	1.000000E+0	729.192565E+3	729.192565E+3	131.916236E+3	131.916236E+3	999.548000E-3	
277.574876E+0	293.302832E+0	298.580000E+0	-219.065519E-3	1.000000E+0	612.322249E+3	612.322249E+3	115.852471E+3	115.852471E+3	999.861000E-3	
282.984186E+0	293.121621E+0	298.580000E+0	-438.251088E-3	1.000000E+0	1.088610E+6	1.088610E+6	208.853707E+3	208.853707E+3	999.442000E-3	
288.397495E+0	292.941311E+0	298.580000E+0	-438.251088E-3	1.000000E+0	993.357221E+3	993.357221E+3	177.392182E+3	177.392182E+3	1.003559E+0	
293.806805E+0	292.760867E+0	298.580000E+0	-219.185569E-3	1.000000E+0	994.647031E+3	994.647031E+3	190.672933E+3	190.672933E+3	991.494000E-3	
299.220115E+0	292.580557E+0	298.580000E+0	0.000000E+0	1.000000E+0	889.949834E+3	889.949834E+3	172.279999E+3	172.279999E+3	995.222000E-3	
304.646425E+0	292.400113E+0	298.580000E+0	0.000000E+0	1.000000E+0	907.245748E+3	907.245748E+3	169.035901E+3	169.035901E+3	982.529000E-3	
310.100737E+0	292.219236E+0	298.580000E+0	0.000000E+0	1.000000E+0	3.551606E+6	3.551606E+6	653.317071E+3	653.317071E+3	997.362000E-3	
315.542048E+0	292.037426E+0	298.580000E+0	0.000000E+0	1.000000E+0	1.218708E+6	1.218708E+6	223.247537E+3	223.247537E+3	1.003326E+0	
320.982359E+0	291.856049E+0	298.470000E+0	0.000000E+0	1.000000E+0	688.482151E+3	688.482151E+3	129.415979E+3	129.415979E+3	999.442000E-3	
326.402669E+0	291.674705E+0	298.470000E+0	0.000000E+0	1.000000E+0	1.911366E+6	1.911366E+6	351.946034E+3	351.946034E+3	1.015088E+0	
331.840981E+0	291.494028E+0	298.470000E+0	-202.977866E-3	1.000000E+0	1.432244E+6	1.432244E+6	275.909602E+3	275.909602E+3	1.005765E+0	
337.257290E+0	291.312751E+0	298.470000E+0	-404.819703E-3	1.000000E+0	1.041662E+6	1.041662E+6	192.583336E+3	192.583336E+3	1.006527E+0	
342.765605E+0	291.132207E+0	298.470000E+0	-404.819703E-3	1.000000E+0	1.428852E+6	1.428852E+6	265.113984E+3	265.113984E+3	999.082000E-3	
348.192915E+0	290.948597E+0	298.470000E+0	-201.841836E-3	1.000000E+0	621.540568E+3	621.540568E+3	114.522300E+3	114.522300E+3	994.179000E-3	
353.619226E+0	290.767687E+0	298.470000E+0	0.000000E+0	1.000000E+0	2.150182E+6	2.150182E+6	413.177784E+3	413.177784E+3	995.728000E-3	
359.029535E+0	290.586809E+0	298.470000E+0	0.000000E+0	1.000000E+0	-456.185845E+6	-456.185845E+6	-83.241781E+6	-83.241781E+6	999.047000E-3	
364.484848E+0	290.406466E+0	298.470000E+0	0.000000E+0	1.000000E+0	597.745674E+3	597.745674E+3	113.747192E+3	113.747192E+3	968.611000E-3	
369.931159E+0	290.224622E+0	298.350000E+0	0.000000E+0	1.000000E+0	6.252239E+6	6.252239E+6	1.219416E+6	1.219416E+6	1.004047E+0	
375.349469E+0	290.043078E+0	298.350000E+0	0.000000E+0	1.000000E+0	865.385349E+3	865.385349E+3	159.420114E+3	159.420114E+3	998.672000E-3	
380.765779E+0	289.862468E+0	298.350000E+0	-221.757774E-3	1.000000E+0	838.727172E+3	838.727172E+3	156.515067E+3	156.515067E+3	997.515000E-3	
386.211090E+0	289.681924E+0	298.350000E+0	-443.167748E-3	1.000000E+0	4.554746E+6	4.554746E+6	826.727651E+3	826.727651E+3	1.005779E+0	
391.625400E+0	289.500414E+0	298.350000E+0	-443.167748E-3	1.000000E+0	2.534022E+6	2.534022E+6	465.728766E+3	465.728766E+3	1.014977E+0	
397.039710E+0	289.319937E+0	298.350000E+0	-221.409973E-3	1.000000E+0	1.229826E+6	1.229826E+6	239.084307E+3	239.084307E+3	995.741000E-3	
402.471020E+0	289.139460E+0	298.350000E+0	0.000000E+0	1.000000E+0	775.449295E+3	775.449295E+3	143.505953E+3	143.505953E+3	986.798000E-3	
407.885330E+0	288.958416E+0	298.350000E+0	0.000000E+0	1.000000E+0	777.915437E+3	777.915437E+3	148.742720E+3	148.742720E+3	996.463000E-3	
413.298639E+0	288.777939E+0	298.350000E+0	0.000000E+0	1.000000E+0	633.559173E+3	633.559173E+3	117.101829E+3	117.101829E+3	978.133000E-3	
418.706949E+0	288.597496E+0	298.240000E+0	0.000000E+0	1.000000E+0	826.171569E+3	826.171569E+3	157.919091E+3	157.919091E+3	981.087000E-3	
424.117258E+0	288.417219E+0	298.240000E+0	0.000000E+0	1.000000E+0	846.439899E+3	846.439899E+3	162.933988E+3	162.933988E+3	998.105000E-3	
429.529568E+0	288.236875E+0	298.240000E+0	-201.177335E-3	1.000000E+0	643.458859E+3	643.458859E+3	121.511969E+3	121.511969E+3	966.102000E-3	
434.955878E+0	288.056465E+0	298.240000E+0	-403.874665E-3	1.000000E+0	6.090463E+6	6.090463E+6	1.178117E+6	1.178117E+6	993.050000E-3	
440.366188E+0	287.875588E+0	298.240000E+0	-403.874665E-3	1.000000E+0	1.079789E+6	1.079789E+6	194.153999E+3	194.153999E+3	999.442000E-3	
445.775497E+0	287.695244E+0	298.240000E+0	-202.697330E-3	1.000000E+0	923.808413E+3	923.808413E+3	169.243074E+3	169.243074E+3	990.415000E-3	
451.239810E+0	287.514934E+0	298.240000E+0	0.000000E+0	1.000000E+0	2.176993E+6	2.176993E+6	395.742384E+3	395.742384E+3	1.008318E+0	
456.676120E+0	287.332790E+0	298.240000E+0	0.000000E+0	1.000000E+0	1.181027E+6	1.181027E+6	220.628701E+3	220.628701E+3	999.184000E-3	
462.132432E+0	287.151580E+0	298.240000E+0	0.000000E+0	1.000000E+0	866.281384E+3	866.281384E+3	167.789201E+3	167.789201E+3	996.804000E-3	
467.544742E+0	286.969703E+0	298.100000E+0	0.000000E+0	1.000000E+0	829.041822E+3	829.041822E+3	153.982859E+3	153.982859E+3	998.299000E-3	
472.963052E+0	286.789292E+0	298.100000E+0	0.000000E+0	1.000000E+0	5.042758E+6	5.042758E+6	937.634409E+3	937.634409E+3	998.920000E-3	
478.372362E+0	286.608682E+0	298.100000E+0	-258.574050E-3	1.000000E+0	692.194469E+3	692.194469E+3	133.116802E+3	133.116802E+3	997.916000E-3	
483.811673E+0	286.428372E+0	298.100000E+0	-516.742771E-3	1.000000E+0	7.650787E+6	7.650787E+6	1.425213E+6	1.425213E+6	996.668000E-3	
489.219982E+0	286.247061E+0	298.100000E+0	-516.742771E-3	1.000000E+0	857.828309E+3	857.828309E+3	156.049186E+3	156.049186E+3	1.003865E+0	
494.648293E+0	286.066784E+0	298.100000E+0	-258.168720E-3	1.000000E+0	1.107632E+6	1.107632E+6	214.295342E+3	214.295342E+3	994.288000E-3	
500.057602E+0	285.885841E+0	298.100000E+0	0.000000E+0	1.000000E+0	683.153162E+3	683.153162E+3	127.271686E+3	127.271686E+3	984.574000E-3	
505.471911E+0	285.705530E+0	298.100000E+0	0.000000E+0	1.000000E+0	1.101752E+6	1.101752E+6	198.094005E+3	198.094005E+3	995.973000E-3	
510.883221E+0	285.525053E+0	298.100000E+0	0.000000E+0	1.000000E+0	1.770108E+6	1.770108E+6	331.978962E+3	331.978962E+3	997.863000E-3	
516.296531E+0	285.344676E+0	297.990000E+0	0.000000E+0	1.000000E+0	2.135286E+6	2.135286E+6	416.883426E+3	416.883426E+3	986.737000E-3	
521.713840E+0	285.164233E+0	297.990000E+0	0.000000E+0	1.000000E+0	1.185017E+6	1.185017E+6	225.897179E+3	225.897179E+3	1.006139E+0	
527.151152E+0	284.983656E+0	297.990000E+0	-203.334337E-3	1.000000E+0	825.180023E+3	825.180023E+3	155.816530E+3	155.816530E+3	998.113000E-3	
532.574461E+0	284.802412E+0	297.990000E+0	-405.658826E-3	1.000000E+0	678.297610E+3	678.297610E+3	128.868190E+3	128.868190E+3	1.000957E+0	
538.002772E+0	284.621635E+0	297.990000E+0	-405.658826E-3	1.000000E+0	1.029194E+6	1.029194E+6	195.277101E+3	195.277101E+3	997.618000E-3	
543.414082E+0	284.440691E+0	297.990000E+0	-202.324489E-3	1.000000E+0	793.778598E+3	793.778598E+3	144.130333E+3	144.130333E+3	997.486000E-3	
548.824391E+0	284.260314E+0	297.990000E+0	0.000000E+0	1.000000E+0	3.505205E+6	3.505205E+6	680.837128E+3	680.837128E+3	1.000736E+0	
554.246701E+0	284.079971E+0	297.990000E+0	0.000000E+0	1.000000E+0	777.284170E+3	777.284170E+3	150.695987E+3	150.695987E+3	997.310000E-3	
559.654010E+0	283.899227E+0	297.990000E+0	0.000000E+0	1.000000E+0	2.537941E+6	2.537941E+6	455.278174E+3	455.278174E+3	1.014085E+0	
565.092321E+0	283.718983E+0	297.870000E+0	0.000000E+0	1.000000E+0	2.744205E+6	2.744205E+6	502.108284E+3	502.108284E+3	994.445000E-3	
570.565635E+0	283.537706E+0	297.870000E+0	0.000000E+0	1.000000E+0	1.833147E+6	1.833147E+6	351.605235E+3	351.605235E+3	998.662000E-3	
576.002945E+0	283.355263E+0	297.870000E+0	-221.471274E-3	1.000000E+0	1.660371E+6	1.660371E+6	297.948580E+3	297.948580E+3	1.017791E+0	
581.413255E+0	283.174019E+0	297.870000E+0	-442.922103E-3	1.000000E+0	1.771070E+6	1.771070E+6	339.084741E+3	339.084741E+3	1.012804E+0	
586.822565E+0	282.993675E+0	297.870000E+0	-442.922103E-3	1.000000E+0	2.216252E+6	2.216252E+6	401.146024E+3	401.146024E+3	1.003674E+0	
592.268876E+0	282.813365E+0	297.870000E+0	-221.450830E-3	1.000000E+0	2.263098E+6	2.263098E+6	407.855250E+3	407.855250E+3	1.007486E+0	
597.738189E+0	282.631821E+0	297.760000E+0	0.000000E+0	1.000000E+0	984.086499E+3	984.086499E+3	190.053812E+3	190.053812E+3	983.870000E-3	
603.242504E+0	282.449511E+0	297.760000E+0	0.000000E+0	1.000000E+0	3.290888E+6	3.290888E+6	605.565420E+3	605.565420E+3	1.000792E+0	
608.716817E+0	282.266034E+0	297.760000E+0	-202.678658E-3	1.000000E+0	2.338887E+6	2.338887E+6	451.587840E+3	451.587840E+3	999.430000E-3	
614.218132E+0	282.083556E+0	297.760000E+0	-405.245344E-3	1.000000E+0	731.071060E+3	731.071060E+3	139.638279E+3	139.638279E+3	984.877000E-3	
619.708446E+0	281.900179E+0	297.760000E+0	-405.245344E-3	1.000000E+0	3.040192E+6	3.040192E+6	557.418634E+3	557.418634E+3	992.957000E-3	
625.216761E+0	281.717169E+0	297.760000E+0	-202.566686E-3	1.000000E+0	1.835323E+6	1.835323E+6	357.739450E+3	357.739450E+3	1.000251E+0	
630.698074E+0	281.533558E+0	297.760000E+0	0.000000E+0	1.000000E+0	797.823467E+3	797.823467E+3	152.670184E+3	152.670184E+3	999.601000E-3	
636.182388E+0	281.350848E+0	297.760000E+0	0.000000E+0	1.000000E+0	818.991225E+3	818.991225E+3	157.898166E+3	157.898166E+3	993.076000E-3	
641.665701E+0	281.168037E+0	297.760000E+0	0.000000E+0	1.000000E+0	1.075129E+6	1.075129E+6	195.438036E+3	195.438036E+3	1.003493E+0	
647.178017E+0	280.985260E+0	297.640000E+0	0.000000E+0	1.000000E+0	2.364081E+6	2.364081E+6	449.293315E+3	449.293315E+3	1.015302E+0	
652.666330E+0	280.801516E+0	297.640000E+0	0.000000E+0	1.000000E+0	1.363297E+6	1.363297E+6	249.063825E+3	249.063825E+3	1.009903E+0	
658.185646E+0	280.618573E+0	297.640000E+0	-219.969086E-3	1.000000E+0	804.576096E+3	804.576096E+3	150.547519E+3	150.547519E+3	997.787000E-3	
663.658959E+0	280.434595E+0	297.640000E+0	-441.215765E-3	1.000000E+0	1.050439E+6	1.050439E+6	199.367685E+3	199.367685E+3	1.003400E+0	
669.143273E+0	280.252152E+0	297.640000E+0	-441.215765E-3	1.000000E+0	1.406459E+6	1.406459E+6	267.935989E+3	267.935989E+3	1.001483E+0	
674.617586E+0	280.069341E+0	297.640000E+0	-221.246678E-3	1.000000E+0	686.700727E+3	686.700727E+3	127.649306E+3	127.649306E+3	995.977000E-3	
680.101900E+0	279.886864E+0	297.640000E+0	0.000000E+0	1.000000E+0	1.247409E+6	1.247409E+6	235.900029E+3	235.900029E+3	999.212000E-3	
685.587214E+0	279.704054E+0	297.640000E+0	0.000000E+0	1.000000E+0	3.078974E+6	3.078974E+6	579.054075E+3	579.054075E+3	1.003838E+0	
691.075527E+0	279.521210E+0	297.530000E+0	0.000000E+0	1.000000E+0	1.180108E+6	1.180108E+6	211.000153E+3	211.000153E+3	1.000932E+0	
696.551841E+0	279.338266E+0	297.530000E+0	0.000000E+0	1.000000E+0	3.384410E+6	3.384410E+6	621.415351E+3	621.415351E+3	1.005745E+0	
702.036154E+0	279.155722E+0	297.530000E+0	-200.152322E-3	1.000000E+0	965.160948E+3	965.160948E+3	176.975049E+3	176.975049E+3	999.955000E-3	
707.531468E+0	278.972912E+0	297.530000E+0	-400.177251E-3	1.000000E+0	731.059989E+3	731.059989E+3	145.046522E+3	145.046522E+3	969.561000E-3	
713.028783E+0	278.789735E+0	297.530000E+0	-400.177251E-3	1.000000E+0	1.584695E+6	1.584695E+6	304.340164E+3	304.340164E+3	993.683000E-3	
718.514097E+0	278.606491E+0	297.410000E+0	-200.024929E-3	1.000000E+0	978.980992E+3	978.980992E+3	185.267234E+3	185.267234E+3	996.074000E-3	
724.002411E+0	278.423647E+0	297.410000E+0	0.000000E+0	1.000000E+0	2.232216E+6	2.232216E+6	408.771483E+3	408.771483E+3	1.007890E+0	
729.512726E+0	278.240703E+0	297.410000E+0	-218.268553E-3	1.000000E+0	1.007724E+6	1.007724E+6	185.595188E+3	185.595188E+3	1.011130E+0	
734.998040E+0	278.057026E+0	297.410000E+0	-436.437897E-3	1.000000E+0	948.730663E+3	948.730663E+3	172.209328E+3	172.209328E+3	989.213000E-3	
740.476353E+0	277.874182E+0	297.410000E+0	-436.437897E-3	1.000000E+0	717.947135E+3	717.947135E+3	131.032679E+3	131.032679E+3	988.405000E-3	
745.992669E+0	277.691572E+0	297.410000E+0	-218.169344E-3	1.000000E+0	1.393537E+6	1.393537E+6	257.740768E+3	257.740768E+3	989.871000E-3	
751.506984E+0	277.507695E+0	297.300000E+0	0.000000E+0	1.000000E+0	1.263306E+6	1.263306E+6	241.776988E+3	241.776988E+3	995.296000E-3	
757.007298E+0	277.323884E+0	297.300000E+0	0.000000E+0	1.000000E+0	1.953287E+6	1.953287E+6	369.227641E+3	369.227641E+3	1.008814E+0	
762.481612E+0	277.140540E+0	297.300000E+0	-200.755081E-3	1.000000E+0	1.214791E+6	1.214791E+6	226.035492E+3	226.035492E+3	1.000113E+0	
767.982926E+0	276.958063E+0	297.300000E+0	-401.308839E-3	1.000000E+0	1.234859E+6	1.234859E+6	237.336512E+3	237.336512E+3	999.853000E-3	
773.483241E+0	276.774686E+0	297.300000E+0	-401.308839E-3	1.000000E+0	1.210515E+6	1.210515E+6	233.173414E+3	233.173414E+3	1.000442E+0	
778.965554E+0	276.591342E+0	297.300000E+0	-200.553758E-3	1.000000E+0	1.194407E+6	1.194407E+6	218.717692E+3	218.717692E+3	1.000471E+0	
784.448868E+0	276.408599E+0	297.300000E+0	0.000000E+0	1.000000E+0	1.199607E+6	1.199607E+6	215.621026E+3	215.621026E+3	1.000016E+0	
789.919181E+0	276.225821E+0	297.180000E+0	0.000000E+0	1.000000E+0	1.226164E+6	1.226164E+6	235.699133E+3	235.699133E+3	999.949000E-3	
795.398494E+0	276.043478E+0	297.180000E+0	0.000000E+0	1.000000E+0	1.205498E+6	1.205498E+6	230.669270E+3	230.669270E+3	1.000033E+0	
800.900809E+0	275.860834E+0	297.180000E+0	-218.526925E-3	1.000000E+0	1.197540E+6	1.197540E+6	221.437469E+3	221.437469E+3	999.874000E-3	
806.409124E+0	275.677423E+0	297.180000E+0	-437.233080E-3	1.000000E+0	1.210566E+6	1.210566E+6	216.549253E+3	216.549253E+3	1.000097E+0	
811.914439E+0	275.493813E+0	297.180000E+0	-437.233080E-3	1.000000E+0	1.239545E+6	1.239545E+6	224.025362E+3	224.025362E+3	999.953000E-3	
817.430755E+0	275.310302E+0	297.180000E+0	-218.706155E-3	1.000000E+0	1.199729E+6	1.199729E+6	216.667467E+3	216.667467E+3	999.914000E-3	
822.939070E+0	275.126425E+0	297.180000E+0	0.000000E+0	1.000000E+0	1.216079E+6	1.216079E+6	217.231882E+3	217.231882E+3	1.000103E+0	
828.418383E+0	274.942815E+0	297.180000E+0	0.000000E+0	1.000000E+0	1.194380E+6	1.194380E+6	216.080066E+3	216.080066E+3	1.000066E+0	
833.905697E+0	274.760171E+0	297.070000E+0	0.000000E+0	1.000000E+0	1.229771E+6	1.229771E+6	231.843840E+3	231.843840E+3	999.976000E-3	
839.394011E+0	274.577260E+0	297.070000E+0	0.000000E+0	1.000000E+0	1.196390E+6	1.196390E+6	222.487557E+3	222.487557E+3	999.991000E-3	
844.943328E+0	274.394317E+0	296.950000E+0	-200.462376E-3	1.000000E+0	1.213799E+6	1.213799E+6	219.228016E+3	219.228016E+3	1.000304E+0	
850.423642E+0	274.209339E+0	296.950000E+0	-400.906489E-3	1.000000E+0	1.251158E+6	1.251158E+6	239.037487E+3	239.037487E+3	999.613000E-3	
855.893954E+0	274.026662E+0	296.950000E+0	-619.056004E-3	1.000000E+0	1.206231E+6	1.206231E+6	220.257165E+3	220.257165E+3	1.000014E+0	
861.375268E+0	273.844319E+0	296.950000E+0	-637.120562E-3	1.000000E+0	1.218872E+6	1.218872E+6	219.990978E+3	219.990978E+3	999.743000E-3	
866.857582E+0	273.661608E+0	296.950000E+0	-436.676449E-3	1.000000E+0	1.233879E+6	1.233879E+6	226.046641E+3	226.046641E+3	999.997000E-3	
872.327894E+0	273.478864E+0	296.840000E+0	-218.526934E-3	1.000000E+0	1.217753E+6	1.217753E+6	224.534336E+3	224.534336E+3	999.617000E-3	
877.820209E+0	273.296521E+0	296.840000E+0	0.000000E+0	1.000000E+0	1.235103E+6	1.235103E+6	223.967948E+3	223.967948E+3	999.581000E-3	
883.301522E+0	273.113443E+0	296.840000E+0	-200.334596E-3	1.000000E+0	1.237080E+6	1.237080E+6	225.293725E+3	225.293725E+3	1.000278E+0	
888.780836E+0	272.930733E+0	296.720000E+0	-400.141516E-3	1.000000E+0	1.219802E+6	1.219802E+6	218.537900E+3	218.537900E+3	999.969000E-3	
894.292150E+0	272.748089E+0	296.720000E+0	-400.141516E-3	1.000000E+0	1.217286E+6	1.217286E+6	231.614434E+3	231.614434E+3	1.000183E+0	
899.788465E+0	272.564379E+0	296.720000E+0	-417.560540E-3	1.000000E+0	1.227137E+6	1.227137E+6	235.448100E+3	235.448100E+3	1.000387E+0	
905.272779E+0	272.381168E+0	296.720000E+0	-435.447990E-3	1.000000E+0	1.237400E+6	1.237400E+6	236.740755E+3	236.740755E+3	999.869000E-3	
910.752092E+0	272.198358E+0	296.590000E+0	-435.447990E-3	1.000000E+0	1.237366E+6	1.237366E+6	235.613709E+3	235.613709E+3	1.000039E+0	
916.231406E+0	272.015714E+0	296.590000E+0	-217.694370E-3	1.000000E+0	1.211743E+6	1.211743E+6	231.947086E+3	231.947086E+3	1.000282E+0	
921.687718E+0	271.833070E+0	296.590000E+0	-236.888508E-3	1.000000E+0	1.236466E+6	1.236466E+6	235.873691E+3	235.873691E+3	1.000066E+0	
927.171031E+0	271.651193E+0	296.480000E+0	-472.446300E-3	1.000000E+0	1.206016E+6	1.206016E+6	222.173913E+3	222.173913E+3	999.968000E-3	
932.645344E+0	271.468416E+0	296.480000E+0	-472.446300E-3	1.000000E+0	1.234745E+6	1.234745E+6	233.901822E+3	233.901822E+3	999.835000E-3	
938.120657E+0	271.285939E+0	296.480000E+0	-436.459542E-3	1.000000E+0	1.250131E+6	1.250131E+6	236.179350E+3	236.179350E+3	999.967000E-3	
943.618972E+0	271.103428E+0	296.480000E+0	-401.785156E-3	1.000000E+0	1.243692E+6	1.243692E+6	236.644066E+3	236.644066E+3	999.680000E-3	
949.155289E+0	270.920151E+0	296.360000E+0	-401.785156E-3	1.000000E+0	1.220539E+6	1.220539E+6	217.515345E+3	217.515345E+3	1.000244E+0	
954.637602E+0	270.735607E+0	296.360000E+0	-200.883407E-3	1.000000E+0	1.214394E+6	1.214394E+6	216.693586E+3	216.693586E+3	1.000005E+0	
960.116916E+0	270.552864E+0	296.360000E+0	-218.925629E-3	1.000000E+0	1.212863E+6	1.212863E+6	221.875227E+3	221.875227E+3	1.000054E+0	
965.616230E+0	270.370220E+0	296.250000E+0	-437.631785E-3	1.000000E+0	1.212098E+6	1.212098E+6	216.886667E+3	216.886667E+3	999.981000E-3	
971.095543E+0	270.186909E+0	296.250000E+0	-437.631785E-3	1.000000E+0	1.218361E+6	1.218361E+6	216.524298E+3	216.524298E+3	999.836000E-3	
976.580857E+0	270.004266E+0	296.250000E+0	-418.876696E-3	1.000000E+0	1.255110E+6	1.255110E+6	233.307813E+3	233.307813E+3	1.000009E+0	
982.064171E+0	269.821422E+0	296.250000E+0	-400.031921E-3	1.000000E+0	1.235768E+6	1.235768E+6	235.791489E+3	235.791489E+3	1.000416E+0	
987.560485E+0	269.638645E+0	296.130000E+0	-400.031921E-3	1.000000E+0	1.242298E+6	1.242298E+6	226.208019E+3	226.208019E+3	999.839000E-3	
993.069800E+0	269.455434E+0	296.130000E+0	-199.861380E-3	1.000000E+0	1.241288E+6	1.241288E+6	237.209562E+3	237.209562E+3	999.547000E-3	
998.549114E+0	269.271790E+0	296.130000E+0	-219.005543E-3	1.000000E+0	1.252345E+6	1.252345E+6	228.938929E+3	228.938929E+3	999.684000E-3	
1.004049E+3	269.089147E+0	296.020000E+0	-438.471726E-3	1.000000E+0	1.255743E+6	1.255743E+6	229.749761E+3	229.749761E+3	999.622000E-3	
1.009542E+3	268.905803E+0	296.020000E+0	-438.471726E-3	1.000000E+0	1.211992E+6	1.211992E+6	225.024539E+3	225.024539E+3	1.000172E+0	
1.015052E+3	268.722726E+0	295.910000E+0	-420.239593E-3	1.000000E+0	1.224306E+6	1.224306E+6	217.783328E+3	217.783328E+3	999.915000E-3	
1.020535E+3	268.539048E+0	295.910000E+0	-401.693514E-3	1.000000E+0	1.253688E+6	1.253688E+6	231.198355E+3	231.198355E+3	999.829000E-3	
1.026022E+3	268.356271E+0	295.910000E+0	-602.174157E-3	1.000000E+0	1.263999E+6	1.263999E+6	242.002074E+3	242.002074E+3	999.608000E-3	
1.031512E+3	268.173394E+0	295.910000E+0	-600.773064E-3	1.000000E+0	1.211570E+6	1.211570E+6	222.943948E+3	222.943948E+3	1.000139E+0	
1.037001E+3	267.990384E+0	295.910000E+0	-399.852959E-3	1.000000E+0	1.270431E+6	1.270431E+6	241.475143E+3	241.475143E+3	999.969000E-3	
1.042495E+3	267.807407E+0	295.790000E+0	-199.372317E-3	1.000000E+0	1.223629E+6	1.223629E+6	219.378740E+3	219.378740E+3	999.962000E-3	
1.047974E+3	267.624296E+0	295.790000E+0	0.000000E+0	1.000000E+0	1.226098E+6	1.226098E+6	217.244719E+3	217.244719E+3	1.000091E+0	
1.053507E+3	267.441652E+0	295.680000E+0	-218.606557E-3	1.000000E+0	1.238326E+6	1.238326E+6	224.449454E+3	224.449454E+3	999.800000E-3	
1.058996E+3	267.257208E+0	295.680000E+0	-437.492247E-3	1.000000E+0	1.227674E+6	1.227674E+6	219.154971E+3	219.154971E+3	999.830000E-3	
1.064483E+3	267.074265E+0	295.680000E+0	-638.064288E-3	1.000000E+0	1.266576E+6	1.266576E+6	237.443333E+3	237.443333E+3	1.000215E+0	
1.069970E+3	266.891354E+0	295.560000E+0	-619.828817E-3	1.000000E+0	1.248843E+6	1.248843E+6	238.477104E+3	238.477104E+3	999.799000E-3	
1.075450E+3	266.708444E+0	295.560000E+0	-400.943127E-3	1.000000E+0	1.236603E+6	1.236603E+6	235.569209E+3	235.569209E+3	1.000325E+0	
1.080911E+3	266.525800E+0	295.560000E+0	-418.778690E-3	1.000000E+0	1.251238E+6	1.251238E+6	234.817710E+3	234.817710E+3	1.000427E+0	
1.086393E+3	266.343756E+0	295.450000E+0	-436.994243E-3	1.000000E+0	1.257521E+6	1.257521E+6	236.776506E+3	236.776506E+3	999.855000E-3	
1.091873E+3	266.161012E+0	295.450000E+0	-436.994243E-3	1.000000E+0	1.266144E+6	1.266144E+6	232.575873E+3	232.575873E+3	999.595000E-3	
1.097347E+3	265.978335E+0	295.340000E+0	-418.538845E-3	1.000000E+0	1.226439E+6	1.226439E+6	217.648789E+3	217.648789E+3	1.000885E+0	
1.102859E+3	265.795892E+0	295.340000E+0	-400.068119E-3	1.000000E+0	1.248051E+6	1.248051E+6	238.924943E+3	238.924943E+3	1.000013E+0	
1.108353E+3	265.612148E+0	295.340000E+0	-600.621877E-3	1.000000E+0	1.233203E+6	1.233203E+6	220.742372E+3	220.742372E+3	999.856000E-3	
1.113881E+3	265.429004E+0	295.340000E+0	-601.095524E-3	1.000000E+0	1.239454E+6	1.239454E+6	226.381144E+3	226.381144E+3	1.000165E+0	
1.119309E+3	265.244760E+0	295.220000E+0	-400.979612E-3	1.000000E+0	1.235951E+6	1.235951E+6	233.798848E+3	233.798848E+3	1.000057E+0	
1.124790E+3	265.063816E+0	295.220000E+0	-200.425853E-3	1.000000E+0	1.265696E+6	1.265696E+6	240.571613E+3	240.571613E+3	1.000178E+0	
1.130283E+3	264.881106E+0	295.110000E+0	-218.726095E-3	1.000000E+0	1.235719E+6	1.235719E+6	219.924714E+3	219.924714E+3	999.598000E-3	
1.135768E+3	264.698029E+0	295.110000E+0	-436.657689E-3	1.000000E+0	1.230246E+6	1.230246E+6	218.303846E+3	218.303846E+3	999.919000E-3	
1.141268E+3	264.515185E+0	295.110000E+0	-636.265183E-3	1.000000E+0	1.245334E+6	1.245334E+6	220.043334E+3	220.043334E+3	1.000078E+0	
1.146749E+3	264.331841E+0	294.990000E+0	-617.983209E-3	1.000000E+0	1.227357E+6	1.227357E+6	218.778772E+3	218.778772E+3	999.793000E-3	
1.152236E+3	264.149164E+0	294.990000E+0	-400.051616E-3	1.000000E+0	1.245678E+6	1.245678E+6	225.505566E+3	225.505566E+3	1.000354E+0	
1.157736E+3	263.966254E+0	294.990000E+0	-419.289886E-3	1.000000E+0	1.234226E+6	1.234226E+6	219.156653E+3	219.156653E+3	1.000439E+0	
1.163260E+3	263.782910E+0	294.860000E+0	-438.211647E-3	1.000000E+0	1.265874E+6	1.265874E+6	235.910546E+3	235.910546E+3	1.000205E+0	
1.168742E+3	263.598799E+0	294.860000E+0	-438.211647E-3	1.000000E+0	1.256013E+6	1.256013E+6	235.207164E+3	235.207164E+3	1.000075E+0	
1.174202E+3	263.416055E+0	294.750000E+0	-456.535314E-3	1.000000E+0	1.251474E+6	1.251474E+6	238.020293E+3	238.020293E+3	1.000316E+0	
1.179717E+3	263.234045E+0	294.750000E+0	-474.533750E-3	1.000000E+0	1.276784E+6	1.276784E+6	232.404415E+3	232.404415E+3	999.479000E-3	
1.185196E+3	263.050201E+0	294.750000E+0	-674.795389E-3	1.000000E+0	1.232711E+6	1.232711E+6	217.536789E+3	217.536789E+3	1.000197E+0	
1.190639E+3	262.867591E+0	294.750000E+0	-637.505486E-3	1.000000E+0	1.273408E+6	1.273408E+6	231.547369E+3	231.547369E+3	999.638000E-3	
1.196093E+3	262.686147E+0	294.640000E+0	-400.141168E-3	1.000000E+0	1.247301E+6	1.247301E+6	228.836177E+3	228.836177E+3	1.000136E+0	
1.201551E+3	262.504337E+0	294.640000E+0	-199.879528E-3	1.000000E+0	1.246408E+6	1.246408E+6	235.602163E+3	235.602163E+3	1.000479E+0	
1.207047E+3	262.322426E+0	294.640000E+0	-201.656811E-3	1.000000E+0	1.270604E+6	1.270604E+6	238.451667E+3	238.451667E+3	1.000016E+0	
1.212526E+3	262.139216E+0	294.520000E+0	-402.137462E-3	1.000000E+0	1.245544E+6	1.245544E+6	222.009215E+3	222.009215E+3	1.000234E+0	
1.218003E+3	261.956572E+0	294.520000E+0	-402.137462E-3	1.000000E+0	1.241936E+6	1.241936E+6	218.216992E+3	218.216992E+3	999.883000E-3	
1.223490E+3	261.774028E+0	294.520000E+0	-418.947904E-3	1.000000E+0	1.272643E+6	1.272643E+6	237.749036E+3	237.749036E+3	999.699000E-3	
1.228969E+3	261.591118E+0	294.410000E+0	-437.033987E-3	1.000000E+0	1.277316E+6	1.277316E+6	238.245968E+3	238.245968E+3	999.551000E-3	
1.234452E+3	261.408474E+0	294.410000E+0	-437.033987E-3	1.000000E+0	1.206669E+6	1.206669E+6	230.314083E+3	230.314083E+3	995.816000E-3	
1.239925E+3	261.225730E+0	294.300000E+0	-418.791924E-3	1.000000E+0	5.904858E+6	5.904858E+6	1.059955E+6	1.059955E+6	1.000342E+0	
1.245404E+3	261.043286E+0	294.300000E+0	-399.796464E-3	1.000000E+0	836.636982E+3	836.636982E+3	152.651695E+3	152.651695E+3	988.336000E-3	
1.250886E+3	260.860643E+0	294.300000E+0	-599.694161E-3	1.000000E+0	1.186571E+6	1.186571E+6	213.294988E+3	213.294988E+3	1.010840E+0	
1.256370E+3	260.677932E+0	294.300000E+0	-600.517604E-3	1.000000E+0	1.341021E+6	1.341021E+6	239.972485E+3	239.972485E+3	1.008890E+0	
1.261854E+3	260.495122E+0	294.180000E+0	-400.946330E-3	1.000000E+0	2.111651E+6	2.111651E+6	375.300166E+3	375.300166E+3	991.927000E-3	
1.267337E+3	260.312311E+0	294.070000E+0	-201.048633E-3	1.000000E+0	1.440136E+6	1.440136E+6	264.303713E+3	264.303713E+3	994.443000E-3	
1.272823E+3	260.129534E+0	294.070000E+0	-219.747516E-3	1.000000E+0	5.262036E+6	5.262036E+6	959.125000E+3	959.125000E+3	1.010311E+0	
1.278358E+3	260.000000E+0	294.070000E+0	-641.857895E-3	1.000000E+0	1.397142E+6	1.397142E+6	251.661749E+3	251.661749E+3	984.957000E-3	
1.283845E+3	260.000000E+0	294.070000E+0	-843.477747E-3	1.000000E+0	19.068340E+6	19.068340E+6	3.451260E+6	3.451260E+6	999.181000E-3	
1.289328E+3	260.000000E+0	293.960000E+0	-623.730230E-3	1.000000E+0	2.084860E+6	2.084860E+6	379.438838E+3	379.438838E+3	1.010177E+0	
1.294814E+3	260.000000E+0	293.840000E+0	-201.619851E-3	1.000000E+0	671.426547E+3	671.426547E+3	125.424724E+3	125.424724E+3	994.752000E-3	
1.300300E+3	260.000000E+0	293.840000E+0	-200.810059E-3	1.000000E+0	4.695305E+6	4.695305E+6	848.232383E+3	848.232383E+3	996.109000E-3	
1.305765E+3	260.000000E+0	293.840000E+0	-620.379245E-3	1.000000E+0	1.097953E+6	1.097953E+6	195.014935E+3	195.014935E+3	999.818000E-3	
1.311265E+3	260.000000E+0	293.840000E+0	-839.225019E-3	1.000000E+0	1.295089E+6	1.295089E+6	229.804805E+3	229.804805E+3	991.909000E-3	
1.316764E+3	260.000000E+0	293.730000E+0	-638.414960E-3	1.000000E+0	1.283504E+6	1.283504E+6	230.930878E+3	230.930878E+3	984.884000E-3	
1.322253E+3	260.000000E+0	293.730000E+0	-218.845774E-3	1.000000E+0	1.289361E+6	1.289361E+6	225.220050E+3	225.220050E+3	1.012213E+0	
1.327754E+3	260.000000E+0	293.730000E+0	-200.865067E-3	1.000000E+0	4.067588E+6	4.067588E+6	717.513396E+3	717.513396E+3	1.009616E+0	
1.333239E+3	260.000000E+0	293.620000E+0	-401.583510E-3	1.000000E+0	1.422792E+6	1.422792E+6	250.838981E+3	250.838981E+3	997.164000E-3	
1.338760E+3	260.000000E+0	293.620000E+0	-401.583510E-3	1.000000E+0	652.070809E+3	652.070809E+3	116.900011E+3	116.900011E+3	979.456000E-3	
1.344247E+3	260.000000E+0	293.500000E+0	-401.290484E-3	1.000000E+0	1.111607E+6	1.111607E+6	205.533540E+3	205.533540E+3	1.001413E+0	
1.349721E+3	260.000000E+0	293.500000E+0	-401.162369E-3	1.000000E+0	689.741558E+3	689.741558E+3	126.015207E+3	126.015207E+3	966.121000E-3	
1.355205E+3	260.000000E+0	293.500000E+0	-619.968233E-3	1.000000E+0	816.068592E+3	816.068592E+3	145.534501E+3	145.534501E+3	996.534000E-3	
1.360674E+3	260.000000E+0	293.390000E+0	-637.169578E-3	1.000000E+0	1.060914E+6	1.060914E+6	200.248727E+3	200.248727E+3	995.965000E-3	
1.366156E+3	260.000000E+0	293.390000E+0	-436.579250E-3	1.000000E+0	1.428053E+6	1.428053E+6	264.810708E+3	264.810708E+3	1.004507E+0	
1.371654E+3	260.000000E+0	293.390000E+0	-418.327145E-3	1.000000E+0	3.364010E+6	3.364010E+6	632.518226E+3	632.518226E+3	996.689000E-3	
1.377177E+3	260.000000E+0	293.280000E+0	-401.125800E-3	1.000000E+0	1.198961E+6	1.198961E+6	215.804280E+3	215.804280E+3	997.296000E-3	
1.382664E+3	260.000000E+0	293.280000E+0	-401.125800E-3	1.000000E+0	1.140657E+6	1.140657E+6	201.616883E+3	201.616883E+3	994.003000E-3	
1.388147E+3	260.000000E+0	293.280000E+0	-401.473791E-3	1.000000E+0	1.553522E+6	1.553522E+6	275.902764E+3	275.902764E+3	1.001105E+0	
1.393656E+3	260.000000E+0	293.170000E+0	-401.546965E-3	1.000000E+0	913.961881E+3	913.961881E+3	173.438173E+3	173.438173E+3	997.891000E-3	
1.399167E+3	260.000000E+0	293.170000E+0	-401.546965E-3	1.000000E+0	655.505214E+3	655.505214E+3	116.575414E+3	116.575414E+3	992.507000E-3	
1.404681E+3	260.000000E+0	293.050000E+0	-400.870406E-3	1.000000E+0	1.049703E+6	1.049703E+6	185.987449E+3	185.987449E+3	995.276000E-3	
1.410217E+3	260.000000E+0	293.050000E+0	-400.413936E-3	1.000000E+0	1.405377E+6	1.405377E+6	263.334032E+3	263.334032E+3	1.005969E+0	
1.415737E+3	260.000000E+0	293.050000E+0	-618.861305E-3	1.000000E+0	1.405284E+6	1.405284E+6	263.415080E+3	263.415080E+3	999.930000E-3	
1.421255E+3	260.000000E+0	292.940000E+0	-636.706330E-3	1.000000E+0	1.080454E+6	1.080454E+6	199.652349E+3	199.652349E+3	1.005395E+0	
1.426751E+3	260.000000E+0	292.940000E+0	-436.517585E-3	1.000000E+0	1.064553E+6	1.064553E+6	193.567371E+3	193.567371E+3	987.660000E-3	
1.432231E+3	260.000000E+0	292.830000E+0	-418.770348E-3	1.000000E+0	1.334620E+6	1.334620E+6	244.803530E+3	244.803530E+3	989.060000E-3	
1.437716E+3	260.000000E+0	292.830000E+0	-401.473534E-3	1.000000E+0	29.905473E+6	29.905473E+6	5.572546E+6	5.572546E+6	1.005422E+0	
1.443219E+3	260.000000E+0	292.700000E+0	-602.338601E-3	1.000000E+0	1.259370E+6	1.259370E+6	236.260952E+3	236.260952E+3	998.995000E-3	
1.448715E+3	260.000000E+0	292.700000E+0	-602.521874E-3	1.000000E+0	906.655366E+3	906.655366E+3	163.466646E+3	163.466646E+3	1.000195E+0	
1.454199E+3	260.000000E+0	292.700000E+0	-638.529102E-3	1.000000E+0	1.394179E+6	1.394179E+6	253.573322E+3	253.573322E+3	999.403000E-3	
1.459688E+3	260.000000E+0	292.700000E+0	-673.585204E-3	1.000000E+0	1.818146E+6	1.818146E+6	334.870721E+3	334.870721E+3	998.526000E-3	
1.465183E+3	260.000000E+0	292.700000E+0	-472.701798E-3	1.000000E+0	19.078068E+6	19.078068E+6	3.523971E+6	3.523971E+6	1.015144E+0	
1.470697E+3	260.000000E+0	292.590000E+0	-235.921169E-3	1.000000E+0	2.761146E+6	2.761146E+6	488.651991E+3	488.651991E+3	995.890000E-3	
1.476188E+3	260.000000E+0	292.470000E+0	0.000000E+0	1.000000E+0	949.766400E+3	949.766400E+3	172.939073E+3	172.939073E+3	996.115000E-3	
1.481694E+3	260.000000E+0	292.470000E+0	-199.643719E-3	1.000000E+0	1.022789E+6	1.022789E+6	185.280103E+3	185.280103E+3	1.004522E+0	
1.487170E+3	260.000000E+0	292.470000E+0	-616.853420E-3	1.000000E+0	1.183216E+6	1.183216E+6	213.694195E+3	213.694195E+3	990.435000E-3	
1.492672E+3	260.000000E+0	292.360000E+0	-834.055223E-3	1.000000E+0	780.715536E+3	780.715536E+3	141.081429E+3	141.081429E+3	989.838000E-3	
1.498159E+3	260.000000E+0	292.360000E+0	-634.411504E-3	1.000000E+0	2.198441E+6	2.198441E+6	412.268066E+3	412.268066E+3	1.001192E+0	
1.503645E+3	260.000000E+0	292.250000E+0	-416.501871E-3	1.000000E+0	753.942521E+3	753.942521E+3	131.820073E+3	131.820073E+3	996.614000E-3	
1.509129E+3	260.000000E+0	292.140000E+0	-399.052558E-3	1.000000E+0	19.567771E+6	19.567771E+6	3.450740E+6	3.450740E+6	1.004218E+0	
1.514633E+3	260.000000E+0	292.140000E+0	-599.496680E-3	1.000000E+0	26.207366E+6	26.207366E+6	4.588860E+6	4.588860E+6	999.811000E-3	
1.520144E+3	260.000000E+0	292.140000E+0	-801.450450E-3	1.000000E+0	718.623711E+3	718.623711E+3	132.763991E+3	132.763991E+3	975.891000E-3	
1.525644E+3	260.000000E+0	292.140000E+0	-801.923150E-3	1.000000E+0	1.278580E+6	1.278580E+6	226.027423E+3	226.027423E+3	1.003340E+0	
1.531150E+3	260.000000E+0	292.140000E+0	-601.479029E-3	1.000000E+0	806.310969E+3	806.310969E+3	150.724783E+3	150.724783E+3	1.001793E+0	
1.536646E+3	260.000000E+0	292.020000E+0	-200.225190E-3	1.000000E+0	5.824696E+6	5.824696E+6	1.034606E+6	1.034606E+6	1.009711E+0	
1.542153E+3	260.000000E+0	292.020000E+0	0.000000E+0	1.000000E+0	897.442323E+3	897.442323E+3	165.188184E+3	165.188184E+3	991.943000E-3	
1.547645E+3	260.000000E+0	291.910000E+0	-218.507031E-3	1.000000E+0	1.217111E+6	1.217111E+6	212.860210E+3	212.860210E+3	997.617000E-3	
1.553130E+3	260.000000E+0	291.800000E+0	-436.517813E-3	1.000000E+0	1.407486E+6	1.407486E+6	261.829680E+3	261.829680E+3	983.720000E-3	
1.558607E+3	260.000000E+0	291.690000E+0	-636.415511E-3	1.000000E+0	1.669308E+6	1.669308E+6	310.372243E+3	310.372243E+3	1.000483E+0	
1.564093E+3	260.000000E+0	291.690000E+0	-818.031108E-3	1.000000E+0	1.273291E+6	1.273291E+6	230.990935E+3	230.990935E+3	998.655000E-3	
1.569571E+3	260.000000E+0	291.580000E+0	-1.000690E+0	1.000000E+0	1.190781E+6	1.190781E+6	212.203462E+3	212.203462E+3	1.006412E+0	
1.575050E+3	260.000000E+0	291.580000E+0	-1.001181E+0	1.000000E+0	2.484344E+6	2.484344E+6	458.523717E+3	458.523717E+3	998.259000E-3	
1.580527E+3	260.000000E+0	291.460000E+0	-801.265481E-3	1.000000E+0	1.161834E+6	1.161834E+6	210.272760E+3	210.272760E+3	1.010366E+0	
1.586007E+3	260.000000E+0	291.460000E+0	-601.095227E-3	1.000000E+0	1.045738E+6	1.045738E+6	192.618913E+3	192.618913E+3	997.697000E-3	
1.591492E+3	260.000000E+0	291.350000E+0	-619.471868E-3	1.000000E+0	1.694050E+6	1.694050E+6	291.995774E+3	291.995774E+3	1.010179E+0	
1.596973E+3	260.000000E+0	291.350000E+0	-637.692378E-3	1.000000E+0	1.796140E+6	1.796140E+6	313.495444E+3	313.495444E+3	999.390000E-3	
1.602456E+3	260.000000E+0	291.240000E+0	-636.927805E-3	1.000000E+0	3.500447E+6	3.500447E+6	618.559620E+3	618.559620E+3	995.177000E-3	
1.607936E+3	260.000000E+0	291.240000E+0	-617.950604E-3	1.000000E+0	1.398322E+6	1.398322E+6	243.930813E+3	243.930813E+3	1.002457E+0	
1.613424E+3	260.000000E+0	291.130000E+0	-599.420830E-3	1.000000E+0	1.293566E+6	1.293566E+6	226.615346E+3	226.615346E+3	990.587000E-3	
1.618910E+3	260.000000E+0	291.130000E+0	-599.656862E-3	1.000000E+0	1.351005E+6	1.351005E+6	233.887357E+3	233.887357E+3	999.798000E-3	
1.624409E+3	260.000000E+0	291.020000E+0	-599.802113E-3	1.000000E+0	1.292346E+6	1.292346E+6	230.370278E+3	230.370278E+3	987.378000E-3	
1.629914E+3	260.000000E+0	291.020000E+0	-599.929336E-3	1.000000E+0	978.011934E+3	978.011934E+3	171.387874E+3	171.387874E+3	980.144000E-3	
1.635410E+3	260.000000E+0	290.910000E+0	-600.384810E-3	1.000000E+0	769.543288E+3	769.543288E+3	137.340985E+3	137.340985E+3	996.320000E-3	
1.640920E+3	260.000000E+0	290.910000E+0	-601.132609E-3	1.000000E+0	999.143111E+3	999.143111E+3	176.697529E+3	176.697529E+3	999.273000E-3	
1.646399E+3	260.000000E+0	290.800000E+0	-601.771204E-3	1.000000E+0	732.373722E+3	732.373722E+3	128.160378E+3	128.160378E+3	987.833000E-3	
1.651880E+3	260.000000E+0	290.680000E+0	-602.008866E-3	1.000000E+0	889.243109E+3	889.243109E+3	152.423042E+3	152.423042E+3	1.005565E+0	
1.657375E+3	260.000000E+0	290.570000E+0	-602.118763E-3	1.000000E+0	1.449448E+6	1.449448E+6	268.778972E+3	268.778972E+3	1.000583E+0	
1.662855E+3	260.000000E+0	290.570000E+0	-821.292498E-3	1.000000E+0	1.389970E+6	1.389970E+6	251.879024E+3	251.879024E+3	990.868000E-3	
1.668330E+3	260.000000E+0	290.460000E+0	-1.040466E+0	1.000000E+0	1.237751E+6	1.237751E+6	223.761910E+3	223.761910E+3	984.730000E-3	
1.673810E+3	260.000000E+0	290.350000E+0	-1.040320E+0	1.000000E+0	1.097088E+6	1.097088E+6	194.307073E+3	194.307073E+3	989.859000E-3	
1.679297E+3	260.000000E+0	290.240000E+0	-821.091092E-3	1.000000E+0	1.218480E+6	1.218480E+6	209.203465E+3	209.203465E+3	994.475000E-3	
1.684783E+3	260.000000E+0	290.130000E+0	-802.580863E-3	1.000000E+0	858.367403E+3	858.367403E+3	153.330403E+3	153.330403E+3	1.005689E+0	
1.690299E+3	260.000000E+0	290.020000E+0	-1.003299E+0	1.000000E+0	6.174218E+6	6.174218E+6	1.073761E+6	1.073761E+6	1.006768E+0	
1.695794E+3	260.000000E+0	290.020000E+0	-1.203835E+0	1.000000E+0	744.304938E+3	744.304938E+3	132.342497E+3	132.342497E+3	966.279000E-3	
1.701294E+3	260.000000E+0	289.910000E+0	-1.203469E+0	1.000000E+0	3.295739E+6	3.295739E+6	552.968460E+3	552.968460E+3	1.012550E+0	
1.706780E+3	260.000000E+0	289.790000E+0	-1.002385E+0	1.000000E+0	1.357716E+6	1.357716E+6	237.678414E+3	237.678414E+3	999.754000E-3	
1.712257E+3	260.000000E+0	289.680000E+0	-801.157033E-3	1.000000E+0	1.328635E+6	1.328635E+6	226.197213E+3	226.197213E+3	1.000183E+0	
1.717738E+3	260.000000E+0	289.570000E+0	-818.353639E-3	1.000000E+0	1.346248E+6	1.346248E+6	228.810889E+3	228.810889E+3	999.912000E-3	
1.723260E+3	260.000000E+0	289.570000E+0	-1.036042E+0	1.000000E+0	1.338273E+6	1.338273E+6	227.292439E+3	227.292439E+3	999.864000E-3	
1.728763E+3	260.000000E+0	289.460000E+0	-1.236503E+0	1.000000E+0	1.335326E+6	1.335326E+6	228.112731E+3	228.112731E+3	999.972000E-3	
1.734304E+3	260.000000E+0	289.350000E+0	-1.019064E+0	1.000000E+0	1.340221E+6	1.340221E+6	241.232491E+3	241.232491E+3	999.872000E-3	
1.739806E+3	260.000000E+0	289.350000E+0	-801.540064E-3	1.000000E+0	1.340794E+6	1.340794E+6	234.282688E+3	234.282688E+3	999.924000E-3	
1.745293E+3	260.000000E+0	289.240000E+0	-802.087326E-3	1.000000E+0	1.352300E+6	1.352300E+6	230.381921E+3	230.381921E+3	999.918000E-3	
1.750789E+3	260.000000E+0	289.130000E+0	-802.178924E-3	1.000000E+0	1.349847E+6	1.349847E+6	229.148100E+3	229.148100E+3	999.670000E-3	
1.756312E+3	260.000000E+0	289.020000E+0	-802.563191E-3	1.000000E+0	1.348503E+6	1.348503E+6	228.976606E+3	228.976606E+3	1.000117E+0	
1.761842E+3	260.000000E+0	288.890000E+0	-802.855691E-3	1.000000E+0	1.357082E+6	1.357082E+6	235.741716E+3	235.741716E+3	1.000088E+0	
1.767334E+3	260.000000E+0	288.780000E+0	-1.003007E+0	1.000000E+0	1.355628E+6	1.355628E+6	233.539429E+3	233.539429E+3	999.803000E-3	
1.772808E+3	260.000000E+0	288.670000E+0	-1.238478E+0	1.000000E+0	1.379046E+6	1.379046E+6	244.028636E+3	244.028636E+3	999.753000E-3	
1.778294E+3	260.000000E+0	288.670000E+0	-1.273203E+0	1.000000E+0	1.346231E+6	1.346231E+6	230.160290E+3	230.160290E+3	1.000290E+0	
1.783775E+3	260.000000E+0	288.560000E+0	-1.272400E+0	1.000000E+0	1.346373E+6	1.346373E+6	235.589764E+3	235.589764E+3	1.000140E+0	
1.789256E+3	260.000000E+0	288.450000E+0	-1.036363E+0	1.000000E+0	1.364586E+6	1.364586E+6	233.238043E+3	233.238043E+3	1.000037E+0	
1.794774E+3	260.000000E+0	288.340000E+0	-801.102490E-3	1.000000E+0	1.394877E+6	1.394877E+6	252.445645E+3	252.445645E+3	999.541000E-3	
1.800292E+3	260.000000E+0	288.230000E+0	-802.453620E-3	1.000000E+0	1.391452E+6	1.391452E+6	252.439194E+3	252.439194E+3	1.000009E+0	
1.805798E+3	260.000000E+0	288.230000E+0	-1.002096E+0	1.000000E+0	1.381803E+6	1.381803E+6	232.721518E+3	232.721518E+3	999.776000E-3	
1.811309E+3	260.000000E+0	288.120000E+0	-1.200521E+0	1.000000E+0	1.395866E+6	1.395866E+6	252.007847E+3	252.007847E+3	999.705000E-3	
1.816792E+3	260.000000E+0	288.010000E+0	-998.202547E-3	1.000000E+0	1.400029E+6	1.400029E+6	253.025933E+3	253.025933E+3	999.845000E-3	
1.822303E+3	260.000000E+0	287.900000E+0	-797.526006E-3	1.000000E+0	1.376402E+6	1.376402E+6	230.312478E+3	230.312478E+3	999.887000E-3	
1.827806E+3	260.000000E+0	287.900000E+0	-798.833602E-3	1.000000E+0	1.387295E+6	1.387295E+6	234.884737E+3	234.884737E+3	1.000184E+0	
1.833299E+3	260.000000E+0	287.790000E+0	-1.000238E+0	1.000000E+0	1.395729E+6	1.395729E+6	249.203026E+3	249.203026E+3	999.984000E-3	
1.838818E+3	260.000000E+0	287.680000E+0	-1.000654E+0	1.000000E+0	1.425889E+6	1.425889E+6	252.978754E+3	252.978754E+3	999.976000E-3	
1.844312E+3	260.000000E+0	287.570000E+0	-799.287565E-3	1.000000E+0	1.391512E+6	1.391512E+6	233.527701E+3	233.527701E+3	999.899000E-3	
1.849839E+3	260.000000E+0	287.460000E+0	-797.906312E-3	1.000000E+0	1.390758E+6	1.390758E+6	230.558608E+3	230.558608E+3	999.858000E-3	
1.855323E+3	260.000000E+0	287.350000E+0	-999.479828E-3	1.000000E+0	1.400262E+6	1.400262E+6	234.608546E+3	234.608546E+3	1.000151E+0	
1.860800E+3	260.000000E+0	287.350000E+0	-1.201906E+0	1.000000E+0	1.386013E+6	1.386013E+6	232.216170E+3	232.216170E+3	999.967000E-3	
1.866283E+3	260.000000E+0	287.130000E+0	-1.203908E+0	1.000000E+0	1.414651E+6	1.414651E+6	238.389333E+3	238.389333E+3	999.946000E-3	
1.871760E+3	260.000000E+0	287.130000E+0	-1.003373E+0	1.000000E+0	1.402002E+6	1.402002E+6	238.025178E+3	238.025178E+3	1.000090E+0	
1.877247E+3	260.000000E+0	287.020000E+0	-1.001949E+0	1.000000E+0	1.418215E+6	1.418215E+6	233.706471E+3	233.706471E+3	1.000239E+0	
1.882742E+3	260.000000E+0	286.910000E+0	-999.440188E-3	1.000000E+0	1.411928E+6	1.411928E+6	253.545258E+3	253.545258E+3	1.000026E+0	
1.888224E+3	260.000000E+0	286.800000E+0	-998.311534E-3	1.000000E+0	1.436797E+6	1.436797E+6	256.873958E+3	256.873958E+3	999.953000E-3	
1.893704E+3	260.000000E+0	286.690000E+0	-997.657856E-3	1.000000E+0	1.417247E+6	1.417247E+6	238.408282E+3	238.408282E+3	999.995000E-3	
1.899188E+3	260.000000E+0	286.580000E+0	-999.181177E-3	1.000000E+0	1.450479E+6	1.450479E+6	251.491541E+3	251.491541E+3	999.699000E-3	
1.904685E+3	260.000000E+0	286.470000E+0	-1.199823E+0	1.000000E+0	1.406408E+6	1.406408E+6	236.839959E+3	236.839959E+3	1.000139E+0	
1.910165E+3	260.000000E+0	286.360000E+0	-1.199932E+0	1.000000E+0	1.411605E+6	1.411605E+6	245.400384E+3	245.400384E+3	999.868000E-3	
1.915655E+3	260.000000E+0	286.260000E+0	-1.199859E+0	1.000000E+0	1.428593E+6	1.428593E+6	238.788779E+3	238.788779E+3	999.715000E-3	
1.921160E+3	260.000000E+0	286.150000E+0	-1.199205E+0	1.000000E+0	1.450479E+6	1.450479E+6	240.833877E+3	240.833877E+3	1.000178E+0	
1.926641E+3	260.000000E+0	286.150000E+0	-1.181046E+0	1.000000E+0	1.395388E+6	1.395388E+6	231.984627E+3	231.984627E+3	1.000298E+0	
1.932126E+3	260.000000E+0	286.040000E+0	-1.161990E+0	1.000000E+0	1.426769E+6	1.426769E+6	236.388021E+3	236.388021E+3	1.000008E+0	
1.937611E+3	260.000000E+0	285.930000E+0	-962.256002E-3	1.000000E+0	1.424746E+6	1.424746E+6	233.550588E+3	233.550588E+3	1.000086E+0	
1.943094E+3	260.000000E+0	285.820000E+0	-781.610472E-3	1.000000E+0	1.411869E+6	1.411869E+6	233.247448E+3	233.247448E+3	1.000041E+0	
1.948584E+3	260.000000E+0	285.710000E+0	-801.980574E-3	1.000000E+0	1.421845E+6	1.421845E+6	237.794335E+3	237.794335E+3	999.955000E-3	
1.954062E+3	260.000000E+0	285.600000E+0	-1.003647E+0	1.000000E+0	1.458826E+6	1.458826E+6	259.247050E+3	259.247050E+3	1.000127E+0	
1.959556E+3	260.000000E+0	285.600000E+0	-1.204237E+0	1.000000E+0	1.438189E+6	1.438189E+6	236.884043E+3	236.884043E+3	999.915000E-3	
1.965061E+3	260.000000E+0	285.490000E+0	-1.203433E+0	1.000000E+0	1.457410E+6	1.457410E+6	239.961382E+3	239.961382E+3	1.000075E+0	
1.970562E+3	260.000000E+0	285.380000E+0	-1.002385E+0	1.000000E+0	1.437858E+6	1.437858E+6	246.181669E+3	246.181669E+3	999.786000E-3	
1.976082E+3	260.000000E+0	285.270000E+0	-801.776873E-3	1.000000E+0	1.454304E+6	1.454304E+6	256.666521E+3	256.666521E+3	1.000110E+0	
1.981594E+3	260.000000E+0	285.170000E+0	-802.434728E-3	1.000000E+0	1.436044E+6	1.436044E+6	234.561937E+3	234.561937E+3	1.000334E+0	
1.987101E+3	260.000000E+0	285.060000E+0	-1.002715E+0	1.000000E+0	1.487637E+6	1.487637E+6	243.113327E+3	243.113327E+3	999.618000E-3	
1.992608E+3	260.000000E+0	284.950000E+0	-1.184629E+0	1.000000E+0	1.464494E+6	1.464494E+6	252.939023E+3	252.939023E+3	1.000074E+0	
1.998142E+3	260.000000E+0	284.840000E+0	-1.166177E+0	1.000000E+0	1.471905E+6	1.471905E+6	255.575349E+3	255.575349E+3	999.777000E-3	
2.003665E+3	260.000000E+0	284.750000E+0	-1.165667E+0	1.000000E+0	1.470313E+6	1.470313E+6	253.242150E+3	253.242150E+3	999.739000E-3	
2.009161E+3	260.000000E+0	284.640000E+0	-1.183558E+0	1.000000E+0	1.478828E+6	1.478828E+6	249.821106E+3	249.821106E+3	1.000250E+0	
2.014648E+3	260.000000E+0	284.430000E+0	-1.165458E+0	1.000000E+0	1.482647E+6	1.482647E+6	256.502944E+3	256.502944E+3	999.764000E-3	
2.020137E+3	260.000000E+0	284.320000E+0	-1.129906E+0	1.000000E+0	1.500880E+6	1.500880E+6	256.580053E+3	256.580053E+3	999.856000E-3	
2.025630E+3	260.000000E+0	284.210000E+0	-1.312902E+0	1.000000E+0	1.489778E+6	1.489778E+6	241.104038E+3	241.104038E+3	999.358000E-3	
2.031122E+3	260.000000E+0	284.210000E+0	-1.531342E+0	1.000000E+0	1.477608E+6	1.477608E+6	251.633108E+3	251.633108E+3	1.000237E+0	
2.036620E+3	260.000000E+0	284.100000E+0	-1.567879E+0	1.000000E+0	1.475031E+6	1.475031E+6	239.135342E+3	239.135342E+3	999.835000E-3	
2.042128E+3	260.000000E+0	283.990000E+0	-1.184914E+0	1.000000E+0	1.482202E+6	1.482202E+6	243.825743E+3	243.825743E+3	1.000457E+0	
2.047611E+3	260.000000E+0	283.780000E+0	-801.704595E-3	1.000000E+0	1.490811E+6	1.490811E+6	246.537561E+3	246.537561E+3	999.991000E-3	
2.053092E+3	260.000000E+0	283.670000E+0	-800.319333E-3	1.000000E+0	1.459446E+6	1.459446E+6	236.936628E+3	236.936628E+3	999.954000E-3	
2.058568E+3	260.000000E+0	283.560000E+0	-1.180531E+0	1.000000E+0	1.497066E+6	1.497066E+6	261.556943E+3	261.556943E+3	1.000100E+0	
2.064043E+3	260.000000E+0	283.450000E+0	-1.560622E+0	1.000000E+0	1.523574E+6	1.523574E+6	251.560429E+3	251.560429E+3	999.815000E-3	
2.069524E+3	260.000000E+0	283.450000E+0	-1.560150E+0	1.000000E+0	1.488384E+6	1.488384E+6	242.693218E+3	242.693218E+3	1.000060E+0	
2.075007E+3	260.000000E+0	283.350000E+0	-1.378926E+0	1.000000E+0	1.499393E+6	1.499393E+6	243.173299E+3	243.173299E+3	1.000005E+0	
2.080494E+3	260.000000E+0	283.240000E+0	-998.074584E-3	1.000000E+0	1.499971E+6	1.499971E+6	243.161835E+3	243.161835E+3	999.701000E-3	
2.085974E+3	260.000000E+0	283.130000E+0	-779.637796E-3	1.000000E+0	1.498575E+6	1.498575E+6	239.440905E+3	239.440905E+3	999.774000E-3	
2.091454E+3	260.000000E+0	283.020000E+0	-761.305412E-3	1.000000E+0	1.485201E+6	1.485201E+6	254.703952E+3	254.703952E+3	1.000090E+0	
2.096934E+3	260.000000E+0	282.810000E+0	-962.655721E-3	1.000000E+0	1.524968E+6	1.524968E+6	257.807757E+3	257.807757E+3	999.815000E-3	
2.102480E+3	260.000000E+0	282.700000E+0	-1.182657E+0	1.000000E+0	1.513889E+6	1.513889E+6	261.981225E+3	261.981225E+3	999.848000E-3	
2.107960E+3	260.000000E+0	282.700000E+0	-1.384276E+0	1.000000E+0	1.545453E+6	1.545453E+6	262.548319E+3	262.548319E+3	999.506000E-3	
2.113435E+3	260.000000E+0	282.590000E+0	-1.566259E+0	1.000000E+0	1.504205E+6	1.504205E+6	241.405627E+3	241.405627E+3	1.000251E+0	
2.118912E+3	260.000000E+0	282.380000E+0	-1.365541E+0	1.000000E+0	1.493722E+6	1.493722E+6	244.165621E+3	244.165621E+3	1.000017E+0	
2.124400E+3	260.000000E+0	282.270000E+0	-982.647545E-3	1.000000E+0	1.537834E+6	1.537834E+6	252.687850E+3	252.687850E+3	1.000392E+0	
2.129890E+3	260.000000E+0	282.160000E+0	-982.382505E-3	1.000000E+0	1.533980E+6	1.533980E+6	263.995336E+3	263.995336E+3	999.940000E-3	
2.135384E+3	260.000000E+0	282.160000E+0	-1.365907E+0	1.000000E+0	1.519332E+6	1.519332E+6	241.998055E+3	241.998055E+3	999.857000E-3	
2.140880E+3	260.000000E+0	282.060000E+0	-1.567593E+0	1.000000E+0	1.505792E+6	1.505792E+6	259.664966E+3	259.664966E+3	1.000463E+0	
2.146363E+3	260.000000E+0	281.950000E+0	-1.186180E+0	1.000000E+0	1.535804E+6	1.535804E+6	253.037842E+3	253.037842E+3	999.993000E-3	
2.151864E+3	260.000000E+0	281.740000E+0	-785.023145E-3	1.000000E+0	1.551465E+6	1.551465E+6	258.929015E+3	258.929015E+3	999.702000E-3	
2.157352E+3	260.000000E+0	281.630000E+0	-766.524573E-3	1.000000E+0	1.517913E+6	1.517913E+6	259.540178E+3	259.540178E+3	1.000229E+0	
2.162837E+3	260.000000E+0	281.630000E+0	-1.149052E+0	1.000000E+0	1.517689E+6	1.517689E+6	256.982570E+3	256.982570E+3	999.611000E-3	
2.168347E+3	260.000000E+0	281.520000E+0	-1.550050E+0	1.000000E+0	1.532230E+6	1.532230E+6	242.963576E+3	242.963576E+3	999.504000E-3	
2.173868E+3	260.000000E+0	281.420000E+0	-1.367701E+0	1.000000E+0	1.532090E+6	1.532090E+6	242.722969E+3	242.722969E+3	999.949000E-3	
2.179369E+3	260.000000E+0	281.310000E+0	-985.009045E-3	1.000000E+0	1.542243E+6	1.542243E+6	264.057922E+3	264.057922E+3	1.000083E+0	
2.184863E+3	260.000000E+0	281.220000E+0	-782.369557E-3	1.000000E+0	1.590156E+6	1.590156E+6	266.785936E+3	266.785936E+3	999.938000E-3	
2.190373E+3	260.000000E+0	281.110000E+0	-962.563390E-3	1.000000E+0	1.548899E+6	1.548899E+6	249.224692E+3	249.224692E+3	999.892000E-3	
2.195876E+3	260.000000E+0	281.010000E+0	-1.126969E+0	1.000000E+0	1.568185E+6	1.568185E+6	263.821361E+3	263.821361E+3	999.875000E-3	
2.201361E+3	260.000000E+0	280.790000E+0	-1.111282E+0	1.000000E+0	1.538478E+6	1.538478E+6	246.469665E+3	246.469665E+3	1.000134E+0	
2.206837E+3	260.000000E+0	280.690000E+0	-1.113402E+0	1.000000E+0	1.564370E+6	1.564370E+6	249.105061E+3	249.105061E+3	999.867000E-3	
2.212324E+3	260.000000E+0	280.580000E+0	-1.331263E+0	1.000000E+0	1.551593E+6	1.551593E+6	262.614611E+3	262.614611E+3	1.000110E+0	
2.217824E+3	260.000000E+0	280.470000E+0	-1.548686E+0	1.000000E+0	1.527705E+6	1.527705E+6	251.206062E+3	251.206062E+3	1.000051E+0	
2.223307E+3	260.000000E+0	280.370000E+0	-1.547780E+0	1.000000E+0	1.543154E+6	1.543154E+6	242.793467E+3	242.793467E+3	1.000535E+0	
2.228829E+3	260.000000E+0	280.260000E+0	-1.365555E+0	1.000000E+0	1.571320E+6	1.571320E+6	263.147683E+3	263.147683E+3	1.000145E+0	
2.234314E+3	260.000000E+0	280.160000E+0	-1.165310E+0	1.000000E+0	1.537649E+6	1.537649E+6	252.868235E+3	252.868235E+3	1.000087E+0	
2.239801E+3	260.000000E+0	280.050000E+0	-1.165345E+0	1.000000E+0	1.577548E+6	1.577548E+6	253.436933E+3	253.436933E+3	999.929000E-3	
2.245284E+3	260.000000E+0	279.940000E+0	-1.147337E+0	1.000000E+0	1.580408E+6	1.580408E+6	267.439011E+3	267.439011E+3	999.592000E-3	
2.250763E+3	260.000000E+0	279.840000E+0	-1.146954E+0	1.000000E+0	1.584046E+6	1.584046E+6	263.869000E+3	263.869000E+3	1.000008E+0	
2.256278E+3	260.000000E+0	279.730000E+0	-1.163628E+0	1.000000E+0	1.590524E+6	1.590524E+6	262.651915E+3	262.651915E+3	999.867000E-3	
2.261763E+3	260.000000E+0	279.620000E+0	-1.161927E+0	1.000000E+0	1.609852E+6	1.609852E+6	274.385652E+3	274.385652E+3	1.000346E+0	
2.267248E+3	260.000000E+0	279.520000E+0	-1.161927E+0	1.000000E+0	1.571047E+6	1.571047E+6	255.168568E+3	255.168568E+3	1.000034E+0	
2.272729E+3	260.000000E+0	279.410000E+0	-1.162905E+0	1.000000E+0	1.579877E+6	1.579877E+6	265.792925E+3	265.792925E+3	999.920000E-3	
2.278212E+3	260.000000E+0	279.310000E+0	-1.163217E+0	1.000000E+0	1.541483E+6	1.541483E+6	246.177436E+3	246.177436E+3	1.000284E+0	
2.283697E+3	260.000000E+0	279.200000E+0	-1.163460E+0	1.000000E+0	1.580199E+6	1.580199E+6	245.491240E+3	245.491240E+3	1.000250E+0	
2.289186E+3	260.000000E+0	279.110000E+0	-1.146783E+0	1.000000E+0	1.595272E+6	1.595272E+6	269.047999E+3	269.047999E+3	1.000395E+0	
2.294675E+3	260.000000E+0	278.900000E+0	-1.148523E+0	1.000000E+0	1.565228E+6	1.565228E+6	244.282360E+3	244.282360E+3	1.000024E+0	
2.300165E+3	260.000000E+0	278.800000E+0	-1.130354E+0	1.000000E+0	1.579586E+6	1.579586E+6	265.790014E+3	265.790014E+3	1.000320E+0	
2.305627E+3	260.000000E+0	278.690000E+0	-1.293466E+0	1.000000E+0	1.620274E+6	1.620274E+6	272.241754E+3	272.241754E+3	1.000098E+0	
2.311109E+3	260.000000E+0	278.590000E+0	-1.473695E+0	1.000000E+0	1.608399E+6	1.608399E+6	269.792488E+3	269.792488E+3	999.861000E-3	
2.316588E+3	260.000000E+0	278.480000E+0	-1.491204E+0	1.000000E+0	1.614025E+6	1.614025E+6	269.623031E+3	269.623031E+3	1.000179E+0	
2.322021E+3	260.000000E+0	278.270000E+0	-1.327742E+0	1.000000E+0	1.621539E+6	1.621539E+6	250.585630E+3	250.585630E+3	999.565000E-3	
2.327463E+3	260.000000E+0	278.160000E+0	-1.147234E+0	1.000000E+0	1.620929E+6	1.620929E+6	257.940290E+3	257.940290E+3	1.000081E+0	
2.332882E+3	260.000000E+0	278.060000E+0	-1.349501E+0	1.000000E+0	1.635720E+6	1.635720E+6	263.237460E+3	263.237460E+3	999.785000E-3	
2.338380E+3	260.000000E+0	277.950000E+0	-1.548851E+0	1.000000E+0	1.622051E+6	1.622051E+6	251.228138E+3	251.228138E+3	999.800000E-3	
2.343874E+3	260.000000E+0	277.850000E+0	-1.547807E+0	1.000000E+0	1.592358E+6	1.592358E+6	246.986637E+3	246.986637E+3	999.794000E-3	
2.349382E+3	260.000000E+0	277.740000E+0	-1.346827E+0	1.000000E+0	1.628158E+6	1.628158E+6	255.302068E+3	255.302068E+3	999.852000E-3	
2.354860E+3	260.000000E+0	277.740000E+0	-1.147687E+0	1.000000E+0	1.616351E+6	1.616351E+6	251.468425E+3	251.468425E+3	1.000020E+0	
2.360343E+3	260.000000E+0	277.640000E+0	-1.148940E+0	1.000000E+0	1.663212E+6	1.663212E+6	269.745048E+3	269.745048E+3	1.000073E+0	
2.365832E+3	260.000000E+0	277.550000E+0	-966.655321E-3	1.000000E+0	1.613939E+6	1.613939E+6	269.486451E+3	269.486451E+3	1.000013E+0	
2.371333E+3	260.000000E+0	277.450000E+0	-765.895431E-3	1.000000E+0	1.632817E+6	1.632817E+6	272.929245E+3	272.929245E+3	1.000623E+0	
2.376829E+3	260.000000E+0	277.340000E+0	-728.972508E-3	1.000000E+0	1.635459E+6	1.635459E+6	256.968225E+3	256.968225E+3	1.000067E+0	
2.382310E+3	260.000000E+0	277.240000E+0	-874.509205E-3	1.000000E+0	1.656704E+6	1.656704E+6	262.666534E+3	262.666534E+3	999.788000E-3	
2.387808E+3	260.000000E+0	277.130000E+0	-1.075759E+0	1.000000E+0	1.657044E+6	1.657044E+6	255.028016E+3	255.028016E+3	999.562000E-3	
2.393287E+3	260.000000E+0	277.030000E+0	-1.113382E+0	1.000000E+0	1.619498E+6	1.619498E+6	247.265619E+3	247.265619E+3	1.000348E+0	
2.398790E+3	260.000000E+0	276.920000E+0	-1.150444E+0	1.000000E+0	1.686424E+6	1.686424E+6	268.758008E+3	268.758008E+3	1.000319E+0	
2.404288E+3	260.000000E+0	276.820000E+0	-1.151850E+0	1.000000E+0	1.608786E+6	1.608786E+6	247.618894E+3	247.618894E+3	999.957000E-3	
2.409781E+3	260.000000E+0	276.710000E+0	-1.154285E+0	1.000000E+0	1.631640E+6	1.631640E+6	266.215753E+3	266.215753E+3	999.918000E-3	
2.415284E+3	260.000000E+0	276.610000E+0	-1.157778E+0	1.000000E+0	1.599512E+6	1.599512E+6	245.855457E+3	245.855457E+3	1.000143E+0	
2.420777E+3	260.000000E+0	276.500000E+0	-1.157602E+0	1.000000E+0	1.686989E+6	1.686989E+6	277.499620E+3	277.499620E+3	999.693000E-3	
2.426257E+3	260.000000E+0	276.500000E+0	-1.153526E+0	1.000000E+0	1.640062E+6	1.640062E+6	271.690628E+3	271.690628E+3	1.000454E+0	
2.431742E+3	260.000000E+0	276.400000E+0	-1.148570E+0	1.000000E+0	1.658495E+6	1.658495E+6	273.448985E+3	273.448985E+3	999.525000E-3	
2.437246E+3	260.000000E+0	276.300000E+0	-964.097567E-3	1.000000E+0	1.616068E+6	1.616068E+6	252.848352E+3	252.848352E+3	1.000556E+0	
2.442748E+3	260.000000E+0	276.210000E+0	-764.459900E-3	1.000000E+0	1.624174E+6	1.624174E+6	254.527661E+3	254.527661E+3	999.939000E-3	
2.448231E+3	260.000000E+0	276.100000E+0	-747.276453E-3	1.000000E+0	1.634316E+6	1.634316E+6	251.179056E+3	251.179056E+3	1.000087E+0	
2.453714E+3	260.000000E+0	276.000000E+0	-892.795379E-3	1.000000E+0	1.632092E+6	1.632092E+6	246.706157E+3	246.706157E+3	1.000162E+0	
2.459175E+3	260.000000E+0	275.900000E+0	-1.074072E+0	1.000000E+0	1.614325E+6	1.614325E+6	252.209726E+3	252.209726E+3	1.000494E+0	
2.464648E+3	260.000000E+0	275.790000E+0	-1.092125E+0	1.000000E+0	1.691543E+6	1.691543E+6	277.999256E+3	277.999256E+3	1.000091E+0	
2.470148E+3	260.000000E+0	275.690000E+0	-1.110688E+0	1.000000E+0	1.706679E+6	1.706679E+6	271.788086E+3	271.788086E+3	999.619000E-3	
2.475611E+3	260.000000E+0	275.580000E+0	-1.129572E+0	1.000000E+0	1.723449E+6	1.723449E+6	272.330742E+3	272.330742E+3	999.652000E-3	
2.481121E+3	260.000000E+0	275.480000E+0	-1.129398E+0	1.000000E+0	1.648876E+6	1.648876E+6	254.803825E+3	254.803825E+3	1.000208E+0	
2.486632E+3	260.000000E+0	275.370000E+0	-1.146850E+0	1.000000E+0	1.703326E+6	1.703326E+6	269.488870E+3	269.488870E+3	1.000074E+0	
2.492118E+3	260.000000E+0	275.270000E+0	-1.146362E+0	1.000000E+0	1.643206E+6	1.643206E+6	261.948931E+3	261.948931E+3	1.000039E+0	
2.497628E+3	260.000000E+0	275.170000E+0	-1.145875E+0	1.000000E+0	1.677318E+6	1.677318E+6	253.690312E+3	253.690312E+3	999.715000E-3	
2.503139E+3	260.000000E+0	274.980000E+0	-1.146014E+0	1.000000E+0	1.679997E+6	1.679997E+6	255.667608E+3	255.667608E+3	999.531000E-3	
2.508625E+3	260.000000E+0	274.870000E+0	-1.128414E+0	1.000000E+0	1.699142E+6	1.699142E+6	275.549535E+3	275.549535E+3	1.000251E+0	
2.514138E+3	260.000000E+0	274.770000E+0	-1.275452E+0	1.000000E+0	1.682453E+6	1.682453E+6	258.286642E+3	258.286642E+3	999.932000E-3	
2.519666E+3	260.000000E+0	274.660000E+0	-1.439487E+0	1.000000E+0	1.739880E+6	1.739880E+6	283.551773E+3	283.551773E+3	999.613000E-3	
2.525168E+3	260.000000E+0	274.560000E+0	-1.456566E+0	1.000000E+0	1.651516E+6	1.651516E+6	260.328600E+3	260.328600E+3	1.000158E+0	
2.530656E+3	260.000000E+0	274.460000E+0	-1.309945E+0	1.000000E+0	1.711138E+6	1.711138E+6	262.175900E+3	262.175900E+3	999.835000E-3	
2.536139E+3	260.000000E+0	274.350000E+0	-1.146955E+0	1.000000E+0	1.720735E+6	1.720735E+6	270.251901E+3	270.251901E+3	1.000057E+0	
2.541638E+3	260.000000E+0	274.250000E+0	-1.130842E+0	1.000000E+0	1.705387E+6	1.705387E+6	276.121210E+3	276.121210E+3	1.000073E+0	
2.547119E+3	260.000000E+0	274.040000E+0	-1.132626E+0	1.000000E+0	1.711435E+6	1.711435E+6	279.049013E+3	279.049013E+3	1.000060E+0	
2.552594E+3	260.000000E+0	273.960000E+0	-1.132381E+0	1.000000E+0	1.691630E+6	1.691630E+6	270.921758E+3	270.921758E+3	1.000379E+0	
2.558079E+3	260.000000E+0	273.850000E+0	-1.332430E+0	1.000000E+0	1.704672E+6	1.704672E+6	272.396384E+3	272.396384E+3	999.449000E-3	
2.563558E+3	260.000000E+0	273.750000E+0	-1.476882E+0	1.000000E+0	1.685729E+6	1.685729E+6	263.864958E+3	263.864958E+3	999.890000E-3	
2.569038E+3	260.000000E+0	273.650000E+0	-1.438922E+0	1.000000E+0	1.714638E+6	1.714638E+6	272.303232E+3	272.303232E+3	999.497000E-3	
2.574517E+3	260.000000E+0	273.440000E+0	-1.255300E+0	1.000000E+0	1.695374E+6	1.695374E+6	265.001018E+3	265.001018E+3	999.694000E-3	
2.580002E+3	260.000000E+0	273.340000E+0	-1.090493E+0	1.000000E+0	1.728660E+6	1.728660E+6	257.067257E+3	257.067257E+3	999.563000E-3	
2.585517E+3	260.000000E+0	273.230000E+0	-1.308246E+0	1.000000E+0	1.691520E+6	1.691520E+6	261.900210E+3	261.900210E+3	999.756000E-3	
2.591006E+3	260.000000E+0	273.130000E+0	-1.490069E+0	1.000000E+0	1.734934E+6	1.734934E+6	277.787996E+3	277.787996E+3	999.860000E-3	
2.596526E+3	260.000000E+0	273.030000E+0	-1.508154E+0	1.000000E+0	1.745451E+6	1.745451E+6	281.878861E+3	281.878861E+3	1.000248E+0	
2.602003E+3	260.000000E+0	272.940000E+0	-1.326037E+0	1.000000E+0	1.765915E+6	1.765915E+6	278.209113E+3	278.209113E+3	999.861000E-3	
2.607476E+3	260.000000E+0	272.840000E+0	-1.124905E+0	1.000000E+0	1.754251E+6	1.754251E+6	267.816858E+3	267.816858E+3	1.000011E+0	
2.612960E+3	260.000000E+0	272.630000E+0	-1.088820E+0	1.000000E+0	1.693869E+6	1.693869E+6	270.063678E+3	270.063678E+3	1.000179E+0	
2.618447E+3	260.000000E+0	272.530000E+0	-1.054787E+0	1.000000E+0	1.729651E+6	1.729651E+6	255.019893E+3	255.019893E+3	999.911000E-3	
2.623926E+3	260.000000E+0	272.430000E+0	-1.256688E+0	1.000000E+0	1.735868E+6	1.735868E+6	256.414397E+3	256.414397E+3	999.808000E-3	
2.629419E+3	260.000000E+0	272.220000E+0	-1.475590E+0	1.000000E+0	1.724047E+6	1.724047E+6	256.209922E+3	256.209922E+3	1.000154E+0	
2.634895E+3	260.000000E+0	272.120000E+0	-1.494319E+0	1.000000E+0	1.713336E+6	1.713336E+6	254.715979E+3	254.715979E+3	1.000177E+0	
2.640373E+3	260.000000E+0	272.040000E+0	-1.495452E+0	1.000000E+0	1.758174E+6	1.758174E+6	267.842513E+3	267.842513E+3	1.000067E+0	
2.645895E+3	260.000000E+0	271.930000E+0	-1.496277E+0	1.000000E+0	1.779380E+6	1.779380E+6	280.774776E+3	280.774776E+3	999.727000E-3	
2.651383E+3	260.000000E+0	271.830000E+0	-1.459676E+0	1.000000E+0	1.695393E+6	1.695393E+6	261.310200E+3	261.310200E+3	1.000129E+0	
2.656877E+3	260.000000E+0	271.630000E+0	-1.240742E+0	1.000000E+0	1.727547E+6	1.727547E+6	271.052677E+3	271.052677E+3	1.000250E+0	
2.662357E+3	260.000000E+0	271.520000E+0	-1.058320E+0	1.000000E+0	1.734788E+6	1.734788E+6	265.340032E+3	265.340032E+3	999.706000E-3	
2.667846E+3	260.000000E+0	271.420000E+0	-1.275285E+0	1.000000E+0	1.779106E+6	1.779106E+6	267.282139E+3	267.282139E+3	1.000160E+0	
2.673331E+3	260.000000E+0	271.320000E+0	-1.491957E+0	1.000000E+0	1.775625E+6	1.775625E+6	280.825773E+3	280.825773E+3	1.000085E+0	
2.678812E+3	260.000000E+0	271.230000E+0	-1.490391E+0	1.000000E+0	1.742951E+6	1.742951E+6	271.087771E+3	271.087771E+3	999.844000E-3	
2.684293E+3	260.000000E+0	271.130000E+0	-1.308666E+0	1.000000E+0	1.730660E+6	1.730660E+6	258.287905E+3	258.287905E+3	1.000027E+0	
2.689808E+3	260.000000E+0	271.130000E+0	-1.092279E+0	1.000000E+0	1.758248E+6	1.758248E+6	274.470948E+3	274.470948E+3	999.511000E-3	
2.695289E+3	260.000000E+0	271.030000E+0	-1.057550E+0	1.000000E+0	1.729801E+6	1.729801E+6	253.720802E+3	253.720802E+3	1.000465E+0	
2.700771E+3	260.000000E+0	270.930000E+0	-876.107505E-3	1.000000E+0	1.715691E+6	1.715691E+6	250.302765E+3	250.302765E+3	1.000179E+0	
2.706234E+3	260.000000E+0	270.830000E+0	-711.483500E-3	1.000000E+0	1.789344E+6	1.789344E+6	276.088473E+3	276.088473E+3	1.000315E+0	
2.711730E+3	260.000000E+0	270.720000E+0	-729.236573E-3	1.000000E+0	1.765547E+6	1.765547E+6	257.343102E+3	257.343102E+3	1.000094E+0	
2.717217E+3	260.000000E+0	270.620000E+0	-911.608040E-3	1.000000E+0	1.782902E+6	1.782902E+6	281.983492E+3	281.983492E+3	1.000083E+0	
2.722689E+3	260.000000E+0	270.520000E+0	-1.112655E+0	1.000000E+0	1.773264E+6	1.773264E+6	260.927669E+3	260.927669E+3	1.000493E+0	
2.728167E+3	260.000000E+0	270.440000E+0	-1.129907E+0	1.000000E+0	1.767730E+6	1.767730E+6	260.708666E+3	260.708666E+3	999.775000E-3	
2.733663E+3	260.000000E+0	270.330000E+0	-1.128549E+0	1.000000E+0	1.727886E+6	1.727886E+6	259.095227E+3	259.095227E+3	1.000325E+0	
2.739154E+3	260.000000E+0	270.230000E+0	-1.072935E+0	1.000000E+0	1.782717E+6	1.782717E+6	271.182060E+3	271.182060E+3	1.000051E+0	
2.744636E+3	260.000000E+0	270.030000E+0	-1.037392E+0	1.000000E+0	1.758874E+6	1.758874E+6	276.186876E+3	276.186876E+3	1.000307E+0	
2.750118E+3	260.000000E+0	269.930000E+0	-1.056984E+0	1.000000E+0	1.755659E+6	1.755659E+6	269.766054E+3	269.766054E+3	1.000357E+0	
2.755602E+3	260.000000E+0	269.830000E+0	-1.275929E+0	1.000000E+0	1.790624E+6	1.790624E+6	260.585844E+3	260.585844E+3	999.777000E-3	
2.761084E+3	260.000000E+0	269.830000E+0	-1.476790E+0	1.000000E+0	1.777591E+6	1.777591E+6	278.142324E+3	278.142324E+3	1.000428E+0	
2.766583E+3	260.000000E+0	269.720000E+0	-1.458789E+0	1.000000E+0	1.814505E+6	1.814505E+6	281.855044E+3	281.855044E+3	1.000155E+0	
2.772072E+3	260.000000E+0	269.640000E+0	-1.093914E+0	1.000000E+0	1.841181E+6	1.841181E+6	278.401223E+3	278.401223E+3	999.835000E-3	
2.777563E+3	260.000000E+0	269.440000E+0	-746.861108E-3	1.000000E+0	1.828657E+6	1.828657E+6	270.418053E+3	270.418053E+3	999.946000E-3	
2.783044E+3	260.000000E+0	269.340000E+0	-728.552407E-3	1.000000E+0	1.835300E+6	1.835300E+6	285.599567E+3	285.599567E+3	999.890000E-3	
2.788534E+3	260.000000E+0	269.230000E+0	-1.058329E+0	1.000000E+0	1.805107E+6	1.805107E+6	263.186159E+3	263.186159E+3	1.000011E+0	
2.794023E+3	260.000000E+0	269.130000E+0	-1.405781E+0	1.000000E+0	1.763459E+6	1.763459E+6	266.333745E+3	266.333745E+3	1.000234E+0	
2.799523E+3	260.000000E+0	268.950000E+0	-1.441568E+0	1.000000E+0	1.777004E+6	1.777004E+6	257.485301E+3	257.485301E+3	1.000400E+0	
2.805027E+3	260.000000E+0	268.850000E+0	-1.313161E+0	1.000000E+0	1.815170E+6	1.815170E+6	264.201183E+3	264.201183E+3	1.000050E+0	
2.810539E+3	260.000000E+0	268.750000E+0	-1.277080E+0	1.000000E+0	1.744754E+6	1.744754E+6	267.190798E+3	267.190798E+3	1.000320E+0	
2.816037E+3	260.000000E+0	268.640000E+0	-1.404961E+0	1.000000E+0	1.736810E+6	1.736810E+6	260.455508E+3	260.455508E+3	1.000507E+0	
2.821518E+3	260.000000E+0	268.640000E+0	-1.385780E+0	1.000000E+0	1.831653E+6	1.831653E+6	263.664926E+3	263.664926E+3	999.808000E-3	
2.826998E+3	260.000000E+0	268.540000E+0	-1.257117E+0	1.000000E+0	1.781077E+6	1.781077E+6	255.161549E+3	255.161549E+3	1.000520E+0	
2.832473E+3	260.000000E+0	268.340000E+0	-947.494816E-3	1.000000E+0	1.790558E+6	1.790558E+6	257.297559E+3	257.297559E+3	1.000349E+0	
2.837954E+3	260.000000E+0	268.340000E+0	-765.803991E-3	1.000000E+0	1.824606E+6	1.824606E+6	260.007849E+3	260.007849E+3	999.647000E-3	
2.843432E+3	260.000000E+0	268.260000E+0	-930.197649E-3	1.000000E+0	1.804206E+6	1.804206E+6	259.348846E+3	259.348846E+3	1.000252E+0	
2.848910E+3	260.000000E+0	268.160000E+0	-1.093797E+0	1.000000E+0	1.825214E+6	1.825214E+6	272.412566E+3	272.412566E+3	999.925000E-3	
2.854402E+3	260.000000E+0	268.060000E+0	-1.057027E+0	1.000000E+0	1.808893E+6	1.808893E+6	261.996887E+3	261.996887E+3	999.522000E-3	
2.859894E+3	260.000000E+0	267.960000E+0	-837.742999E-3	1.000000E+0	1.854817E+6	1.854817E+6	290.055095E+3	290.055095E+3	999.876000E-3	
2.865373E+3	260.000000E+0	267.850000E+0	-838.041771E-3	1.000000E+0	1.852734E+6	1.852734E+6	284.096298E+3	284.096298E+3	1.000069E+0	
2.870861E+3	260.000000E+0	267.750000E+0	-1.057000E+0	1.000000E+0	1.814360E+6	1.814360E+6	263.579564E+3	263.579564E+3	1.000402E+0	
2.876347E+3	260.000000E+0	267.650000E+0	-1.111682E+0	1.000000E+0	1.833645E+6	1.833645E+6	288.539204E+3	288.539204E+3	1.000675E+0	
2.881827E+3	260.000000E+0	267.570000E+0	-1.129351E+0	1.000000E+0	1.782411E+6	1.782411E+6	269.608839E+3	269.608839E+3	1.000200E+0	
2.887308E+3	260.000000E+0	267.470000E+0	-1.128258E+0	1.000000E+0	1.845344E+6	1.845344E+6	265.295106E+3	265.295106E+3	999.881000E-3	
2.892793E+3	260.000000E+0	267.470000E+0	-1.072505E+0	1.000000E+0	1.866350E+6	1.866350E+6	287.650023E+3	287.650023E+3	999.897000E-3	
2.898300E+3	260.000000E+0	267.270000E+0	-1.017278E+0	1.000000E+0	1.839332E+6	1.839332E+6	272.033368E+3	272.033368E+3	999.916000E-3	
2.903784E+3	260.000000E+0	267.170000E+0	-835.950369E-3	1.000000E+0	1.883281E+6	1.883281E+6	275.480262E+3	275.480262E+3	999.947000E-3	
2.909273E+3	260.000000E+0	267.070000E+0	-874.084653E-3	1.000000E+0	1.800808E+6	1.800808E+6	263.495563E+3	263.495563E+3	1.000511E+0	
2.914776E+3	260.000000E+0	266.970000E+0	-1.094812E+0	1.000000E+0	1.814108E+6	1.814108E+6	258.691867E+3	258.691867E+3	1.000154E+0	
2.920293E+3	260.000000E+0	266.880000E+0	-1.277732E+0	1.000000E+0	1.808346E+6	1.808346E+6	257.024143E+3	257.024143E+3	999.925000E-3	
2.925768E+3	260.000000E+0	266.780000E+0	-1.277799E+0	1.000000E+0	1.826957E+6	1.826957E+6	277.293327E+3	277.293327E+3	999.784000E-3	
2.931257E+3	260.000000E+0	266.680000E+0	-1.076939E+0	1.000000E+0	1.845024E+6	1.845024E+6	282.246671E+3	282.246671E+3	1.000335E+0	
2.936743E+3	260.000000E+0	266.580000E+0	-1.058242E+0	1.000000E+0	1.819715E+6	1.819715E+6	271.512813E+3	271.512813E+3	999.824000E-3	
2.942239E+3	260.000000E+0	266.480000E+0	-1.057412E+0	1.000000E+0	1.823896E+6	1.823896E+6	275.409971E+3	275.409971E+3	999.878000E-3	
2.947756E+3	260.000000E+0	266.380000E+0	-1.075168E+0	1.000000E+0	1.848979E+6	1.848979E+6	281.546794E+3	281.546794E+3	1.000279E+0	
2.953233E+3	260.000000E+0	266.300000E+0	-1.093498E+0	1.000000E+0	1.863652E+6	1.863652E+6	281.697385E+3	281.697385E+3	1.000017E+0	
2.958716E+3	260.000000E+0	266.300000E+0	-1.093830E+0	1.000000E+0	1.893115E+6	1.893115E+6	290.501354E+3	290.501354E+3	999.508000E-3	
2.964203E+3	260.000000E+0	266.200000E+0	-1.057519E+0	1.000000E+0	1.843010E+6	1.843010E+6	266.038379E+3	266.038379E+3	1.000773E+0	
2.969686E+3	260.000000E+0	266.100000E+0	-838.772603E-3	1.000000E+0	1.927121E+6	1.927121E+6	297.320671E+3	297.320671E+3	999.405000E-3	
2.975169E+3	260.000000E+0	266.000000E+0	-656.633806E-3	1.000000E+0	1.808957E+6	1.808957E+6	266.172295E+3	266.172295E+3	1.000154E+0	
2.980686E+3	260.000000E+0	265.900000E+0	-692.248525E-3	1.000000E+0	1.821074E+6	1.821074E+6	266.287899E+3	266.287899E+3	1.000043E+0	
2.986176E+3	260.000000E+0	265.800000E+0	-910.231214E-3	1.000000E+0	1.870977E+6	1.870977E+6	285.738346E+3	285.738346E+3	999.794000E-3	
2.991659E+3	260.000000E+0	265.720000E+0	-1.092370E+0	1.000000E+0	1.876248E+6	1.876248E+6	264.891241E+3	264.891241E+3	999.721000E-3	
2.997179E+3	260.000000E+0	265.620000E+0	-1.092370E+0	1.000000E+0	1.925019E+6	1.925019E+6	282.029867E+3	282.029867E+3	1.000317E+0	
3.002720E+3	260.000000E+0	265.520000E+0	-1.055113E+0	1.000000E+0	1.924624E+6	1.924624E+6	294.384110E+3	294.384110E+3	999.515000E-3	
3.008240E+3	260.000000E+0	265.420000E+0	-1.018095E+0	1.000000E+0	1.844102E+6	1.844102E+6	276.868685E+3	276.868685E+3	1.000167E+0	
3.013753E+3	260.000000E+0	265.320000E+0	-1.019025E+0	1.000000E+0	1.867376E+6	1.867376E+6	287.392887E+3	287.392887E+3	1.000260E+0	
3.019238E+3	260.000000E+0	265.320000E+0	-1.056812E+0	1.000000E+0	1.824958E+6	1.824958E+6	256.551441E+3	256.551441E+3	1.000442E+0	
3.024721E+3	260.000000E+0	265.220000E+0	-1.093531E+0	1.000000E+0	1.927135E+6	1.927135E+6	290.666050E+3	290.666050E+3	1.000530E+0	
3.030210E+3	260.000000E+0	265.040000E+0	-910.298274E-3	1.000000E+0	1.857407E+6	1.857407E+6	264.321939E+3	264.321939E+3	999.842000E-3	
3.035692E+3	260.000000E+0	265.040000E+0	-727.744775E-3	1.000000E+0	1.920755E+6	1.920755E+6	279.832296E+3	279.832296E+3	999.868000E-3	
3.041175E+3	260.000000E+0	264.940000E+0	-874.452891E-3	1.000000E+0	1.938818E+6	1.938818E+6	296.958916E+3	296.958916E+3	999.984000E-3	
3.046681E+3	260.000000E+0	264.840000E+0	-1.021022E+0	1.000000E+0	1.877794E+6	1.877794E+6	264.802397E+3	264.802397E+3	999.700000E-3	
3.052194E+3	260.000000E+0	264.740000E+0	-1.021420E+0	1.000000E+0	1.854921E+6	1.854921E+6	275.274420E+3	275.274420E+3	1.000396E+0	
3.057715E+3	260.000000E+0	264.640000E+0	-875.243433E-3	1.000000E+0	1.844280E+6	1.844280E+6	266.308918E+3	266.308918E+3	1.000116E+0	
3.063197E+3	260.000000E+0	264.560000E+0	-910.680113E-3	1.000000E+0	1.923830E+6	1.923830E+6	269.315338E+3	269.315338E+3	999.199000E-3	
3.068684E+3	260.000000E+0	264.460000E+0	-1.091776E+0	1.000000E+0	1.911311E+6	1.911311E+6	291.149427E+3	291.149427E+3	999.864000E-3	
3.074168E+3	260.000000E+0	264.360000E+0	-1.055122E+0	1.000000E+0	1.905575E+6	1.905575E+6	266.636488E+3	266.636488E+3	999.779000E-3	
3.079652E+3	260.000000E+0	264.260000E+0	-1.018671E+0	1.000000E+0	1.885767E+6	1.885767E+6	286.488830E+3	286.488830E+3	1.000305E+0	
3.085135E+3	260.000000E+0	264.080000E+0	-1.016897E+0	1.000000E+0	1.863173E+6	1.863173E+6	262.409643E+3	262.409643E+3	1.000077E+0	
3.090659E+3	260.000000E+0	264.080000E+0	-1.050451E+0	1.000000E+0	1.891155E+6	1.891155E+6	268.182162E+3	268.182162E+3	999.967000E-3	
3.096141E+3	260.000000E+0	263.980000E+0	-1.230825E+0	1.000000E+0	1.943758E+6	1.943758E+6	297.809559E+3	297.809559E+3	999.636000E-3	
3.101658E+3	260.000000E+0	263.880000E+0	-1.196525E+0	1.000000E+0	1.917050E+6	1.917050E+6	288.175404E+3	288.175404E+3	999.818000E-3	
3.107154E+3	260.000000E+0	263.780000E+0	-1.017237E+0	1.000000E+0	1.909586E+6	1.909586E+6	290.099293E+3	290.099293E+3	1.000050E+0	
3.112633E+3	260.000000E+0	263.680000E+0	-874.241631E-3	1.000000E+0	1.907094E+6	1.907094E+6	287.048514E+3	287.048514E+3	1.000042E+0	
3.118155E+3	260.000000E+0	263.580000E+0	-911.508313E-3	1.000000E+0	1.864846E+6	1.864846E+6	264.902045E+3	264.902045E+3	1.000434E+0	
3.123648E+3	260.000000E+0	263.500000E+0	-1.093963E+0	1.000000E+0	1.921956E+6	1.921956E+6	293.274961E+3	293.274961E+3	999.840000E-3	
3.129159E+3	260.000000E+0	263.400000E+0	-1.093399E+0	1.000000E+0	1.947215E+6	1.947215E+6	285.705523E+3	285.705523E+3	999.934000E-3	
3.134638E+3	260.000000E+0	263.400000E+0	-1.055508E+0	1.000000E+0	1.959628E+6	1.959628E+6	286.537972E+3	286.537972E+3	999.900000E-3	
3.140114E+3	260.000000E+0	263.310000E+0	-1.016974E+0	1.000000E+0	1.975547E+6	1.975547E+6	294.674334E+3	294.674334E+3	999.706000E-3	
3.145576E+3	260.000000E+0	263.210000E+0	-834.752765E-3	1.000000E+0	1.898476E+6	1.898476E+6	263.943996E+3	263.943996E+3	1.000022E+0	
3.151075E+3	260.000000E+0	263.110000E+0	-672.137780E-3	1.000000E+0	1.927499E+6	1.927499E+6	266.740258E+3	266.740258E+3	999.659000E-3	
3.156537E+3	260.000000E+0	263.030000E+0	-692.242068E-3	1.000000E+0	1.939765E+6	1.939765E+6	287.738245E+3	287.738245E+3	1.000434E+0	
3.162004E+3	260.000000E+0	262.930000E+0	-875.160300E-3	1.000000E+0	1.912922E+6	1.912922E+6	269.978571E+3	269.978571E+3	999.808000E-3	
3.167506E+3	260.000000E+0	262.830000E+0	-1.039295E+0	1.000000E+0	1.963150E+6	1.963150E+6	290.897937E+3	290.897937E+3	1.000009E+0	
3.172977E+3	260.000000E+0	262.830000E+0	-1.019991E+0	1.000000E+0	1.868759E+6	1.868759E+6	257.557759E+3	257.557759E+3	1.000552E+0	
3.178458E+3	260.000000E+0	262.830000E+0	-1.018765E+0	1.000000E+0	1.964024E+6	1.964024E+6	273.671493E+3	273.671493E+3	999.747000E-3	
3.183935E+3	260.000000E+0	262.730000E+0	-872.350278E-3	1.000000E+0	2.023996E+6	2.023996E+6	304.107938E+3	304.107938E+3	999.449000E-3	
3.189425E+3	260.000000E+0	262.530000E+0	-545.274672E-3	1.000000E+0	1.947910E+6	1.947910E+6	268.135861E+3	268.135861E+3	999.901000E-3	
3.194920E+3	260.000000E+0	262.450000E+0	-364.062838E-3	1.000000E+0	1.992266E+6	1.992266E+6	282.232698E+3	282.232698E+3	999.480000E-3	
3.200429E+3	260.000000E+0	262.350000E+0	-727.612310E-3	1.000000E+0	1.927450E+6	1.927450E+6	273.149666E+3	273.149666E+3	999.749000E-3	
3.205939E+3	260.000000E+0	262.260000E+0	-1.236027E+0	1.000000E+0	1.942085E+6	1.942085E+6	294.037633E+3	294.037633E+3	1.000135E+0	
3.211425E+3	260.000000E+0	262.160000E+0	-1.380953E+0	1.000000E+0	1.952461E+6	1.952461E+6	273.083231E+3	273.083231E+3	1.000031E+0	
3.216906E+3	260.000000E+0	262.060000E+0	-1.181329E+0	1.000000E+0	1.938754E+6	1.938754E+6	292.348106E+3	292.348106E+3	1.000048E+0	
3.222414E+3	260.000000E+0	261.980000E+0	-1.019799E+0	1.000000E+0	1.968496E+6	1.968496E+6	278.329331E+3	278.329331E+3	1.000114E+0	
3.227924E+3	260.000000E+0	261.880000E+0	-1.058345E+0	1.000000E+0	1.940956E+6	1.940956E+6	268.850439E+3	268.850439E+3	1.000058E+0	
3.233415E+3	260.000000E+0	261.780000E+0	-1.041014E+0	1.000000E+0	1.937452E+6	1.937452E+6	282.084997E+3	282.084997E+3	999.764000E-3	
3.238897E+3	260.000000E+0	261.680000E+0	-1.022577E+0	1.000000E+0	1.940608E+6	1.940608E+6	266.993344E+3	266.993344E+3	999.976000E-3	
3.244379E+3	260.000000E+0	261.590000E+0	-1.022878E+0	1.000000E+0	1.957475E+6	1.957475E+6	290.342898E+3	290.342898E+3	1.000720E+0	
3.249869E+3	260.000000E+0	261.500000E+0	-1.059103E+0	1.000000E+0	1.966881E+6	1.966881E+6	272.665211E+3	272.665211E+3	999.746000E-3	
3.255359E+3	260.000000E+0	261.310000E+0	-1.076939E+0	1.000000E+0	1.944784E+6	1.944784E+6	269.405656E+3	269.405656E+3	999.969000E-3	
3.260856E+3	260.000000E+0	261.310000E+0	-1.039646E+0	1.000000E+0	1.971028E+6	1.971028E+6	274.678742E+3	274.678742E+3	1.000060E+0	
3.266336E+3	260.000000E+0	261.210000E+0	-1.186063E+0	1.000000E+0	1.971510E+6	1.971510E+6	295.599282E+3	295.599282E+3	999.930000E-3	
3.271821E+3	260.000000E+0	261.110000E+0	-1.186252E+0	1.000000E+0	1.987234E+6	1.987234E+6	271.554106E+3	271.554106E+3	999.559000E-3	
3.277336E+3	260.000000E+0	261.110000E+0	-1.039606E+0	1.000000E+0	1.944714E+6	1.944714E+6	284.681778E+3	284.681778E+3	1.000400E+0	
3.282811E+3	260.000000E+0	261.030000E+0	-892.063240E-3	1.000000E+0	1.949124E+6	1.949124E+6	280.429866E+3	280.429866E+3	999.803000E-3	
3.288287E+3	260.000000E+0	260.930000E+0	-727.083320E-3	1.000000E+0	1.960791E+6	1.960791E+6	271.037201E+3	271.037201E+3	999.866000E-3	
3.293771E+3	260.000000E+0	260.840000E+0	-690.523080E-3	1.000000E+0	1.998867E+6	1.998867E+6	290.018787E+3	290.018787E+3	1.000113E+0	
3.299263E+3	260.000000E+0	260.840000E+0	-655.275313E-3	1.000000E+0	2.062585E+6	2.062585E+6	285.273534E+3	285.273534E+3	999.116000E-3	
3.304741E+3	260.000000E+0	260.640000E+0	-819.561576E-3	1.000000E+0	1.976409E+6	1.976409E+6	294.218265E+3	294.218265E+3	1.000043E+0	
3.310222E+3	260.000000E+0	260.640000E+0	-837.423724E-3	1.000000E+0	1.936952E+6	1.936952E+6	281.070792E+3	281.070792E+3	999.777000E-3	
3.315706E+3	260.000000E+0	260.560000E+0	-872.770651E-3	1.000000E+0	2.035345E+6	2.035345E+6	285.898950E+3	285.898950E+3	999.843000E-3	
3.321198E+3	260.000000E+0	260.460000E+0	-891.500365E-3	1.000000E+0	1.972332E+6	1.972332E+6	276.844036E+3	276.844036E+3	1.000051E+0	
3.326712E+3	260.000000E+0	260.460000E+0	-874.062950E-3	1.000000E+0	1.961933E+6	1.961933E+6	279.432534E+3	279.432534E+3	1.000213E+0	
3.332197E+3	260.000000E+0	260.370000E+0	-838.566421E-3	3.000000E+0	1.961457E+6	1.961457E+6	271.512608E+3	271.512608E+3	1.000304E+0	
3.337681E+3	260.000000E+0	260.270000E+0	-656.195091E-3	2.000000E+0	2.031418E+6	2.031418E+6	291.137144E+3	291.137144E+3	999.681000E-3	
3.343175E+3	260.000000E+0	260.190000E+0	-674.093516E-3	3.000000E+0	2.016989E+6	2.016989E+6	300.471974E+3	300.471974E+3	1.000003E+0	
3.348633E+3	260.000000E+0	260.090000E+0	-692.164583E-3	4.000000E+0	1.943879E+6	1.943879E+6	277.466459E+3	277.466459E+3	999.737000E-3	
3.354118E+3	260.000000E+0	260.090000E+0	-838.324233E-3	4.000000E+0	2.065760E+6	2.065760E+6	294.048037E+3	294.048037E+3	999.394000E-3	
3.359596E+3	260.000000E+0	259.990000E+0	-1.001743E+0	6.000000E+0	2.007531E+6	2.007531E+6	295.164173E+3	295.164173E+3	999.650000E-3	
3.365093E+3	260.000000E+0	259.900000E+0	-837.542379E-3	8.000000E+0	1.977803E+6	1.977803E+6	278.223334E+3	278.223334E+3	999.997000E-3	
3.370584E+3	260.000000E+0	259.800000E+0	-691.881739E-3	7.000000E+0	1.963297E+6	1.963297E+6	288.689600E+3	288.689600E+3	999.927000E-3	
3.376071E+3	260.000000E+0	259.720000E+0	-711.323215E-3	9.000000E+0	1.996904E+6	1.996904E+6	277.913963E+3	277.913963E+3	1.000349E+0	
3.381559E+3	260.000000E+0	259.720000E+0	-875.555096E-3	10.000000E+0	1.949248E+6	1.949248E+6	269.382406E+3	269.382406E+3	1.000198E+0	
3.387042E+3	260.000000E+0	259.620000E+0	-1.021096E+0	11.000000E+0	1.932754E+6	1.932754E+6	266.989625E+3	266.989625E+3	1.000413E+0	
3.392526E+3	260.000000E+0	259.520000E+0	-820.390902E-3	14.000000E+0	2.020278E+6	2.020278E+6	301.974296E+3	301.974296E+3	999.755000E-3	
3.398011E+3	260.000000E+0	259.430000E+0	-656.574001E-3	14.000000E+0	2.001460E+6	2.001460E+6	274.786778E+3	274.786778E+3	999.689000E-3	
3.403506E+3	260.000000E+0	259.430000E+0	-692.838966E-3	18.000000E+0	1.966559E+6	1.966559E+6	270.701896E+3	270.701896E+3	999.956000E-3	
3.408990E+3	260.000000E+0	259.330000E+0	-892.095049E-3	20.000000E+0	1.999502E+6	1.999502E+6	277.048082E+3	277.048082E+3	999.711000E-3	
3.414480E+3	260.000000E+0	259.330000E+0	-873.347060E-3	22.000000E+0	1.880940E+6	1.880940E+6	258.243596E+3	258.243596E+3	1.000867E+0	
3.419990E+3	260.000000E+0	259.330000E+0	-691.241445E-3	21.000000E+0	1.992588E+6	1.992588E+6	297.569866E+3	297.569866E+3	1.000339E+0	
3.425477E+3	260.000000E+0	259.250000E+0	-528.167118E-3	22.000000E+0	1.990293E+6	1.990293E+6	270.413930E+3	270.413930E+3	1.000122E+0	
3.430991E+3	260.000000E+0	259.250000E+0	-364.510358E-3	24.000000E+0	2.007293E+6	2.007293E+6	272.283351E+3	272.283351E+3	999.712000E-3	
3.437021E+3	260.000000E+0	259.150000E+0	-328.389319E-3	25.000000E+0	1.902497E+6	1.902497E+6	273.447574E+3	273.447574E+3	1.000314E+0	
3.442520E+3	260.000000E+0	259.150000E+0	-292.154296E-3	27.000000E+0	1.967820E+6	1.967820E+6	266.879783E+3	266.879783E+3	1.000302E+0	
3.448006E+3	260.000000E+0	259.150000E+0	-474.376217E-3	28.000000E+0	1.981662E+6	1.981662E+6	296.002695E+3	296.002695E+3	999.927000E-3	
3.453475E+3	260.000000E+0	259.150000E+0	-510.181930E-3	28.000000E+0	2.023739E+6	2.023739E+6	275.950482E+3	275.950482E+3	999.646000E-3	
3.458962E+3	260.000000E+0	259.150000E+0	-364.244821E-3	29.000000E+0	1.989918E+6	1.989918E+6	289.437699E+3	289.437699E+3	999.735000E-3	
3.464429E+3	260.000000E+0	259.150000E+0	-182.022900E-3	31.000000E+0	2.035514E+6	2.035514E+6	296.812863E+3	296.812863E+3	1.000150E+0	
3.469906E+3	260.000000E+0	259.150000E+0	0.000000E+0	31.000000E+0	2.051415E+6	2.051415E+6	306.535391E+3	306.535391E+3	999.593000E-3	
3.475526E+3	260.000000E+0	259.250000E+0	0.000000E+0	32.000000E+0	2.070038E+6	2.070038E+6	307.448109E+3	307.448109E+3	999.290000E-3	
3.481008E+3	260.000000E+0	259.250000E+0	0.000000E+0	32.000000E+0	1.978789E+6	1.978789E+6	277.131975E+3	277.131975E+3	1.000080E+0	
3.486988E+3	260.000000E+0	259.250000E+0	182.155532E-3	33.000000E+0	1.992593E+6	1.992593E+6	269.545681E+3	269.545681E+3	999.983000E-3	
3.492473E+3	260.000000E+0	259.330000E+0	364.327663E-3	33.000000E+0	2.019704E+6	2.019704E+6	300.138294E+3	300.138294E+3	1.000400E+0	
3.497988E+3	260.000000E+0	259.430000E+0	364.327663E-3	32.000000E+0	2.087904E+6	2.087904E+6	299.072585E+3	299.072585E+3	999.584000E-3	
3.503971E+3	260.000000E+0	259.430000E+0	327.631576E-3	33.000000E+0	1.991415E+6	1.991415E+6	295.787199E+3	295.787199E+3	1.000009E+0	
3.509479E+3	260.000000E+0	259.520000E+0	472.832490E-3	30.000000E+0	1.948092E+6	1.948092E+6	269.918398E+3	269.918398E+3	1.000287E+0	
3.514958E+3	260.000000E+0	259.520000E+0	654.623752E-3	32.000000E+0	2.011246E+6	2.011246E+6	282.775365E+3	282.775365E+3	1.000273E+0	
3.520413E+3	260.000000E+0	259.620000E+0	665.094054E-3	31.000000E+0	2.066632E+6	2.066632E+6	291.388286E+3	291.388286E+3	1.000353E+0	
3.526161E+3	260.000000E+0	259.620000E+0	493.853647E-3	31.000000E+0	2.005042E+6	2.005042E+6	286.246315E+3	286.246315E+3	999.774000E-3	
3.531575E+3	260.000000E+0	259.720000E+0	494.118429E-3	31.000000E+0	1.963867E+6	1.963867E+6	294.082602E+3	294.082602E+3	1.000453E+0	
3.536984E+3	260.000000E+0	259.800000E+0	520.759945E-3	31.000000E+0	2.028318E+6	2.028318E+6	294.943718E+3	294.943718E+3	1.000062E+0	
3.542499E+3	260.000000E+0	259.900000E+0	547.181898E-3	29.000000E+0	2.028238E+6	2.028238E+6	288.319007E+3	288.319007E+3	1.000489E+0	
3.547982E+3	260.000000E+0	259.900000E+0	693.754126E-3	30.000000E+0	1.969305E+6	1.969305E+6	286.497400E+3	286.497400E+3	999.777000E-3	
3.553467E+3	260.000000E+0	259.990000E+0	840.111421E-3	28.000000E+0	1.968725E+6	1.968725E+6	267.150785E+3	267.150785E+3	1.000388E+0	
3.558954E+3	260.000000E+0	259.990000E+0	837.791651E-3	27.000000E+0	2.015207E+6	2.015207E+6	297.322814E+3	297.322814E+3	1.000006E+0	
3.564439E+3	260.000000E+0	260.090000E+0	671.301659E-3	26.000000E+0	2.018056E+6	2.018056E+6	297.050514E+3	297.050514E+3	999.967000E-3	
3.569920E+3	260.000000E+0	260.190000E+0	499.404776E-3	27.000000E+0	2.000318E+6	2.000318E+6	298.864818E+3	298.864818E+3	999.999000E-3	
3.575403E+3	260.000000E+0	260.190000E+0	493.619151E-3	26.000000E+0	1.955672E+6	1.955672E+6	276.657931E+3	276.657931E+3	999.994000E-3	
3.580885E+3	260.000000E+0	260.270000E+0	695.129483E-3	26.000000E+0	1.968320E+6	1.968320E+6	279.466360E+3	279.466360E+3	999.946000E-3	
3.586378E+3	260.000000E+0	260.270000E+0	712.031153E-3	25.000000E+0	2.013421E+6	2.013421E+6	298.503332E+3	298.503332E+3	1.000207E+0	
3.591857E+3	260.000000E+0	260.370000E+0	676.825520E-3	25.000000E+0	1.976338E+6	1.976338E+6	290.093305E+3	290.093305E+3	999.770000E-3	
3.597339E+3	260.000000E+0	260.370000E+0	458.808488E-3	25.000000E+0	1.992350E+6	1.992350E+6	279.457774E+3	279.457774E+3	999.801000E-3	
3.602817E+3	260.000000E+0	260.370000E+0	467.780353E-3	23.000000E+0	1.938325E+6	1.938325E+6	268.504814E+3	268.504814E+3	1.000544E+0	
3.608319E+3	260.000000E+0	260.460000E+0	507.066121E-3	24.000000E+0	2.030367E+6	2.030367E+6	276.869401E+3	276.869401E+3	999.489000E-3	
3.613804E+3	260.000000E+0	260.460000E+0	361.434541E-3	23.000000E+0	2.050461E+6	2.050461E+6	291.277687E+3	291.277687E+3	999.805000E-3	
3.619781E+3	260.000000E+0	260.460000E+0	344.832304E-3	24.000000E+0	2.004729E+6	2.004729E+6	297.126448E+3	297.126448E+3	1.000079E+0	
3.625261E+3	260.000000E+0	260.560000E+0	331.083437E-3	23.000000E+0	2.042009E+6	2.042009E+6	301.827090E+3	301.827090E+3	1.000278E+0	
3.630743E+3	260.000000E+0	260.560000E+0	331.083437E-3	24.000000E+0	2.006663E+6	2.006663E+6	294.767570E+3	294.767570E+3	1.000181E+0	
3.636725E+3	260.000000E+0	260.560000E+0	347.118684E-3	23.000000E+0	1.936869E+6	1.936869E+6	285.154555E+3	285.154555E+3	1.000044E+0	
3.642204E+3	260.000000E+0	260.560000E+0	364.626577E-3	22.000000E+0	1.963764E+6	1.963764E+6	288.497104E+3	288.497104E+3	1.000243E+0	
3.647688E+3	260.000000E+0	260.640000E+0	364.626577E-3	22.000000E+0	1.974962E+6	1.974962E+6	274.789642E+3	274.789642E+3	999.884000E-3	
3.653669E+3	260.000000E+0	260.640000E+0	182.288358E-3	23.000000E+0	1.972801E+6	1.972801E+6	281.074471E+3	281.074471E+3	1.000289E+0	
3.659186E+3	260.000000E+0	260.640000E+0	145.937102E-3	22.000000E+0	1.994759E+6	1.994759E+6	282.463543E+3	282.463543E+3	999.913000E-3	
3.664669E+3	260.000000E+0	260.640000E+0	291.860895E-3	22.000000E+0	1.991944E+6	1.991944E+6	272.015654E+3	272.015654E+3	1.000195E+0	
3.670151E+3	260.000000E+0	260.640000E+0	291.860895E-3	22.000000E+0	2.024499E+6	2.024499E+6	284.949491E+3	284.949491E+3	1.000042E+0	
3.676139E+3	260.000000E+0	260.640000E+0	145.923793E-3	23.000000E+0	1.994429E+6	1.994429E+6	294.673807E+3	294.673807E+3	999.987000E-3	
3.681620E+3	260.000000E+0	260.640000E+0	0.000000E+0	23.000000E+0	1.991673E+6	1.991673E+6	291.865490E+3	291.865490E+3	1.000059E+0	
3.687099E+3	260.000000E+0	260.640000E+0	0.000000E+0	23.000000E+0	1.993509E+6	1.993509E+6	295.686063E+3	295.686063E+3	1.000004E+0	
3.692574E+3	260.000000E+0	260.640000E+0	0.000000E+0	23.000000E+0	2.050365E+6	2.050365E+6	288.759022E+3	288.759022E+3	999.922000E-3	
3.698056E+3	260.000000E+0	260.640000E+0	0.000000E+0	23.000000E+0	2.039466E+6	2.039466E+6	278.269117E+3	278.269117E+3	999.889000E-3	
3.703553E+3	260.000000E+0	260.640000E+0	0.000000E+0	23.000000E+0	2.008178E+6	2.008178E+6	273.360318E+3	273.360318E+3	999.691000E-3	
3.709083E+3	260.000000E+0	260.560000E+0	0.000000E+0	24.000000E+0	2.019279E+6	2.019279E+6	293.463115E+3	293.463115E+3	999.927000E-3	
3.714591E+3	260.000000E+0	260.560000E+0	0.000000E+0	24.000000E+0	1.983905E+6	1.983905E+6	288.627976E+3	288.627976E+3	999.888000E-3	
3.720078E+3	260.000000E+0	260.560000E+0	-139.571530E-3	23.000000E+0	1.956453E+6	1.956453E+6	276.600470E+3	276.600470E+3	999.943000E-3	
3.725565E+3	260.000000E+0	260.560000E+0	-279.167419E-3	24.000000E+0	2.012888E+6	2.012888E+6	281.135970E+3	281.135970E+3	999.560000E-3	
3.731048E+3	260.000000E+0	260.560000E+0	-279.167419E-3	23.000000E+0	2.029488E+6	2.029488E+6	274.770037E+3	274.770037E+3	999.462000E-3	
3.737034E+3	260.000000E+0	260.640000E+0	-139.595889E-3	23.000000E+0	2.070636E+6	2.070636E+6	294.778701E+3	294.778701E+3	999.765000E-3	
3.742525E+3	260.000000E+0	260.640000E+0	0.000000E+0	22.000000E+0	1.955607E+6	1.955607E+6	269.742682E+3	269.742682E+3	1.000156E+0	
3.748004E+3	260.000000E+0	260.560000E+0	145.459451E-3	24.000000E+0	1.950205E+6	1.950205E+6	267.078735E+3	267.078735E+3	1.000182E+0	
3.753491E+3	260.000000E+0	260.560000E+0	291.383244E-3	24.000000E+0	2.050276E+6	2.050276E+6	291.990774E+3	291.990774E+3	1.000022E+0	
3.758975E+3	260.000000E+0	260.560000E+0	151.896888E-3	24.000000E+0	2.063437E+6	2.063437E+6	304.067751E+3	304.067751E+3	999.570000E-3	
3.764452E+3	260.000000E+0	260.640000E+0	-133.073249E-3	24.000000E+0	2.010308E+6	2.010308E+6	295.816337E+3	295.816337E+3	1.000430E+0	
3.769938E+3	260.000000E+0	260.560000E+0	-278.997042E-3	24.000000E+0	2.029040E+6	2.029040E+6	300.049716E+3	300.049716E+3	999.911000E-3	
3.775919E+3	260.000000E+0	260.560000E+0	6.546318E-3	24.000000E+0	1.967993E+6	1.967993E+6	276.175573E+3	276.175573E+3	999.839000E-3	
3.781441E+3	260.000000E+0	260.560000E+0	146.057004E-3	24.000000E+0	2.009720E+6	2.009720E+6	275.156272E+3	275.156272E+3	999.896000E-3	
3.787447E+3	260.000000E+0	260.640000E+0	319.298764E-6	26.000000E+0	2.093605E+6	2.093605E+6	288.810361E+3	288.810361E+3	999.780000E-3	
3.792936E+3	260.000000E+0	260.560000E+0	-145.737705E-3	25.000000E+0	2.006778E+6	2.006778E+6	298.204578E+3	298.204578E+3	1.000359E+0	
3.798917E+3	260.000000E+0	260.560000E+0	-792.200550E-6	25.000000E+0	2.034349E+6	2.034349E+6	298.466720E+3	298.466720E+3	999.740000E-3	
3.804402E+3	260.000000E+0	260.560000E+0	144.945504E-3	25.000000E+0	1.968691E+6	1.968691E+6	276.669882E+3	276.669882E+3	1.000036E+0	
3.810379E+3	260.000000E+0	260.640000E+0	-858.605683E-6	25.000000E+0	1.987113E+6	1.987113E+6	291.616160E+3	291.616160E+3	999.975000E-3	
3.815863E+3	260.000000E+0	260.640000E+0	-145.804110E-3	24.000000E+0	1.954825E+6	1.954825E+6	282.907286E+3	282.907286E+3	1.000245E+0	
3.821855E+3	260.000000E+0	260.560000E+0	-6.293430E-3	25.000000E+0	2.038057E+6	2.038057E+6	287.135200E+3	287.135200E+3	1.000034E+0	
3.827352E+3	260.000000E+0	260.560000E+0	278.924106E-3	24.000000E+0	2.000188E+6	2.000188E+6	272.691285E+3	272.691285E+3	1.000434E+0	
3.832835E+3	260.000000E+0	260.560000E+0	133.080122E-3	24.000000E+0	2.062243E+6	2.062243E+6	280.260498E+3	280.260498E+3	999.858000E-3	
3.838319E+3	260.000000E+0	260.560000E+0	-152.341045E-3	26.000000E+0	1.995911E+6	1.995911E+6	272.103655E+3	272.103655E+3	999.732000E-3	
3.843801E+3	260.000000E+0	260.640000E+0	-291.754471E-3	24.000000E+0	1.999856E+6	1.999856E+6	270.747021E+3	270.747021E+3	1.000168E+0	
3.849782E+3	260.000000E+0	260.640000E+0	-145.910487E-3	24.000000E+0	2.002154E+6	2.002154E+6	270.167781E+3	270.167781E+3	999.996000E-3	
3.855291E+3	260.000000E+0	260.560000E+0	145.950420E-3	25.000000E+0	2.082802E+6	2.082802E+6	289.935193E+3	289.935193E+3	999.516000E-3	
3.860767E+3	260.000000E+0	260.560000E+0	285.485436E-3	25.000000E+0	1.979739E+6	1.979739E+6	268.905276E+3	268.905276E+3	1.000065E+0	
3.866251E+3	260.000000E+0	260.640000E+0	146.399241E-3	25.000000E+0	2.086849E+6	2.086849E+6	298.082664E+3	298.082664E+3	999.705000E-3	
3.871778E+3	260.000000E+0	260.640000E+0	-138.347785E-3	25.000000E+0	2.026813E+6	2.026813E+6	299.366524E+3	299.366524E+3	999.847000E-3	
3.877257E+3	260.000000E+0	260.640000E+0	-138.687702E-3	25.000000E+0	2.001252E+6	2.001252E+6	294.233193E+3	294.233193E+3	1.000486E+0	
3.882738E+3	260.000000E+0	260.640000E+0	139.884845E-3	25.000000E+0	2.131396E+6	2.131396E+6	313.354938E+3	313.354938E+3	999.710000E-3	
3.888235E+3	260.000000E+0	260.640000E+0	278.681450E-3	24.000000E+0	2.085667E+6	2.085667E+6	297.437636E+3	297.437636E+3	999.952000E-3	
3.894227E+3	260.000000E+0	260.560000E+0	139.486351E-3	24.000000E+0	1.973077E+6	1.973077E+6	269.732273E+3	269.732273E+3	1.000074E+0	
3.899712E+3	260.000000E+0	260.640000E+0	0.000000E+0	25.000000E+0	2.058323E+6	2.058323E+6	281.301206E+3	281.301206E+3	999.892000E-3	
3.905192E+3	260.000000E+0	260.640000E+0	-139.425574E-3	25.000000E+0	2.083074E+6	2.083074E+6	293.143994E+3	293.143994E+3	1.000063E+0	
3.910676E+3	260.000000E+0	260.640000E+0	-139.425574E-3	25.000000E+0	2.041756E+6	2.041756E+6	303.771640E+3	303.771640E+3	1.000134E+0	
3.916660E+3	260.000000E+0	260.640000E+0	6.285582E-3	26.000000E+0	1.988155E+6	1.988155E+6	278.923245E+3	278.923245E+3	999.843000E-3	
3.922144E+3	260.000000E+0	260.640000E+0	145.711156E-3	25.000000E+0	1.977046E+6	1.977046E+6	268.512624E+3	268.512624E+3	999.970000E-3	
3.928155E+3	260.000000E+0	260.640000E+0	145.711156E-3	24.000000E+0	2.001756E+6	2.001756E+6	294.090682E+3	294.090682E+3	999.977000E-3	
3.933651E+3	260.000000E+0	260.640000E+0	0.000000E+0	25.000000E+0	2.061836E+6	2.061836E+6	282.815786E+3	282.815786E+3	999.949000E-3	
3.939134E+3	260.000000E+0	260.640000E+0	0.000000E+0	24.000000E+0	2.075400E+6	2.075400E+6	294.489423E+3	294.489423E+3	999.741000E-3	
3.944628E+3	260.000000E+0	260.640000E+0	0.000000E+0	25.000000E+0	1.988181E+6	1.988181E+6	283.168661E+3	283.168661E+3	1.000095E+0	
3.950113E+3	260.000000E+0	260.560000E+0	0.000000E+0	26.000000E+0	2.009187E+6	2.009187E+6	279.855530E+3	279.855530E+3	999.932000E-3	
3.955592E+3	260.000000E+0	260.640000E+0	0.000000E+0	25.000000E+0	2.045585E+6	2.045585E+6	301.667689E+3	301.667689E+3	1.000291E+0	
3.961074E+3	260.000000E+0	260.640000E+0	-145.380143E-3	25.000000E+0	2.059638E+6	2.059638E+6	302.108006E+3	302.108006E+3	1.000016E+0	
3.966546E+3	260.000000E+0	260.640000E+0	-145.380143E-3	24.000000E+0	1.971846E+6	1.971846E+6	268.239446E+3	268.239446E+3	1.000061E+0	
3.972530E+3	260.000000E+0	260.640000E+0	357.555113E-6	26.000000E+0	2.032954E+6	2.032954E+6	271.452974E+3	271.452974E+3	999.705000E-3	
3.978015E+3	260.000000E+0	260.640000E+0	145.737698E-3	24.000000E+0	2.048352E+6	2.048352E+6	276.734823E+3	276.734823E+3	999.780000E-3	
3.983997E+3	260.000000E+0	260.640000E+0	145.737698E-3	26.000000E+0	2.045153E+6	2.045153E+6	276.087312E+3	276.087312E+3	1.000182E+0	
3.989480E+3	260.000000E+0	260.640000E+0	0.000000E+0	24.000000E+0	2.063304E+6	2.063304E+6	287.451514E+3	287.451514E+3	1.000042E+0	
3.995001E+3	260.000000E+0	260.640000E+0	0.000000E+0	26.000000E+0	2.078539E+6	2.078539E+6	303.650015E+3	303.650015E+3	999.403000E-3	
4.000511E+3	260.000000E+0	260.640000E+0	0.000000E+0	24.000000E+0	2.030757E+6	2.030757E+6	273.960873E+3	273.960873E+3	999.620000E-3	
4.005987E+3	260.000000E+0	260.640000E+0	0.000000E+0	26.000000E+0	2.032249E+6	2.032249E+6	276.729183E+3	276.729183E+3	1.000151E+0	
4.011490E+3	260.000000E+0	260.640000E+0	0.000000E+0	26.000000E+0	2.014239E+6	2.014239E+6	269.499839E+3	269.499839E+3	999.949000E-3	
4.016967E+3	260.000000E+0	260.640000E+0	0.000000E+0	26.000000E+0	1.988132E+6	1.988132E+6	269.726011E+3	269.726011E+3	999.911000E-3	
4.022448E+3	260.000000E+0	260.640000E+0	0.000000E+0	27.000000E+0	2.017267E+6	2.017267E+6	271.660548E+3	271.660548E+3	1.000040E+0	
4.027933E+3	260.000000E+0	260.640000E+0	0.000000E+0	26.000000E+0	2.095192E+6	2.095192E+6	300.312284E+3	300.312284E+3	999.679000E-3	
4.033423E+3	260.000000E+0	260.640000E+0	0.000000E+0	24.000000E+0	2.028477E+6	2.028477E+6	273.364837E+3	273.364837E+3	1.000181E+0	
4.038904E+3	260.000000E+0	260.640000E+0	0.000000E+0	26.000000E+0	2.042656E+6	2.042656E+6	273.255434E+3	273.255434E+3	999.921000E-3	
a